TYPE = NURBS

GLOBAL_S = [0 0 0 0 0.0156423 0.0234634 0.0312845 0.0391057 0.0469268 0.0547479 0.0625691 0.0703902 0.0770446 0.0825322 0.086853 0.0911738 0.0954946 0.0998154 0.104136 0.108457 0.112778 0.117099 0.122901 0.130186 0.138952 0.147719 0.156485 0.165252 0.174018 0.182785 0.191551 0.200318 0.209084 0.217851 0.226617 0.235384 0.24415 0.252916 0.261683 0.270449 0.279216 0.287982 0.299462 0.313655 0.33056 0.347466 0.364372 0.381277 0.398183 0.415089 0.431995 0.4489 0.477977 0.519225 0.572645 0.626064 0.679484 0.732903 0.786322 0.839742 0.893161 1.0 1.0 1.0 1.0]

GLOBAL_T = [0 0 0 0 1 1 1 1]

GLOBAL_U = [0.0]

DEGREE_S = 3
DEGREE_T = 3
DEGREE_U = 0

NUM_CP = 244
-152.093 3.15185e-022 0 1
-145.401 4.54242e-005 0 1
-135.362 -9.08484e-005 0 1
-121.977 0.000136273 0 1
-111.938 -0.000511022 0 1
-101.9 0.00190782 0 1
-91.8597 -0.00712024 0 1
-81.8261 0.0265732 0 1
-71.7683 -0.0991724 0 1
-62.2967 0.34678 0 1
-53.5501 -1.00242 0 1
-46.8998 1.57902 0 1
-41.1142 3.28336 0 1
-35.8233 4.95761 0 1
-30.5278 6.60241 0 1
-25.2335 8.25437 0 1
-19.9391 9.90712 0 1
-14.6441 11.5496 0 1
-9.35168 13.2324 0 1
-3.44305 14.939 0 1
3.61876 17.8845 0 1
12.9984 13.8587 0 1
23.4091 12.9056 0 1
34.5162 10.7731 0 1
45.6033 8.94143 0 1
56.6957 7.02915 0 1
67.7867 5.13846 0 1
78.8781 3.24199 0 1
89.9694 1.34707 0 1
101.061 -0.548269 0 1
112.152 -2.4435 0 1
123.243 -4.33875 0 1
134.335 -6.234 0 1
145.426 -8.12925 0 1
156.517 -10.0245 0 1
167.609 -11.9197 0 1
178.7 -13.8152 0 1
189.791 -15.7095 0 1
200.882 -17.6082 0 1
213.12 -19.6849 0 1
227.632 -22.2412 0 1
245.692 -24.6587 0 1
265.999 -27.7217 0 1
287.472 -30.854 0 1
308.939 -34.0141 0 1
330.408 -37.1666 0 1
351.877 -40.3217 0 1
373.345 -43.4739 0 1
394.813 -46.6353 0 1
421.438 -50.5131 0 1
458.332 -56.1894 0 1
511.233 -59.6357 0 1
574.211 -66.4572 0 1
642.473 -72.9567 0 1
710.705 -79.6928 0 1
778.946 -86.3654 0 1
847.184 -93.0551 0 1
915.423 -99.7401 0 1
1006.41 -108.655 0 1
1074.65 -115.341 0 1
1120.14 -119.799 0 1
-152.093 5.0003 0 1
-145.401 5.00035 0 1
-135.362 5.00021 0 1
-121.977 5.00044 0 1
-111.939 4.99979 0 1
-101.898 5.00221 0 1
-91.8659 4.99318 0 1
-81.8032 5.02682 0 1
-71.8503 4.90046 0 1
-62.0491 5.34095 0 1
-53.949 3.98195 0 1
-48.529 6.30646 0 1
-42.573 8.06611 0 1
-37.3192 9.72891 0 1
-32.0141 11.3767 0 1
-26.7232 13.0276 0 1
-21.4248 14.6816 0 1
-16.1424 16.3201 0 1
-10.7999 18.0184 0 1
-5.13121 19.6457 0 1
3.94661 22.8741 0 1
14.2184 18.7079 0 1
24.1189 17.8552 0 1
35.3954 15.6955 0 1
46.4356 13.872 0 1
57.5406 11.9576 0 1
68.6283 10.0674 0 1
79.7205 8.17082 0 1
90.8116 6.27594 0 1
101.903 4.38059 0 1
112.994 2.48536 0 1
124.086 0.590108 0 1
135.177 -1.30514 0 1
146.268 -3.20039 0 1
157.359 -5.09565 0 1
168.451 -6.99085 0 1
179.542 -8.88631 0 1
190.634 -10.7808 0 1
201.722 -12.679 0 1
213.973 -14.758 0 1
228.387 -17.2982 0 1
246.399 -19.7087 0 1
266.733 -22.7755 0 1
288.197 -25.9065 0 1
309.667 -29.067 0 1
331.135 -32.2194 0 1
352.603 -35.3745 0 1
374.073 -38.5268 0 1
395.537 -41.6877 0 1
422.182 -45.5684 0 1
458.837 -51.2147 0 1
511.675 -54.6549 0 1
574.716 -61.4825 0 1
642.955 -67.9798 0 1
711.194 -74.7164 0 1
779.433 -81.3889 0 1
847.672 -88.0786 0 1
915.911 -94.7637 0 1
1006.9 -103.679 0 1
1075.13 -110.365 0 1
1120.14 -114.798 0 1
-152.093 45.0027 0 1
-145.402 45.0011 0 1
-135.363 44.9986 0 1
-121.978 44.9954 0 1
-111.939 44.9929 0 1
-101.901 44.9905 0 1
-91.8609 44.988 0 1
-81.8274 44.9856 0 1
-71.7695 44.9831 0 1
-62.2979 44.9808 0 1
-53.5514 44.9787 0 1
-46.901 44.977 0 1
-41.1154 44.9756 0 1
-35.8245 44.9743 0 1
-30.5291 44.9731 0 1
-25.2346 44.9718 0 1
-19.9407 44.9705 0 1
-14.6439 44.9692 0 1
-9.35793 44.9679 0 1
-3.42277 44.9664 0 1
3.49378 44.9648 0 1
14.2313 44.9621 0 1
25.4624 44.9594 0 1
37.6627 44.9564 0 1
49.7831 44.9535 0 1
61.9245 44.9503 0 1
74.0614 44.9484 0 1
86.1956 44.9412 0 1
98.3454 44.9542 0 1
110.435 44.8918 0 1
122.745 45.1127 0 1
133.449 44.2882 0 1
144.809 43.7347 0 1
155.991 43.1093 0 1
167.221 42.5031 0 1
178.438 41.8918 0 1
189.659 41.282 0 1
200.878 40.6715 0 1 
212.099 40.0621 0 1
224.474 39.3858 0 1
239.169 38.6038 0 1
257.104 37.4791 0 1
277.456 36.2812 0 1
298.915 34.9943 0 1
320.386 33.713 0 1
341.854 32.4302 0 1
363.323 31.1479 0 1
384.791 29.8654 0 1
406.261 28.5829 0 1
432.875 26.9925 0 1
469.854 24.7881 0 1
521.233 21.6412 0 1
583.357 17.8864 0 1
650.377 13.8194 0 1
717.453 9.75335 0 1
784.514 5.68705 0 1
851.58 1.62083 0 1
918.644 -2.44542 0 1
1008.06 -7.86707 0 1
1075.13 -11.9333 0 1
1120.14 -14.6533 0 1
-152.093 50.003 0 1
-145.401 50.0014 0 1
-135.362 49.9989 0 1
-121.977 49.9957 0 1
-111.938 49.9932 0 1 
-101.9 49.9908 0 1
-91.8597 49.9883 0 1
-81.8261 49.9859 0 1
-71.7683 49.9834 0 1
-62.2967 49.9811 0 1
-53.5501 49.979 0 1
-46.8998 49.9773 0 1
-41.1142 49.9759 0 1
-35.8232 49.9746 0 1
-30.5278 49.9734 0 1
-25.2334 49.9721 0 1
-19.9395 49.9708 0 1
-14.6427 49.9695 0 1
-9.35671 49.9682 0 1
-3.42155 49.9667 0 1
3.495 49.9651 0 1
14.2325 49.9624 0 1
25.4636 49.9597 0 1
37.6639 49.9567 0 1
49.7843 49.9538 0 1
61.9256 49.9506 0 1
74.0633 49.9487 0 1
86.1944 49.9415 0 1
98.3556 49.9545 0 1
110.403 49.892 0 1
122.876 50.1113 0 1
133.76 49.2788 0 1
145.07 48.7282 0 1
156.265 48.102 0 1
167.492 47.4961 0 1
178.71 46.8848 0 1
189.93 46.2749 0 1
201.15 45.6644 0 1
212.371 45.055 0 1 
224.743 44.3789 0 1
239.461 43.5955 0 1
257.406 42.4702 0 1
277.753 41.2727 0 1
299.214 39.9856 0 1
320.684 38.7044 0 1
342.152 37.4216 0 1
363.621 36.1393 0 1
385.089 34.8568 0 1
406.56 33.5743 0 1
433.173 31.984 0 1
470.157 29.7793 0 1
521.536 26.6322 0 1 
583.659 22.8775 0 1
650.68 18.8105 0 1
717.756 14.7445 0 1
784.817 10.6782 0 1
851.882 6.61196 0 1
918.947 2.54572 0 1
1008.37 -2.87593 0 1
1075.43 -6.94217 0 1
1120.14 -9.653 0 1
