           3
 2 1 2
   9   2  11
  0.000000000  0.000000000  0.000000000  0.250000000  0.250000000  0.500000000  0.500000000  0.750000000  0.750000000  1.000000000  1.000000000  1.000000000
  0.000000000  0.000000000  1.000000000  1.000000000
  0.336575053  0.336575053  0.336575053  0.337091849  0.337608645  0.338125440  0.338642236  0.339159032  0.339675828  0.340192624  0.340709420  0.341226216  0.341226216  0.341226216
 -0.167503350180E+02 -0.200010371190E+02  0.422099295270E+02  0.100000000000E+01
 -0.167503350180E+02 -0.200010371190E+02  0.422099295270E+02  0.707106379743E+00
 -0.167503350180E+02 -0.200010371190E+02  0.422099295270E+02  0.100000000000E+01
 -0.167503350180E+02 -0.200010371190E+02  0.422099295270E+02  0.707107299834E+00
 -0.167503350180E+02 -0.200010371190E+02  0.422099295270E+02  0.100000000000E+01
 -0.167503350180E+02 -0.200010371190E+02  0.422099295270E+02  0.707107082929E+00
 -0.167503350180E+02 -0.200010371190E+02  0.422099295270E+02  0.100000000000E+01
 -0.167503350180E+02 -0.200010371190E+02  0.422099295270E+02  0.707105830649E+00
 -0.167503350180E+02 -0.200010371190E+02  0.422099295270E+02  0.100000000000E+01
 -0.165720978640E+02 -0.199843431090E+02  0.418505087160E+02  0.100000000000E+01
 -0.162070631070E+02 -0.202878560770E+02  0.419940413860E+02  0.707106379743E+00
 -0.162425581830E+02 -0.204355087740E+02  0.424415575900E+02  0.100000000000E+01
 -0.165574104550E+02 -0.203873330990E+02  0.428741654960E+02  0.707107299834E+00
 -0.170228421790E+02 -0.200265615890E+02  0.427594475790E+02  0.100000000000E+01
 -0.168390131590E+02 -0.193928950340E+02  0.429214429650E+02  0.707107082929E+00
 -0.165445055130E+02 -0.193482250610E+02  0.423423238330E+02  0.100000000000E+01
 -0.164131371210E+02 -0.195197602070E+02  0.419185541870E+02  0.707105830649E+00
 -0.165720978640E+02 -0.199843431090E+02  0.418505087160E+02  0.100000000000E+01
 -0.164809532850E+02 -0.199473702500E+02  0.423471397440E+02  0.100000000000E+01
 -0.164809532850E+02 -0.199473702500E+02  0.423471397440E+02  0.707106609970E+00
 -0.164809532850E+02 -0.199473702500E+02  0.423471397440E+02  0.100000000000E+01
 -0.164809532850E+02 -0.199473702500E+02  0.423471397440E+02  0.707108031478E+00
 -0.164809532850E+02 -0.199473702500E+02  0.423471397440E+02  0.100000000000E+01
 -0.164809532850E+02 -0.199473702500E+02  0.423471397440E+02  0.707107602019E+00
 -0.164809532850E+02 -0.199473702500E+02  0.423471397440E+02  0.100000000000E+01
 -0.164809532850E+02 -0.199473702500E+02  0.423471397440E+02  0.707105913741E+00
 -0.164809532850E+02 -0.199473702500E+02  0.423471397440E+02  0.100000000000E+01
 -0.163159314990E+02 -0.199320644930E+02  0.420107773390E+02  0.100000000000E+01
 -0.160932157990E+02 -0.202012939810E+02  0.421659336050E+02  0.707106609970E+00
 -0.161271185580E+02 -0.203320738780E+02  0.425032284050E+02  0.100000000000E+01
 -0.163603177070E+02 -0.202992240210E+02  0.428640847940E+02  0.707108031478E+00
 -0.167114463140E+02 -0.199687491440E+02  0.428169554870E+02  0.100000000000E+01
 -0.165924638170E+02 -0.194365191470E+02  0.429052494590E+02  0.707107602019E+00
 -0.163584749830E+02 -0.194094646210E+02  0.424317067290E+02  0.100000000000E+01
 -0.162136251570E+02 -0.195257953650E+02  0.420540934950E+02  0.707105913741E+00
 -0.163159314990E+02 -0.199320644930E+02  0.420107773390E+02  0.100000000000E+01
 -0.162093146010E+02 -0.198932681100E+02  0.424796433160E+02  0.100000000000E+01
 -0.162093146010E+02 -0.198932681100E+02  0.424796433160E+02  0.707106770859E+00
 -0.162093146010E+02 -0.198932681100E+02  0.424796433160E+02  0.100000000000E+01
 -0.162093146010E+02 -0.198932681100E+02  0.424796433160E+02  0.707108399163E+00
 -0.162093146010E+02 -0.198932681100E+02  0.424796433160E+02  0.100000000000E+01
 -0.162093146010E+02 -0.198932681100E+02  0.424796433160E+02  0.707107529867E+00
 -0.162093146010E+02 -0.198932681100E+02  0.424796433160E+02  0.100000000000E+01
 -0.162093146010E+02 -0.198932681100E+02  0.424796433160E+02  0.707105542539E+00
 -0.162093146010E+02 -0.198932681100E+02  0.424796433160E+02  0.100000000000E+01
 -0.160744214970E+02 -0.198813581500E+02  0.421904272690E+02  0.100000000000E+01
 -0.159286461860E+02 -0.201185179710E+02  0.423155434360E+02  0.707106770859E+00
 -0.159540369740E+02 -0.202431941310E+02  0.425842972280E+02  0.100000000000E+01
 -0.161392649670E+02 -0.202195059700E+02  0.429113429850E+02  0.707108399163E+00
 -0.163868379670E+02 -0.199089430590E+02  0.428602648080E+02  0.100000000000E+01
 -0.163196863510E+02 -0.195061004650E+02  0.428860893500E+02  0.707107529867E+00
 -0.161466741460E+02 -0.194642041430E+02  0.425265300230E+02  0.100000000000E+01
 -0.160240129850E+02 -0.195426405650E+02  0.422253492470E+02  0.707105542539E+00
 -0.160744214970E+02 -0.198813581500E+02  0.421904272690E+02  0.100000000000E+01
 -0.159346335780E+02 -0.198385079750E+02  0.426054208510E+02  0.100000000000E+01
 -0.159346335780E+02 -0.198385079750E+02  0.426054208510E+02  0.707109013754E+00
 -0.159346335780E+02 -0.198385079750E+02  0.426054208510E+02  0.100000000000E+01
 -0.159346335780E+02 -0.198385079750E+02  0.426054208510E+02  0.707105535229E+00
 -0.159346335780E+02 -0.198385079750E+02  0.426054208510E+02  0.100000000000E+01
 -0.159346335780E+02 -0.198385079750E+02  0.426054208510E+02  0.707104105996E+00
 -0.159346335780E+02 -0.198385079750E+02  0.426054208510E+02  0.100000000000E+01
 -0.159346335780E+02 -0.198385079750E+02  0.426054208510E+02  0.707107694514E+00
 -0.159346335780E+02 -0.198385079750E+02  0.426054208510E+02  0.100000000000E+01
 -0.158270764690E+02 -0.198297945820E+02  0.423564846550E+02  0.100000000000E+01
 -0.157310387790E+02 -0.200342558810E+02  0.424460148320E+02  0.707109013754E+00
 -0.157698339810E+02 -0.201263937370E+02  0.426665462670E+02  0.100000000000E+01
 -0.158965394210E+02 -0.201080676250E+02  0.429177955970E+02  0.707105535229E+00
 -0.160541000060E+02 -0.198481875510E+02  0.428819187460E+02  0.100000000000E+01
 -0.160125320470E+02 -0.196106619060E+02  0.428364081480E+02  0.707104105996E+00
 -0.159148526540E+02 -0.195372703750E+02  0.426245107570E+02  0.100000000000E+01
 -0.158193226770E+02 -0.195614132180E+02  0.423965088140E+02  0.707107694514E+00
 -0.158270764690E+02 -0.198297945820E+02  0.423564846550E+02  0.100000000000E+01
 -0.156557212340E+02 -0.197826868110E+02  0.427209678000E+02  0.100000000000E+01
 -0.156557212340E+02 -0.197826868110E+02  0.427209678000E+02  0.707107771639E+00
 -0.156557212340E+02 -0.197826868110E+02  0.427209678000E+02  0.100000000000E+01
 -0.156557212340E+02 -0.197826868110E+02  0.427209678000E+02  0.707102960890E+00
 -0.156557212340E+02 -0.197826868110E+02  0.427209678000E+02  0.100000000000E+01
 -0.156557212340E+02 -0.197826868110E+02  0.427209678000E+02  0.707105977558E+00
 -0.156557212340E+02 -0.197826868110E+02  0.427209678000E+02  0.100000000000E+01
 -0.156557212340E+02 -0.197826868110E+02  0.427209678000E+02  0.707109360720E+00
 -0.156557212340E+02 -0.197826868110E+02  0.427209678000E+02  0.100000000000E+01
 -0.155655259290E+02 -0.197766083410E+02  0.424840801760E+02  0.100000000000E+01
 -0.155134593900E+02 -0.199453378600E+02  0.425628278010E+02  0.707107771639E+00
 -0.155771060990E+02 -0.199626512280E+02  0.427462821960E+02  0.100000000000E+01
 -0.156462282270E+02 -0.199526906680E+02  0.429095320380E+02  0.707102960890E+00
 -0.157217622780E+02 -0.197871364510E+02  0.428944126460E+02  0.100000000000E+01
 -0.157167233020E+02 -0.196169728590E+02  0.428773709990E+02  0.707105977558E+00
 -0.156594731080E+02 -0.195481600660E+02  0.427255553270E+02  0.100000000000E+01
 -0.155696248340E+02 -0.195131131770E+02  0.424889315860E+02  0.707109360720E+00
 -0.155655259290E+02 -0.197766083410E+02  0.424840801760E+02  0.100000000000E+01
 -0.153709534550E+02 -0.197250347240E+02  0.428200557150E+02  0.100000000000E+01
 -0.153709534550E+02 -0.197250347240E+02  0.428200557150E+02  0.707104835164E+00
 -0.153709534550E+02 -0.197250347240E+02  0.428200557150E+02  0.100000000000E+01
 -0.153709534550E+02 -0.197250347240E+02  0.428200557150E+02  0.707108890463E+00
 -0.153709534550E+02 -0.197250347240E+02  0.428200557150E+02  0.100000000000E+01
 -0.153709534550E+02 -0.197250347240E+02  0.428200557150E+02  0.707108388885E+00
 -0.153709534550E+02 -0.197250347240E+02  0.428200557150E+02  0.100000000000E+01
 -0.153709534550E+02 -0.197250347240E+02  0.428200557150E+02  0.707105166945E+00
 -0.153709534550E+02 -0.197250347240E+02  0.428200557150E+02  0.100000000000E+01
 -0.152928134360E+02 -0.197221743620E+02  0.425619736980E+02  0.100000000000E+01
 -0.152470867550E+02 -0.199185782740E+02  0.426314626860E+02  0.707104835164E+00
 -0.153091116980E+02 -0.199211069600E+02  0.428366077580E+02  0.100000000000E+01
 -0.153693471940E+02 -0.198883212960E+02  0.429966006680E+02  0.707108890463E+00
 -0.154267815540E+02 -0.197270783200E+02  0.430044469940E+02  0.100000000000E+01
 -0.154439406490E+02 -0.195330782270E+02  0.429908738060E+02  0.707108388885E+00
 -0.153965641250E+02 -0.194777218090E+02  0.428150437130E+02  0.100000000000E+01
 -0.153148539050E+02 -0.194357066570E+02  0.425310841850E+02  0.707105166945E+00
 -0.152928134360E+02 -0.197221743620E+02  0.425619736980E+02  0.100000000000E+01
 -0.150794315860E+02 -0.196642089110E+02  0.428943735730E+02  0.100000000000E+01
 -0.150794315860E+02 -0.196642089110E+02  0.428943735730E+02  0.707105814306E+00
 -0.150794315860E+02 -0.196642089110E+02  0.428943735730E+02  0.100000000000E+01
 -0.150794315860E+02 -0.196642089110E+02  0.428943735730E+02  0.707109011668E+00
 -0.150794315860E+02 -0.196642089110E+02  0.428943735730E+02  0.100000000000E+01
 -0.150794315860E+02 -0.196642089110E+02  0.428943735730E+02  0.707107386295E+00
 -0.150794315860E+02 -0.196642089110E+02  0.428943735730E+02  0.100000000000E+01
 -0.150794315860E+02 -0.196642089110E+02  0.428943735730E+02  0.707104912471E+00
 -0.150794315860E+02 -0.196642089110E+02  0.428943735730E+02  0.100000000000E+01
 -0.150139987810E+02 -0.196664854650E+02  0.425815825090E+02  0.100000000000E+01
 -0.149720168510E+02 -0.199227953060E+02  0.426433376270E+02  0.707105814306E+00
 -0.150257692090E+02 -0.199279425050E+02  0.429075194700E+02  0.100000000000E+01
 -0.150803087550E+02 -0.198803910400E+02  0.431212235450E+02  0.707109011668E+00
 -0.151336794450E+02 -0.196623223350E+02  0.431536995760E+02  0.100000000000E+01
 -0.151827867460E+02 -0.194075356630E+02  0.431278301480E+02  0.707107386295E+00
 -0.151448997970E+02 -0.193424537690E+02  0.428783382480E+02  0.100000000000E+01
 -0.150776828970E+02 -0.193530062670E+02  0.425654761220E+02  0.707104912471E+00
 -0.150139987810E+02 -0.196664854650E+02  0.425815825090E+02  0.100000000000E+01
 -0.147835754060E+02 -0.196006344980E+02  0.429460469670E+02  0.100000000000E+01
 -0.147835754060E+02 -0.196006344980E+02  0.429460469670E+02  0.707104399489E+00
 -0.147835754060E+02 -0.196006344980E+02  0.429460469670E+02  0.100000000000E+01
 -0.147835754060E+02 -0.196006344980E+02  0.429460469670E+02  0.707107768562E+00
 -0.147835754060E+02 -0.196006344980E+02  0.429460469670E+02  0.100000000000E+01
 -0.147835754060E+02 -0.196006344980E+02  0.429460469670E+02  0.707108977567E+00
 -0.147835754060E+02 -0.196006344980E+02  0.429460469670E+02  0.100000000000E+01
 -0.147835754060E+02 -0.196006344980E+02  0.429460469670E+02  0.707105979126E+00
 -0.147835754060E+02 -0.196006344980E+02  0.429460469670E+02  0.100000000000E+01
 -0.147311046690E+02 -0.196082471080E+02  0.425802386380E+02  0.100000000000E+01
 -0.146712271120E+02 -0.199359303710E+02  0.426336124150E+02  0.707104399489E+00
 -0.147166218070E+02 -0.199378657860E+02  0.429626708970E+02  0.100000000000E+01
 -0.147678073140E+02 -0.198732730100E+02  0.432351486850E+02  0.707107768562E+00
 -0.148335727960E+02 -0.195933789220E+02  0.432946198390E+02  0.100000000000E+01
 -0.148989717080E+02 -0.192504529390E+02  0.432584244830E+02  0.707108977567E+00
 -0.148613027310E+02 -0.192091329050E+02  0.429267515510E+02  0.100000000000E+01
 -0.148044341420E+02 -0.192514908280E+02  0.425806182670E+02  0.707105979126E+00
 -0.147311046690E+02 -0.196082471080E+02  0.425802386380E+02  0.100000000000E+01
 -0.144826529890E+02 -0.195481534340E+02  0.429757921100E+02  0.100000000000E+01
 -0.144826529890E+02 -0.195481534340E+02  0.429757921100E+02  0.707106498332E+00
 -0.144826529890E+02 -0.195481534340E+02  0.429757921100E+02  0.100000000000E+01
 -0.144826529890E+02 -0.195481534340E+02  0.429757921100E+02  0.707106241516E+00
 -0.144826529890E+02 -0.195481534340E+02  0.429757921100E+02  0.100000000000E+01
 -0.144826529890E+02 -0.195481534340E+02  0.429757921100E+02  0.707107047909E+00
 -0.144826529890E+02 -0.195481534340E+02  0.429757921100E+02  0.100000000000E+01
 -0.144826529890E+02 -0.195481534340E+02  0.429757921100E+02  0.707107336990E+00
 -0.144826529890E+02 -0.195481534340E+02  0.429757921100E+02  0.100000000000E+01
 -0.144568772740E+02 -0.195617005470E+02  0.425793099730E+02  0.100000000000E+01
 -0.144143578130E+02 -0.199114325610E+02  0.426683596100E+02  0.707106498332E+00
 -0.144218411840E+02 -0.200007861510E+02  0.429952115970E+02  0.100000000000E+01
 -0.144553957300E+02 -0.199176331690E+02  0.433626450570E+02  0.707106241516E+00
 -0.145094266630E+02 -0.195340804280E+02  0.433876346190E+02  0.100000000000E+01
 -0.145557970940E+02 -0.191671932340E+02  0.433234764200E+02  0.707107047909E+00
 -0.145485993320E+02 -0.190572974400E+02  0.429547323830E+02  0.100000000000E+01
 -0.145195434250E+02 -0.190629608310E+02  0.424859797560E+02  0.707107336990E+00
 -0.144568772740E+02 -0.195617005470E+02  0.425793099730E+02  0.100000000000E+01
 -0.141772630550E+02 -0.195188986140E+02  0.429847754620E+02  0.100000000000E+01
 -0.141772630550E+02 -0.195188986140E+02  0.429847754620E+02  0.707106260746E+00
 -0.141772630550E+02 -0.195188986140E+02  0.429847754620E+02  0.100000000000E+01
 -0.141772630550E+02 -0.195188986140E+02  0.429847754620E+02  0.707106299645E+00
 -0.141772630550E+02 -0.195188986140E+02  0.429847754620E+02  0.100000000000E+01
 -0.141772630550E+02 -0.195188986140E+02  0.429847754620E+02  0.707107402677E+00
 -0.141772630550E+02 -0.195188986140E+02  0.429847754620E+02  0.100000000000E+01
 -0.141772630550E+02 -0.195188986140E+02  0.429847754620E+02  0.707107161678E+00
 -0.141772630550E+02 -0.195188986140E+02  0.429847754620E+02  0.100000000000E+01
 -0.141750652050E+02 -0.195348097260E+02  0.425867252590E+02  0.100000000000E+01
 -0.141537567620E+02 -0.199155783690E+02  0.426608620520E+02  0.707106260746E+00
 -0.141483408290E+02 -0.200311168560E+02  0.430054106220E+02  0.100000000000E+01
 -0.141533866060E+02 -0.199665445060E+02  0.434322082820E+02  0.707106299645E+00
 -0.141795701810E+02 -0.195021982730E+02  0.434025407780E+02  0.100000000000E+01
 -0.142041963400E+02 -0.190667617670E+02  0.433970367830E+02  0.707107402677E+00
 -0.142084710610E+02 -0.189662051560E+02  0.429625099400E+02  0.100000000000E+01
 -0.142049812210E+02 -0.189979547940E+02  0.424431555210E+02  0.707107161678E+00
 -0.141750652050E+02 -0.195348097260E+02  0.425867252590E+02  0.100000000000E+01
 -0.138704033360E+02 -0.195116748870E+02  0.429802362580E+02  0.100000000000E+01
 -0.138704033360E+02 -0.195116748870E+02  0.429802362580E+02  0.707106939971E+00
 -0.138704033360E+02 -0.195116748870E+02  0.429802362580E+02  0.100000000000E+01
 -0.138704033360E+02 -0.195116748870E+02  0.429802362580E+02  0.707106589065E+00
 -0.138704033360E+02 -0.195116748870E+02  0.429802362580E+02  0.100000000000E+01
 -0.138704033360E+02 -0.195116748870E+02  0.429802362580E+02  0.707106681914E+00
 -0.138704033360E+02 -0.195116748870E+02  0.429802362580E+02  0.100000000000E+01
 -0.138704033360E+02 -0.195116748870E+02  0.429802362580E+02  0.707106913797E+00
 -0.138704033360E+02 -0.195116748870E+02  0.429802362580E+02  0.100000000000E+01
 -0.138787253050E+02 -0.195230782450E+02  0.427016357000E+02  0.100000000000E+01
 -0.138787008630E+02 -0.198134292220E+02  0.427621753340E+02  0.707106939971E+00
 -0.138726248110E+02 -0.199673438920E+02  0.429989533300E+02  0.100000000000E+01
 -0.138609428700E+02 -0.199164204000E+02  0.433828546490E+02  0.707106589065E+00
 -0.138597081490E+02 -0.194970197060E+02  0.433382827510E+02  0.100000000000E+01
 -0.138566863430E+02 -0.190990413280E+02  0.433584473890E+02  0.707106681914E+00
 -0.138678342570E+02 -0.189847257690E+02  0.429585908440E+02  0.100000000000E+01
 -0.138812602680E+02 -0.190637311490E+02  0.425215861930E+02  0.707106913797E+00
 -0.138787253050E+02 -0.195230782450E+02  0.427016357000E+02  0.100000000000E+01
           1
           2
           3
           4
           5
           6
           7
           8
           9
          10
          11
          12
          13
          14
          15
          16
          17
          18
          19
          20
          21
          22
          23
          24
          25
          26
          27
          28
          29
          30
          31
          32
          33
          34
          35
          36
          37
          38
          39
          40
          41
          42
          43
          44
          45
          46
          47
          48
          49
          50
          51
          52
          53
          54
          55
          56
          57
          58
          59
          60
          61
          62
          63
          64
          65
          66
          67
          68
          69
          70
          71
          72
          73
          74
          75
          76
          77
          78
          79
          80
          81
          82
          83
          84
          85
          86
          87
          88
          89
          90
          91
          92
          93
          94
          95
          96
          97
          98
          99
         100
         101
         102
         103
         104
         105
         106
         107
         108
         109
         110
         111
         112
         113
         114
         115
         116
         117
         118
         119
         120
         121
         122
         123
         124
         125
         126
         127
         128
         129
         130
         131
         132
         133
         134
         135
         136
         137
         138
         139
         140
         141
         142
         143
         144
         145
         146
         147
         148
         149
         150
         151
         152
         153
         154
         155
         156
         157
         158
         159
         160
         161
         162
         163
         164
         165
         166
         167
         168
         169
         170
         171
         172
         173
         174
         175
         176
         177
         178
         179
         180
         181
         182
         183
         184
         185
         186
         187
         188
         189
         190
         191
         192
         193
         194
         195
         196
         197
         198
 1 0 0
 0 0 0
 0 0 0
 0 0 0
 0 0 0
 0 0 0
 0 0 0
 0 0 0
 0 0 0
 0 0 0
 0 0 0
 0 0 0
 0 0 0
 0 0 0
 0 0 0
 0 0 0
 0 0 0
 0 0 0
 0 0 0
 0 0 0
 0 0 0
 0 0 0
 0 0 0
 0 0 0
 0 0 0
 0 0 0
 0 0 0
 0 0 0
 0 0 0
 0 0 0
 0 0 0
 0 0 0
 0 0 0
 0 0 0
 0 0 0
 0 0 0
 0 0 0
 0 0 0
 0 0 0
 0 0 0
 0 0 0
 0 0 0
 0 0 0
 0 0 0
 0 0 0
 0 0 0
 0 0 0
 0 0 0
 0 0 0
 0 0 0
 0 0 0
 0 0 0
 0 0 0
 0 0 0
 0 0 0
 0 0 0
 0 0 0
 0 0 0
 0 0 0
 0 0 0
 0 0 0
 0 0 0
 0 0 0
 0 0 0
 0 0 0
 0 0 0
 0 0 0
 0 0 0
 0 0 0
 0 0 0
 0 0 0
 0 0 0
 0 0 0
 0 0 0
 0 0 0
 0 0 0
 0 0 0
 0 0 0
 0 0 0
 0 0 0
 0 0 0
 0 0 0
 0 0 0
 0 0 0
 0 0 0
 0 0 0
 0 0 0
 0 0 0
 0 0 0
 0 0 0
 0 0 0
 0 0 0
 0 0 0
 0 0 0
 0 0 0
 0 0 0
 0 0 0
 0 0 0
 0 0 0
 0 0 0
 0 0 0
 0 0 0
 0 0 0
 0 0 0
 0 0 0
 0 0 0
 0 0 0
 0 0 0
 0 0 0
 0 0 0
 0 0 0
 0 0 0
 0 0 0
 0 0 0
 0 0 0
 0 0 0
 0 0 0
 0 0 0
 0 0 0
 0 0 0
 0 0 0
 0 0 0
 0 0 0
 0 0 0
 0 0 0
 0 0 0
 0 0 0
 0 0 0
 0 0 0
 0 0 0
 0 0 0
 0 0 0
 0 0 0
 0 0 0
 0 0 0
 0 0 0
 0 0 0
 0 0 0
 0 0 0
 0 0 0
 0 0 0
 0 0 0
 0 0 0
 0 0 0
 0 0 0
 0 0 0
 0 0 0
 0 0 0
 0 0 0
 0 0 0
 0 0 0
 0 0 0
 0 0 0
 0 0 0
 0 0 0
 0 0 0
 0 0 0
 0 0 0
 0 0 0
 0 0 0
 0 0 0
 0 0 0
 0 0 0
 0 0 0
 0 0 0
 0 0 0
 0 0 0
 0 0 0
 0 0 0
 0 0 0
 0 0 0
 0 0 0
 0 0 0
 0 0 0
 0 0 0
 0 0 0
 0 0 0
 0 0 0
 0 0 0
 0 0 0
 0 0 0
 0 0 0
 0 0 0
 0 0 0
 0 0 0
 0 0 0
 0 0 0
 0 0 0
 0 0 0
 0 0 0
 0 0 0
 0 0 0
 0 0 0
 0 0 0
 0 0 0
 0 0 0
 0 0 0
 0 0 0
 0 0 0
  0.000000000  0.000000000  0.000000000
  0.000000000  0.000000000  0.000000000
  0.000000000  0.000000000  0.000000000
  0.000000000  0.000000000  0.000000000
  0.000000000  0.000000000  0.000000000
  0.000000000  0.000000000  0.000000000
  0.000000000  0.000000000  0.000000000
  0.000000000  0.000000000  0.000000000
  0.000000000  0.000000000  0.000000000
  0.000000000  0.000000000  0.000000000
  0.000000000  0.000000000  0.000000000
  0.000000000  0.000000000  0.000000000
  0.000000000  0.000000000  0.000000000
  0.000000000  0.000000000  0.000000000
  0.000000000  0.000000000  0.000000000
  0.000000000  0.000000000  0.000000000
  0.000000000  0.000000000  0.000000000
  0.000000000  0.000000000  0.000000000
  0.000000000  0.000000000  0.000000000
  0.000000000  0.000000000  0.000000000
  0.000000000  0.000000000  0.000000000
  0.000000000  0.000000000  0.000000000
  0.000000000  0.000000000  0.000000000
  0.000000000  0.000000000  0.000000000
  0.000000000  0.000000000  0.000000000
  0.000000000  0.000000000  0.000000000
  0.000000000  0.000000000  0.000000000
  0.000000000  0.000000000  0.000000000
  0.000000000  0.000000000  0.000000000
  0.000000000  0.000000000  0.000000000
  0.000000000  0.000000000  0.000000000
  0.000000000  0.000000000  0.000000000
  0.000000000  0.000000000  0.000000000
  0.000000000  0.000000000  0.000000000
  0.000000000  0.000000000  0.000000000
  0.000000000  0.000000000  0.000000000
  0.000000000  0.000000000  0.000000000
  0.000000000  0.000000000  0.000000000
  0.000000000  0.000000000  0.000000000
  0.000000000  0.000000000  0.000000000
  0.000000000  0.000000000  0.000000000
  0.000000000  0.000000000  0.000000000
  0.000000000  0.000000000  0.000000000
  0.000000000  0.000000000  0.000000000
  0.000000000  0.000000000  0.000000000
  0.000000000  0.000000000  0.000000000
  0.000000000  0.000000000  0.000000000
  0.000000000  0.000000000  0.000000000
  0.000000000  0.000000000  0.000000000
  0.000000000  0.000000000  0.000000000
  0.000000000  0.000000000  0.000000000
  0.000000000  0.000000000  0.000000000
  0.000000000  0.000000000  0.000000000
  0.000000000  0.000000000  0.000000000
  0.000000000  0.000000000  0.000000000
  0.000000000  0.000000000  0.000000000
  0.000000000  0.000000000  0.000000000
  0.000000000  0.000000000  0.000000000
  0.000000000  0.000000000  0.000000000
  0.000000000  0.000000000  0.000000000
  0.000000000  0.000000000  0.000000000
  0.000000000  0.000000000  0.000000000
  0.000000000  0.000000000  0.000000000
  0.000000000  0.000000000  0.000000000
  0.000000000  0.000000000  0.000000000
  0.000000000  0.000000000  0.000000000
  0.000000000  0.000000000  0.000000000
  0.000000000  0.000000000  0.000000000
  0.000000000  0.000000000  0.000000000
  0.000000000  0.000000000  0.000000000
  0.000000000  0.000000000  0.000000000
  0.000000000  0.000000000  0.000000000
  0.000000000  0.000000000  0.000000000
  0.000000000  0.000000000  0.000000000
  0.000000000  0.000000000  0.000000000
  0.000000000  0.000000000  0.000000000
  0.000000000  0.000000000  0.000000000
  0.000000000  0.000000000  0.000000000
  0.000000000  0.000000000  0.000000000
  0.000000000  0.000000000  0.000000000
  0.000000000  0.000000000  0.000000000
  0.000000000  0.000000000  0.000000000
  0.000000000  0.000000000  0.000000000
  0.000000000  0.000000000  0.000000000
  0.000000000  0.000000000  0.000000000
  0.000000000  0.000000000  0.000000000
  0.000000000  0.000000000  0.000000000
  0.000000000  0.000000000  0.000000000
  0.000000000  0.000000000  0.000000000
  0.000000000  0.000000000  0.000000000
  0.000000000  0.000000000  0.000000000
  0.000000000  0.000000000  0.000000000
  0.000000000  0.000000000  0.000000000
  0.000000000  0.000000000  0.000000000
  0.000000000  0.000000000  0.000000000
  0.000000000  0.000000000  0.000000000
  0.000000000  0.000000000  0.000000000
  0.000000000  0.000000000  0.000000000
  0.000000000  0.000000000  0.000000000
  0.000000000  0.000000000  0.000000000
  0.000000000  0.000000000  0.000000000
  0.000000000  0.000000000  0.000000000
  0.000000000  0.000000000  0.000000000
  0.000000000  0.000000000  0.000000000
  0.000000000  0.000000000  0.000000000
  0.000000000  0.000000000  0.000000000
  0.000000000  0.000000000  0.000000000
  0.000000000  0.000000000  0.000000000
  0.000000000  0.000000000  0.000000000
  0.000000000  0.000000000  0.000000000
  0.000000000  0.000000000  0.000000000
  0.000000000  0.000000000  0.000000000
  0.000000000  0.000000000  0.000000000
  0.000000000  0.000000000  0.000000000
  0.000000000  0.000000000  0.000000000
  0.000000000  0.000000000  0.000000000
  0.000000000  0.000000000  0.000000000
  0.000000000  0.000000000  0.000000000
  0.000000000  0.000000000  0.000000000
  0.000000000  0.000000000  0.000000000
  0.000000000  0.000000000  0.000000000
  0.000000000  0.000000000  0.000000000
  0.000000000  0.000000000  0.000000000
  0.000000000  0.000000000  0.000000000
  0.000000000  0.000000000  0.000000000
  0.000000000  0.000000000  0.000000000
  0.000000000  0.000000000  0.000000000
  0.000000000  0.000000000  0.000000000
  0.000000000  0.000000000  0.000000000
  0.000000000  0.000000000  0.000000000
  0.000000000  0.000000000  0.000000000
  0.000000000  0.000000000  0.000000000
  0.000000000  0.000000000  0.000000000
  0.000000000  0.000000000  0.000000000
  0.000000000  0.000000000  0.000000000
  0.000000000  0.000000000  0.000000000
  0.000000000  0.000000000  0.000000000
  0.000000000  0.000000000  0.000000000
  0.000000000  0.000000000  0.000000000
  0.000000000  0.000000000  0.000000000
  0.000000000  0.000000000  0.000000000
  0.000000000  0.000000000  0.000000000
  0.000000000  0.000000000  0.000000000
  0.000000000  0.000000000  0.000000000
  0.000000000  0.000000000  0.000000000
  0.000000000  0.000000000  0.000000000
  0.000000000  0.000000000  0.000000000
  0.000000000  0.000000000  0.000000000
  0.000000000  0.000000000  0.000000000
  0.000000000  0.000000000  0.000000000
  0.000000000  0.000000000  0.000000000
  0.000000000  0.000000000  0.000000000
  0.000000000  0.000000000  0.000000000
  0.000000000  0.000000000  0.000000000
  0.000000000  0.000000000  0.000000000
  0.000000000  0.000000000  0.000000000
  0.000000000  0.000000000  0.000000000
  0.000000000  0.000000000  0.000000000
  0.000000000  0.000000000  0.000000000
  0.000000000  0.000000000  0.000000000
  0.000000000  0.000000000  0.000000000
  0.000000000  0.000000000  0.000000000
  0.000000000  0.000000000  0.000000000
  0.000000000  0.000000000  0.000000000
  0.000000000  0.000000000  0.000000000
  0.000000000  0.000000000  0.000000000
  0.000000000  0.000000000  0.000000000
  0.000000000  0.000000000  0.000000000
  0.000000000  0.000000000  0.000000000
  0.000000000  0.000000000  0.000000000
  0.000000000  0.000000000  0.000000000
  0.000000000  0.000000000  0.000000000
  0.000000000  0.000000000  0.000000000
  0.000000000  0.000000000  0.000000000
  0.000000000  0.000000000  0.000000000
  0.000000000  0.000000000  0.000000000
  0.000000000  0.000000000  0.000000000
  0.000000000  0.000000000  0.000000000
  0.000000000  0.000000000  0.000000000
  0.000000000  0.000000000  0.000000000
  0.000000000  0.000000000  0.000000000
  0.000000000  0.000000000  0.000000000
  0.000000000  0.000000000  0.000000000
  0.000000000  0.000000000  0.000000000
  0.000000000  0.000000000  0.000000000
  0.000000000  0.000000000  0.000000000
  0.000000000  0.000000000  0.000000000
  0.000000000  0.000000000  0.000000000
  0.000000000  0.000000000  0.000000000
  0.000000000  0.000000000  0.000000000
  0.000000000  0.000000000  0.000000000
  0.000000000  0.000000000  0.000000000
  0.000000000  0.000000000  0.000000000
  0.000000000  0.000000000  0.000000000
  0.000000000  0.000000000  0.000000000
  0.000000000  0.000000000  0.000000000
  0.000000000  0.000000000  0.000000000
  0.000000000  0.000000000  0.000000000
 0 0 0
 0 0 0
 0 0 0
 0 0 0
 0 0 0
 0 0 0
 0 0 0
 0 0 0
 0 0 0
 0 0 0
 0 0 0
 0 0 0
 0 0 0
 0 0 0
 0 0 0
 0 0 0
 0 0 0
 0 0 0
 0 0 0
 0 0 0
 0 0 0
 0 0 0
 0 0 0
 0 0 0
 0 0 0
 0 0 0
 0 0 0
 0 0 0
 0 0 0
 0 0 0
 0 0 0
 0 0 0
 0 0 0
 0 0 0
 0 0 0
 0 0 0
 0 0 0
 0 0 0
 0 0 0
 0 0 0
 0 0 0
 0 0 0
 0 0 0
 0 0 0
 0 0 0
 0 0 0
 0 0 0
 0 0 0
 0 0 0
 0 0 0
 0 0 0
 0 0 0
 0 0 0
 0 0 0
 0 0 0
 0 0 0
 0 0 0
 0 0 0
 0 0 0
 0 0 0
 0 0 0
 0 0 0
 0 0 0
 0 0 0
 0 0 0
 0 0 0
 0 0 0
 0 0 0
 0 0 0
 0 0 0
 0 0 0
 0 0 0
 0 0 0
 0 0 0
 0 0 0
 0 0 0
 0 0 0
 0 0 0
 0 0 0
 0 0 0
 0 0 0
 0 0 0
 0 0 0
 0 0 0
 0 0 0
 0 0 0
 0 0 0
 0 0 0
 0 0 0
 0 0 0
 0 0 0
 0 0 0
 0 0 0
 0 0 0
 0 0 0
 0 0 0
 0 0 0
 0 0 0
 0 0 0
 0 0 0
 0 0 0
 0 0 0
 0 0 0
 0 0 0
 0 0 0
 0 0 0
 0 0 0
 0 0 0
 0 0 0
 0 0 0
 0 0 0
 0 0 0
 0 0 0
 0 0 0
 0 0 0
 0 0 0
 0 0 0
 0 0 0
 0 0 0
 0 0 0
 0 0 0
 0 0 0
 0 0 0
 0 0 0
 0 0 0
 0 0 0
 0 0 0
 0 0 0
 0 0 0
 0 0 0
 0 0 0
 0 0 0
 0 0 0
 0 0 0
 0 0 0
 0 0 0
 0 0 0
 0 0 0
 0 0 0
 0 0 0
  0.000000000  0.000000000  0.000000000
  0.000000000  0.000000000  0.000000000
  0.000000000  0.000000000  0.000000000
  0.000000000  0.000000000  0.000000000
  0.000000000  0.000000000  0.000000000
  0.000000000  0.000000000  0.000000000
  0.000000000  0.000000000  0.000000000
  0.000000000  0.000000000  0.000000000
  0.000000000  0.000000000  0.000000000
  0.000000000  0.000000000  0.000000000
  0.000000000  0.000000000  0.000000000
  0.000000000  0.000000000  0.000000000
  0.000000000  0.000000000  0.000000000
  0.000000000  0.000000000  0.000000000
  0.000000000  0.000000000  0.000000000
  0.000000000  0.000000000  0.000000000
  0.000000000  0.000000000  0.000000000
  0.000000000  0.000000000  0.000000000
  0.000000000  0.000000000  0.000000000
  0.000000000  0.000000000  0.000000000
  0.000000000  0.000000000  0.000000000
  0.000000000  0.000000000  0.000000000
  0.000000000  0.000000000  0.000000000
  0.000000000  0.000000000  0.000000000
  0.000000000  0.000000000  0.000000000
  0.000000000  0.000000000  0.000000000
  0.000000000  0.000000000  0.000000000
  0.000000000  0.000000000  0.000000000
  0.000000000  0.000000000  0.000000000
  0.000000000  0.000000000  0.000000000
  0.000000000  0.000000000  0.000000000
  0.000000000  0.000000000  0.000000000
  0.000000000  0.000000000  0.000000000
  0.000000000  0.000000000  0.000000000
  0.000000000  0.000000000  0.000000000
  0.000000000  0.000000000  0.000000000
  0.000000000  0.000000000  0.000000000
  0.000000000  0.000000000  0.000000000
  0.000000000  0.000000000  0.000000000
  0.000000000  0.000000000  0.000000000
  0.000000000  0.000000000  0.000000000
  0.000000000  0.000000000  0.000000000
  0.000000000  0.000000000  0.000000000
  0.000000000  0.000000000  0.000000000
  0.000000000  0.000000000  0.000000000
  0.000000000  0.000000000  0.000000000
  0.000000000  0.000000000  0.000000000
  0.000000000  0.000000000  0.000000000
  0.000000000  0.000000000  0.000000000
  0.000000000  0.000000000  0.000000000
  0.000000000  0.000000000  0.000000000
  0.000000000  0.000000000  0.000000000
  0.000000000  0.000000000  0.000000000
  0.000000000  0.000000000  0.000000000
  0.000000000  0.000000000  0.000000000
  0.000000000  0.000000000  0.000000000
  0.000000000  0.000000000  0.000000000
  0.000000000  0.000000000  0.000000000
  0.000000000  0.000000000  0.000000000
  0.000000000  0.000000000  0.000000000
  0.000000000  0.000000000  0.000000000
  0.000000000  0.000000000  0.000000000
  0.000000000  0.000000000  0.000000000
  0.000000000  0.000000000  0.000000000
  0.000000000  0.000000000  0.000000000
  0.000000000  0.000000000  0.000000000
  0.000000000  0.000000000  0.000000000
  0.000000000  0.000000000  0.000000000
  0.000000000  0.000000000  0.000000000
  0.000000000  0.000000000  0.000000000
  0.000000000  0.000000000  0.000000000
  0.000000000  0.000000000  0.000000000
  0.000000000  0.000000000  0.000000000
  0.000000000  0.000000000  0.000000000
  0.000000000  0.000000000  0.000000000
  0.000000000  0.000000000  0.000000000
  0.000000000  0.000000000  0.000000000
  0.000000000  0.000000000  0.000000000
  0.000000000  0.000000000  0.000000000
  0.000000000  0.000000000  0.000000000
  0.000000000  0.000000000  0.000000000
  0.000000000  0.000000000  0.000000000
  0.000000000  0.000000000  0.000000000
  0.000000000  0.000000000  0.000000000
  0.000000000  0.000000000  0.000000000
  0.000000000  0.000000000  0.000000000
  0.000000000  0.000000000  0.000000000
  0.000000000  0.000000000  0.000000000
  0.000000000  0.000000000  0.000000000
  0.000000000  0.000000000  0.000000000
  0.000000000  0.000000000  0.000000000
  0.000000000  0.000000000  0.000000000
  0.000000000  0.000000000  0.000000000
  0.000000000  0.000000000  0.000000000
  0.000000000  0.000000000  0.000000000
  0.000000000  0.000000000  0.000000000
  0.000000000  0.000000000  0.000000000
  0.000000000  0.000000000  0.000000000
  0.000000000  0.000000000  0.000000000
  0.000000000  0.000000000  0.000000000
  0.000000000  0.000000000  0.000000000
  0.000000000  0.000000000  0.000000000
  0.000000000  0.000000000  0.000000000
  0.000000000  0.000000000  0.000000000
  0.000000000  0.000000000  0.000000000
  0.000000000  0.000000000  0.000000000
  0.000000000  0.000000000  0.000000000
  0.000000000  0.000000000  0.000000000
  0.000000000  0.000000000  0.000000000
  0.000000000  0.000000000  0.000000000
  0.000000000  0.000000000  0.000000000
  0.000000000  0.000000000  0.000000000
  0.000000000  0.000000000  0.000000000
  0.000000000  0.000000000  0.000000000
  0.000000000  0.000000000  0.000000000
  0.000000000  0.000000000  0.000000000
  0.000000000  0.000000000  0.000000000
  0.000000000  0.000000000  0.000000000
  0.000000000  0.000000000  0.000000000
  0.000000000  0.000000000  0.000000000
  0.000000000  0.000000000  0.000000000
  0.000000000  0.000000000  0.000000000
  0.000000000  0.000000000  0.000000000
  0.000000000  0.000000000  0.000000000
  0.000000000  0.000000000  0.000000000
  0.000000000  0.000000000  0.000000000
  0.000000000  0.000000000  0.000000000
  0.000000000  0.000000000  0.000000000
  0.000000000  0.000000000  0.000000000
  0.000000000  0.000000000  0.000000000
  0.000000000  0.000000000  0.000000000
  0.000000000  0.000000000  0.000000000
  0.000000000  0.000000000  0.000000000
  0.000000000  0.000000000  0.000000000
  0.000000000  0.000000000  0.000000000
  0.000000000  0.000000000  0.000000000
  0.000000000  0.000000000  0.000000000
  0.000000000  0.000000000  0.000000000
  0.000000000  0.000000000  0.000000000
  0.000000000  0.000000000  0.000000000
  0.000000000  0.000000000  0.000000000
  0.000000000  0.000000000  0.000000000
  0.000000000  0.000000000  0.000000000
  0.000000000  0.000000000  0.000000000
  0.000000000  0.000000000  0.000000000
  0.000000000  0.000000000  0.000000000
  0.000000000  0.000000000  0.000000000
  0.000000000  0.000000000  0.000000000
  0.000000000  0.000000000  0.000000000
  0.000000000  0.000000000  0.000000000
  0.000000000  0.000000000  0.000000000
  0.000000000  0.000000000  0.000000000
  0.000000000  0.000000000  0.000000000
  0.000000000  0.000000000  0.000000000
  0.000000000  0.000000000  0.000000000
  0.000000000  0.000000000  0.000000000
  0.000000000  0.000000000  0.000000000
  0.000000000  0.000000000  0.000000000
  0.000000000  0.000000000  0.000000000
  0.000000000  0.000000000  0.000000000
  0.000000000  0.000000000  0.000000000
  0.000000000  0.000000000  0.000000000
  0.000000000  0.000000000  0.000000000
  0.000000000  0.000000000  0.000000000
  0.000000000  0.000000000  0.000000000
  0.000000000  0.000000000  0.000000000
  0.000000000  0.000000000  0.000000000
  0.000000000  0.000000000  0.000000000
  0.000000000  0.000000000  0.000000000
  0.000000000  0.000000000  0.000000000
  0.000000000  0.000000000  0.000000000
  0.000000000  0.000000000  0.000000000
  0.000000000  0.000000000  0.000000000
  0.000000000  0.000000000  0.000000000
  0.000000000  0.000000000  0.000000000
  0.000000000  0.000000000  0.000000000
  0.000000000  0.000000000  0.000000000
  0.000000000  0.000000000  0.000000000
  0.000000000  0.000000000  0.000000000
  0.000000000  0.000000000  0.000000000
  0.000000000  0.000000000  0.000000000
  0.000000000  0.000000000  0.000000000
  0.000000000  0.000000000  0.000000000
  0.000000000  0.000000000  0.000000000
  0.000000000  0.000000000  0.000000000
  0.000000000  0.000000000  0.000000000
  0.000000000  0.000000000  0.000000000
  0.000000000  0.000000000  0.000000000
  0.000000000  0.000000000  0.000000000
  0.000000000  0.000000000  0.000000000
  0.000000000  0.000000000  0.000000000
  0.000000000  0.000000000  0.000000000
  0.000000000  0.000000000  0.000000000
  0.000000000  0.000000000  0.000000000
  0.000000000  0.000000000  0.000000000
  0.000000000  0.000000000  0.000000000
  0.000000000  0.000000000  0.000000000
  0.000000000  0.000000000  0.000000000
  0.000000000  0.000000000  0.000000000
  0.000000000  0.000000000  0.000000000
  0.000000000  0.000000000  0.000000000
  0.000000000  0.000000000  0.000000000
  0.000000000  0.000000000  0.000000000
   1.06000000000000     
   1.06000000000000     
   1.06000000000000     
   1.06000000000000     
   1.06000000000000     
   1.06000000000000     
   1.06000000000000     
   1.06000000000000     
   1.06000000000000     
   1.06000000000000     
   1.06000000000000     
   1.06000000000000     
   1.06000000000000     
   1.06000000000000     
   1.06000000000000     
   1.06000000000000     
   1.06000000000000     
   1.06000000000000     
   1.06000000000000     
   1.06000000000000     
   1.06000000000000     
   1.06000000000000     
   1.06000000000000     
   1.06000000000000     
   1.06000000000000     
   1.06000000000000     
   1.06000000000000     
   1.06000000000000     
   1.06000000000000     
   1.06000000000000     
   1.06000000000000     
   1.06000000000000     
   1.06000000000000     
   1.06000000000000     
   1.06000000000000     
   1.06000000000000     
   1.06000000000000     
   1.06000000000000     
   1.06000000000000     
   1.06000000000000     
   1.06000000000000     
   1.06000000000000     
   1.06000000000000     
   1.06000000000000     
   1.06000000000000     
   1.06000000000000     
   1.06000000000000     
   1.06000000000000     
   1.06000000000000     
   1.06000000000000     
   1.06000000000000     
   1.06000000000000     
   1.06000000000000     
   1.06000000000000     
   1.06000000000000     
   1.06000000000000     
   1.06000000000000     
   1.06000000000000     
   1.06000000000000     
   1.06000000000000     
   1.06000000000000     
   1.06000000000000     
   1.06000000000000     
  3.000000000000000E-002
  3.000000000000000E-002
  3.000000000000000E-002
  3.000000000000000E-002
  3.000000000000000E-002
  3.000000000000000E-002
  3.000000000000000E-002
  3.000000000000000E-002
  3.000000000000000E-002
  3.000000000000000E-002
  3.000000000000000E-002
  3.000000000000000E-002
  3.000000000000000E-002
  3.000000000000000E-002
  3.000000000000000E-002
  3.000000000000000E-002
  3.000000000000000E-002
  3.000000000000000E-002
  3.000000000000000E-002
  3.000000000000000E-002
  3.000000000000000E-002
  3.000000000000000E-002
  3.000000000000000E-002
  3.000000000000000E-002
  3.000000000000000E-002
  3.000000000000000E-002
  3.000000000000000E-002
  3.000000000000000E-002
  3.000000000000000E-002
  3.000000000000000E-002
  3.000000000000000E-002
  3.000000000000000E-002
  3.000000000000000E-002
  3.000000000000000E-002
  3.000000000000000E-002
  3.000000000000000E-002
  3.000000000000000E-002
  3.000000000000000E-002
  3.000000000000000E-002
  3.000000000000000E-002
  3.000000000000000E-002
  3.000000000000000E-002
  3.000000000000000E-002
  3.000000000000000E-002
  3.000000000000000E-002
  3.000000000000000E-002
  3.000000000000000E-002
  3.000000000000000E-002
  3.000000000000000E-002
  3.000000000000000E-002
  3.000000000000000E-002
  3.000000000000000E-002
  3.000000000000000E-002
  3.000000000000000E-002
  3.000000000000000E-002
  3.000000000000000E-002
  3.000000000000000E-002
  3.000000000000000E-002
  3.000000000000000E-002
  3.000000000000000E-002
  3.000000000000000E-002
  3.000000000000000E-002
  3.000000000000000E-002
