           3
 2 1 2
   9   2  15
  0.000000000  0.000000000  0.000000000  0.250000000  0.250000000  0.500000000  0.500000000  0.750000000  0.750000000  1.000000000  1.000000000  1.000000000
  0.000000000  0.000000000  1.000000000  1.000000000
  0.084989429  0.084989429  0.084989429  0.085477313  0.085965198  0.086453082  0.086940966  0.087428850  0.087916734  0.088404619  0.088892503  0.089380387  0.089868271  0.090356155  0.090844040  0.091331924  0.091331924  0.091331924
 -0.965760966200E+01 -0.276414227430E+02  0.557712063080E+02  0.100000000000E+01
 -0.965760966200E+01 -0.276414227430E+02  0.557712063080E+02  0.707106744993E+00
 -0.965760966200E+01 -0.276414227430E+02  0.557712063080E+02  0.100000000000E+01
 -0.965760966200E+01 -0.276414227430E+02  0.557712063080E+02  0.707106722637E+00
 -0.965760966200E+01 -0.276414227430E+02  0.557712063080E+02  0.100000000000E+01
 -0.965760966200E+01 -0.276414227430E+02  0.557712063080E+02  0.707106500626E+00
 -0.965760966200E+01 -0.276414227430E+02  0.557712063080E+02  0.100000000000E+01
 -0.965760966200E+01 -0.276414227430E+02  0.557712063080E+02  0.707106505418E+00
 -0.965760966200E+01 -0.276414227430E+02  0.557712063080E+02  0.100000000000E+01
 -0.885046240000E+01 -0.282707356470E+02  0.554054010780E+02  0.100000000000E+01
 -0.944107173200E+01 -0.281904699830E+02  0.550891047280E+02  0.707106744993E+00
 -0.100088851890E+02 -0.277991647660E+02  0.552674903860E+02  0.100000000000E+01
 -0.106806703160E+02 -0.283686051370E+02  0.556103181250E+02  0.707106722637E+00
 -0.103424380590E+02 -0.282898055070E+02  0.564518295960E+02  0.100000000000E+01
 -0.965315284400E+01 -0.279860238020E+02  0.574682684200E+02  0.707106500626E+00
 -0.917207687600E+01 -0.274233904330E+02  0.564674419950E+02  0.100000000000E+01
 -0.837846525700E+01 -0.280116402420E+02  0.561546309400E+02  0.707106505418E+00
 -0.885046240000E+01 -0.282707356470E+02  0.554054010780E+02  0.100000000000E+01
 -0.949776693100E+01 -0.278797535940E+02  0.557261334550E+02  0.100000000000E+01
 -0.949776693100E+01 -0.278797535940E+02  0.557261334550E+02  0.707105682203E+00
 -0.949776693100E+01 -0.278797535940E+02  0.557261334550E+02  0.100000000000E+01
 -0.949776693100E+01 -0.278797535940E+02  0.557261334550E+02  0.707106581471E+00
 -0.949776693100E+01 -0.278797535940E+02  0.557261334550E+02  0.100000000000E+01
 -0.949776693100E+01 -0.278797535940E+02  0.557261334550E+02  0.707107449843E+00
 -0.949776693100E+01 -0.278797535940E+02  0.557261334550E+02  0.100000000000E+01
 -0.949776693100E+01 -0.278797535940E+02  0.557261334550E+02  0.707107258426E+00
 -0.949776693100E+01 -0.278797535940E+02  0.557261334550E+02  0.100000000000E+01
 -0.886016607500E+01 -0.282822253530E+02  0.554069607960E+02  0.100000000000E+01
 -0.931955139000E+01 -0.282403169620E+02  0.551378306790E+02  0.707105682203E+00
 -0.980092986100E+01 -0.279935260080E+02  0.552639844590E+02  0.100000000000E+01
 -0.104671879850E+02 -0.285040967320E+02  0.555402169250E+02  0.707106581471E+00
 -0.102279420790E+02 -0.285059377980E+02  0.563592731900E+02  0.100000000000E+01
 -0.955161700000E+01 -0.282723100600E+02  0.574903869510E+02  0.707107449843E+00
 -0.900474972500E+01 -0.276947309160E+02  0.564777040200E+02  0.100000000000E+01
 -0.830188388300E+01 -0.281581089100E+02  0.560862068060E+02  0.707107258426E+00
 -0.886016607500E+01 -0.282822253530E+02  0.554069607960E+02  0.100000000000E+01
 -0.934414132800E+01 -0.281227044470E+02  0.556842208870E+02  0.100000000000E+01
 -0.934414132800E+01 -0.281227044470E+02  0.556842208870E+02  0.707107755788E+00
 -0.934414132800E+01 -0.281227044470E+02  0.556842208870E+02  0.100000000000E+01
 -0.934414132800E+01 -0.281227044470E+02  0.556842208870E+02  0.707106013308E+00
 -0.934414132800E+01 -0.281227044470E+02  0.556842208870E+02  0.100000000000E+01
 -0.934414132800E+01 -0.281227044470E+02  0.556842208870E+02  0.707106111713E+00
 -0.934414132800E+01 -0.281227044470E+02  0.556842208870E+02  0.100000000000E+01
 -0.934414132800E+01 -0.281227044470E+02  0.556842208870E+02  0.707106304992E+00
 -0.934414132800E+01 -0.281227044470E+02  0.556842208870E+02  0.100000000000E+01
 -0.887195809800E+01 -0.283485706970E+02  0.554476326990E+02  0.100000000000E+01
 -0.920516537200E+01 -0.283351431020E+02  0.552272592690E+02  0.707107755788E+00
 -0.958699038400E+01 -0.282053180620E+02  0.552784086390E+02  0.100000000000E+01
 -0.102519945920E+02 -0.286642795840E+02  0.554592084290E+02  0.707106013308E+00
 -0.100991165980E+02 -0.287096940620E+02  0.562555183980E+02  0.100000000000E+01
 -0.952523168700E+01 -0.285610803480E+02  0.574732926470E+02  0.707106111713E+00
 -0.882958562600E+01 -0.279476579850E+02  0.565440620910E+02  0.100000000000E+01
 -0.805100108800E+01 -0.283601777860E+02  0.560475782610E+02  0.707106304992E+00
 -0.887195809800E+01 -0.283485706970E+02  0.554476326990E+02  0.100000000000E+01
 -0.919653340700E+01 -0.283699474890E+02  0.556459320710E+02  0.100000000000E+01
 -0.919653340700E+01 -0.283699474890E+02  0.556459320710E+02  0.707107715196E+00
 -0.919653340700E+01 -0.283699474890E+02  0.556459320710E+02  0.100000000000E+01
 -0.919653340700E+01 -0.283699474890E+02  0.556459320710E+02  0.707106482130E+00
 -0.919653340700E+01 -0.283699474890E+02  0.556459320710E+02  0.100000000000E+01
 -0.919653340700E+01 -0.283699474890E+02  0.556459320710E+02  0.707106382198E+00
 -0.919653340700E+01 -0.283699474890E+02  0.556459320710E+02  0.100000000000E+01
 -0.919653340700E+01 -0.283699474890E+02  0.556459320710E+02  0.707106468893E+00
 -0.919653340700E+01 -0.283699474890E+02  0.556459320710E+02  0.100000000000E+01
 -0.884186980400E+01 -0.284882489420E+02  0.554741114470E+02  0.100000000000E+01
 -0.909349301500E+01 -0.284749977040E+02  0.553401772110E+02  0.707107715196E+00
 -0.937464649100E+01 -0.284253997660E+02  0.553164573350E+02  0.100000000000E+01
 -0.100306824760E+02 -0.288350679710E+02  0.553992197380E+02  0.707106482130E+00
 -0.997918664200E+01 -0.289248861790E+02  0.561624322020E+02  0.100000000000E+01
 -0.952427797200E+01 -0.288525543990E+02  0.574412059340E+02  0.707106382198E+00
 -0.865725266300E+01 -0.282020522440E+02  0.566434922760E+02  0.100000000000E+01
 -0.777446504600E+01 -0.285579126250E+02  0.559935817670E+02  0.707106468893E+00
 -0.884186980400E+01 -0.284882489420E+02  0.554741114470E+02  0.100000000000E+01
 -0.905402794300E+01 -0.286207362980E+02  0.556115518040E+02  0.100000000000E+01
 -0.905402794300E+01 -0.286207362980E+02  0.556115518040E+02  0.707105603913E+00
 -0.905402794300E+01 -0.286207362980E+02  0.556115518040E+02  0.100000000000E+01
 -0.905402794300E+01 -0.286207362980E+02  0.556115518040E+02  0.707107252438E+00
 -0.905402794300E+01 -0.286207362980E+02  0.556115518040E+02  0.100000000000E+01
 -0.905402794300E+01 -0.286207362980E+02  0.556115518040E+02  0.707107320520E+00
 -0.905402794300E+01 -0.286207362980E+02  0.556115518040E+02  0.100000000000E+01
 -0.905402794300E+01 -0.286207362980E+02  0.556115518040E+02  0.707107836735E+00
 -0.905402794300E+01 -0.286207362980E+02  0.556115518040E+02  0.100000000000E+01
 -0.867043282100E+01 -0.286946858940E+02  0.554368765140E+02  0.100000000000E+01
 -0.892205047500E+01 -0.286773365270E+02  0.553884893500E+02  0.707105603913E+00
 -0.917577399600E+01 -0.286561182960E+02  0.553591732040E+02  0.100000000000E+01
 -0.976974069900E+01 -0.290031289980E+02  0.553933044670E+02  0.707107252438E+00
 -0.983637735000E+01 -0.291335293490E+02  0.560608418960E+02  0.100000000000E+01
 -0.951689706200E+01 -0.291360685540E+02  0.574152413950E+02  0.707107320520E+00
 -0.851488255300E+01 -0.284640537590E+02  0.567291989150E+02  0.100000000000E+01
 -0.761466990600E+01 -0.287001239940E+02  0.559922185710E+02  0.707107836735E+00
 -0.867043282100E+01 -0.286946858940E+02  0.554368765140E+02  0.100000000000E+01
 -0.891489106700E+01 -0.288739108920E+02  0.555810522040E+02  0.100000000000E+01
 -0.891489106700E+01 -0.288739108920E+02  0.555810522040E+02  0.707108132780E+00
 -0.891489106700E+01 -0.288739108920E+02  0.555810522040E+02  0.100000000000E+01
 -0.891489106700E+01 -0.288739108920E+02  0.555810522040E+02  0.707106669507E+00
 -0.891489106700E+01 -0.288739108920E+02  0.555810522040E+02  0.100000000000E+01
 -0.891489106700E+01 -0.288739108920E+02  0.555810522040E+02  0.707106233569E+00
 -0.891489106700E+01 -0.288739108920E+02  0.555810522040E+02  0.100000000000E+01
 -0.891489106700E+01 -0.288739108920E+02  0.555810522040E+02  0.707106050719E+00
 -0.891489106700E+01 -0.288739108920E+02  0.555810522040E+02  0.100000000000E+01
 -0.845586787900E+01 -0.288974407970E+02  0.553890724300E+02  0.100000000000E+01
 -0.872824264900E+01 -0.289044473190E+02  0.553263938260E+02  0.707108132780E+00
 -0.900869558700E+01 -0.289000126820E+02  0.553599625740E+02  0.100000000000E+01
 -0.950448472800E+01 -0.291844730780E+02  0.554172316750E+02  0.707106669507E+00
 -0.965401509900E+01 -0.293317212150E+02  0.559486990990E+02  0.100000000000E+01
 -0.951275204600E+01 -0.294236760690E+02  0.573799198740E+02  0.707106233569E+00
 -0.839741413900E+01 -0.287299189490E+02  0.568006971650E+02  0.100000000000E+01
 -0.755146393300E+01 -0.288192138720E+02  0.560600724410E+02  0.707106050719E+00
 -0.845586787900E+01 -0.288974407970E+02  0.553890724300E+02  0.100000000000E+01
 -0.877650091500E+01 -0.291278927830E+02  0.555540562070E+02  0.100000000000E+01
 -0.877650091500E+01 -0.291278927830E+02  0.555540562070E+02  0.707104924515E+00
 -0.877650091500E+01 -0.291278927830E+02  0.555540562070E+02  0.100000000000E+01
 -0.877650091500E+01 -0.291278927830E+02  0.555540562070E+02  0.707107328280E+00
 -0.877650091500E+01 -0.291278927830E+02  0.555540562070E+02  0.100000000000E+01
 -0.877650091500E+01 -0.291278927830E+02  0.555540562070E+02  0.707107675403E+00
 -0.877650091500E+01 -0.291278927830E+02  0.555540562070E+02  0.100000000000E+01
 -0.877650091500E+01 -0.291278927830E+02  0.555540562070E+02  0.707107678724E+00
 -0.877650091500E+01 -0.291278927830E+02  0.555540562070E+02  0.100000000000E+01
 -0.827216099700E+01 -0.290774604710E+02  0.553642782340E+02  0.100000000000E+01
 -0.855595009500E+01 -0.291182571270E+02  0.552528076770E+02  0.707104924515E+00
 -0.885310298600E+01 -0.291490967240E+02  0.553448527400E+02  0.100000000000E+01
 -0.922925723700E+01 -0.293711010260E+02  0.554450472400E+02  0.707107328280E+00
 -0.941460828100E+01 -0.295152641470E+02  0.558269669330E+02  0.100000000000E+01
 -0.951671303000E+01 -0.297261422600E+02  0.572947055440E+02  0.707107675403E+00
 -0.829909828300E+01 -0.289957496950E+02  0.568578722690E+02  0.100000000000E+01
 -0.743782414300E+01 -0.289322046360E+02  0.561369118590E+02  0.707107678724E+00
 -0.827216099700E+01 -0.290774604710E+02  0.553642782340E+02  0.100000000000E+01
 -0.863390437100E+01 -0.293798347570E+02  0.555300956010E+02  0.100000000000E+01
 -0.863390437100E+01 -0.293798347570E+02  0.555300956010E+02  0.707108170315E+00
 -0.863390437100E+01 -0.293798347570E+02  0.555300956010E+02  0.100000000000E+01
 -0.863390437100E+01 -0.293798347570E+02  0.555300956010E+02  0.707107291441E+00
 -0.863390437100E+01 -0.293798347570E+02  0.555300956010E+02  0.100000000000E+01
 -0.863390437100E+01 -0.293798347570E+02  0.555300956010E+02  0.707105996864E+00
 -0.863390437100E+01 -0.293798347570E+02  0.555300956010E+02  0.100000000000E+01
 -0.863390437100E+01 -0.293798347570E+02  0.555300956010E+02  0.707105847965E+00
 -0.863390437100E+01 -0.293798347570E+02  0.555300956010E+02  0.100000000000E+01
 -0.815716900200E+01 -0.292482933190E+02  0.553717246110E+02  0.100000000000E+01
 -0.841486886000E+01 -0.293204467140E+02  0.552186923320E+02  0.707108170315E+00
 -0.869979300600E+01 -0.293990528080E+02  0.553157894840E+02  0.100000000000E+01
 -0.899895959100E+01 -0.295872546590E+02  0.554266399360E+02  0.707107291441E+00
 -0.917046901100E+01 -0.297170450300E+02  0.557253015110E+02  0.100000000000E+01
 -0.946864541400E+01 -0.300259568800E+02  0.571386110690E+02  0.707105996864E+00
 -0.821066024500E+01 -0.292563877040E+02  0.569067102750E+02  0.100000000000E+01
 -0.730748245300E+01 -0.290089928310E+02  0.561942500950E+02  0.707105847965E+00
 -0.815716900200E+01 -0.292482933190E+02  0.553717246110E+02  0.100000000000E+01
 -0.848237536000E+01 -0.296267190300E+02  0.555085859570E+02  0.100000000000E+01
 -0.848237536000E+01 -0.296267190300E+02  0.555085859570E+02  0.707106478325E+00
 -0.848237536000E+01 -0.296267190300E+02  0.555085859570E+02  0.100000000000E+01
 -0.848237536000E+01 -0.296267190300E+02  0.555085859570E+02  0.707105828590E+00
 -0.848237536000E+01 -0.296267190300E+02  0.555085859570E+02  0.100000000000E+01
 -0.848237536000E+01 -0.296267190300E+02  0.555085859570E+02  0.707107291588E+00
 -0.848237536000E+01 -0.296267190300E+02  0.555085859570E+02  0.100000000000E+01
 -0.848237536000E+01 -0.296267190300E+02  0.555085859570E+02  0.707107414947E+00
 -0.848237536000E+01 -0.296267190300E+02  0.555085859570E+02  0.100000000000E+01
 -0.804144558800E+01 -0.294136968520E+02  0.553815855030E+02  0.100000000000E+01
 -0.827076381500E+01 -0.295143630700E+02  0.551994756110E+02  0.707106478325E+00
 -0.853018496400E+01 -0.296414748750E+02  0.553178471540E+02  0.100000000000E+01
 -0.879614058200E+01 -0.298214754030E+02  0.554047619830E+02  0.707105828590E+00
 -0.896716297600E+01 -0.299538360420E+02  0.556554082700E+02  0.100000000000E+01
 -0.931418963600E+01 -0.302911162290E+02  0.569694891860E+02  0.707107291588E+00
 -0.812694560000E+01 -0.295170162660E+02  0.569265915600E+02  0.100000000000E+01
 -0.719012157800E+01 -0.290483692030E+02  0.562632769360E+02  0.707107414947E+00
 -0.804144558800E+01 -0.294136968520E+02  0.553815855030E+02  0.100000000000E+01
 -0.831956955200E+01 -0.298664642660E+02  0.554888819020E+02  0.100000000000E+01
 -0.831956955200E+01 -0.298664642660E+02  0.554888819020E+02  0.707108105597E+00
 -0.831956955200E+01 -0.298664642660E+02  0.554888819020E+02  0.100000000000E+01
 -0.831956955200E+01 -0.298664642660E+02  0.554888819020E+02  0.707107651552E+00
 -0.831956955200E+01 -0.298664642660E+02  0.554888819020E+02  0.100000000000E+01
 -0.831956955200E+01 -0.298664642660E+02  0.554888819020E+02  0.707105683321E+00
 -0.831956955200E+01 -0.298664642660E+02  0.554888819020E+02  0.100000000000E+01
 -0.831956955200E+01 -0.298664642660E+02  0.554888819020E+02  0.707105684273E+00
 -0.831956955200E+01 -0.298664642660E+02  0.554888819020E+02  0.100000000000E+01
 -0.791484198100E+01 -0.295690045870E+02  0.553908250770E+02  0.100000000000E+01
 -0.812247624400E+01 -0.297045268340E+02  0.552291824860E+02  0.707108105597E+00
 -0.835618639300E+01 -0.298777274770E+02  0.553035754840E+02  0.100000000000E+01
 -0.859558264300E+01 -0.300547362390E+02  0.553747425990E+02  0.707107651552E+00
 -0.875818835900E+01 -0.301888334130E+02  0.555951463730E+02  0.100000000000E+01
 -0.909064811300E+01 -0.305194345830E+02  0.567459591910E+02  0.707105683321E+00
 -0.803238372100E+01 -0.297781296730E+02  0.569422265300E+02  0.100000000000E+01
 -0.709492095800E+01 -0.290589337120E+02  0.563404397880E+02  0.707105684273E+00
 -0.791484198100E+01 -0.295690045870E+02  0.553908250770E+02  0.100000000000E+01
 -0.814521246800E+01 -0.300980476040E+02  0.554704195790E+02  0.100000000000E+01
 -0.814521246800E+01 -0.300980476040E+02  0.554704195790E+02  0.707106434179E+00
 -0.814521246800E+01 -0.300980476040E+02  0.554704195790E+02  0.100000000000E+01
 -0.814521246800E+01 -0.300980476040E+02  0.554704195790E+02  0.707105394725E+00
 -0.814521246800E+01 -0.300980476040E+02  0.554704195790E+02  0.100000000000E+01
 -0.814521246800E+01 -0.300980476040E+02  0.554704195790E+02  0.707107670872E+00
 -0.814521246800E+01 -0.300980476040E+02  0.554704195790E+02  0.100000000000E+01
 -0.814521246800E+01 -0.300980476040E+02  0.554704195790E+02  0.707107624968E+00
 -0.814521246800E+01 -0.300980476040E+02  0.554704195790E+02  0.100000000000E+01
 -0.771690339300E+01 -0.297531220640E+02  0.553931767000E+02  0.100000000000E+01
 -0.793094712300E+01 -0.299083678810E+02  0.552153608830E+02  0.707106434179E+00
 -0.817470763800E+01 -0.301057233560E+02  0.552725954820E+02  0.100000000000E+01
 -0.838795103000E+01 -0.302795221920E+02  0.553372074870E+02  0.707105394725E+00
 -0.853423819300E+01 -0.304113373450E+02  0.555405804460E+02  0.100000000000E+01
 -0.882880583200E+01 -0.307261278000E+02  0.565738404180E+02  0.707107670872E+00
 -0.793048836100E+01 -0.300421662780E+02  0.569105685020E+02  0.100000000000E+01
 -0.689025518300E+01 -0.291813848780E+02  0.564315673050E+02  0.707107624968E+00
 -0.771690339300E+01 -0.297531220640E+02  0.553931767000E+02  0.100000000000E+01
 -0.796023910900E+01 -0.303213141150E+02  0.554527684250E+02  0.100000000000E+01
 -0.796023910900E+01 -0.303213141150E+02  0.554527684250E+02  0.707106129262E+00
 -0.796023910900E+01 -0.303213141150E+02  0.554527684250E+02  0.100000000000E+01
 -0.796023910900E+01 -0.303213141150E+02  0.554527684250E+02  0.707105235811E+00
 -0.796023910900E+01 -0.303213141150E+02  0.554527684250E+02  0.100000000000E+01
 -0.796023910900E+01 -0.303213141150E+02  0.554527684250E+02  0.707108135905E+00
 -0.796023910900E+01 -0.303213141150E+02  0.554527684250E+02  0.100000000000E+01
 -0.796023910900E+01 -0.303213141150E+02  0.554527684250E+02  0.707107713588E+00
 -0.796023910900E+01 -0.303213141150E+02  0.554527684250E+02  0.100000000000E+01
 -0.746746398100E+01 -0.298900852490E+02  0.553958970360E+02  0.100000000000E+01
 -0.773576862300E+01 -0.300272894140E+02  0.551530591960E+02  0.707106129262E+00
 -0.801787341900E+01 -0.302862234720E+02  0.552194637320E+02  0.100000000000E+01
 -0.819444676000E+01 -0.304636408510E+02  0.553040855480E+02  0.707105235811E+00
 -0.829923148100E+01 -0.306179671660E+02  0.554918946210E+02  0.100000000000E+01
 -0.860128283200E+01 -0.309590821560E+02  0.564509025790E+02  0.707108135905E+00
 -0.780879091100E+01 -0.303077891280E+02  0.568675361120E+02  0.100000000000E+01
 -0.674869708400E+01 -0.293639415820E+02  0.565507422140E+02  0.707107713588E+00
 -0.746746398100E+01 -0.298900852490E+02  0.553958970360E+02  0.100000000000E+01
 -0.776604682500E+01 -0.305366582360E+02  0.554356241010E+02  0.100000000000E+01
 -0.776604682500E+01 -0.305366582360E+02  0.554356241010E+02  0.707107782618E+00
 -0.776604682500E+01 -0.305366582360E+02  0.554356241010E+02  0.100000000000E+01
 -0.776604682500E+01 -0.305366582360E+02  0.554356241010E+02  0.707107155302E+00
 -0.776604682500E+01 -0.305366582360E+02  0.554356241010E+02  0.100000000000E+01
 -0.776604682500E+01 -0.305366582360E+02  0.554356241010E+02  0.707105927291E+00
 -0.776604682500E+01 -0.305366582360E+02  0.554356241010E+02  0.100000000000E+01
 -0.776604682500E+01 -0.305366582360E+02  0.554356241010E+02  0.707106511692E+00
 -0.776604682500E+01 -0.305366582360E+02  0.554356241010E+02  0.100000000000E+01
 -0.721690223600E+01 -0.300199056870E+02  0.554099124470E+02  0.100000000000E+01
 -0.755353745300E+01 -0.300789634490E+02  0.550543755700E+02  0.707107782618E+00
 -0.787879142300E+01 -0.304317106030E+02  0.551368550130E+02  0.100000000000E+01
 -0.805821227400E+01 -0.306507079210E+02  0.552175214070E+02  0.707107155302E+00
 -0.808150594400E+01 -0.308335079940E+02  0.554503929580E+02  0.100000000000E+01
 -0.838173744200E+01 -0.311951806550E+02  0.563603790870E+02  0.707105927291E+00
 -0.766982654500E+01 -0.305695920900E+02  0.568288054370E+02  0.100000000000E+01
 -0.658873144900E+01 -0.295446478030E+02  0.566919238230E+02  0.707106511692E+00
 -0.721690223600E+01 -0.300199056870E+02  0.554099124470E+02  0.100000000000E+01
 -0.756406225900E+01 -0.307447419780E+02  0.554187801700E+02  0.100000000000E+01
 -0.756406225900E+01 -0.307447419780E+02  0.554187801700E+02  0.707106871120E+00
 -0.756406225900E+01 -0.307447419780E+02  0.554187801700E+02  0.100000000000E+01
 -0.756406225900E+01 -0.307447419780E+02  0.554187801700E+02  0.707105921854E+00
 -0.756406225900E+01 -0.307447419780E+02  0.554187801700E+02  0.100000000000E+01
 -0.756406225900E+01 -0.307447419780E+02  0.554187801700E+02  0.707107487345E+00
 -0.756406225900E+01 -0.307447419780E+02  0.554187801700E+02  0.100000000000E+01
 -0.756406225900E+01 -0.307447419780E+02  0.554187801700E+02  0.707107293627E+00
 -0.756406225900E+01 -0.307447419780E+02  0.554187801700E+02  0.100000000000E+01
 -0.699746971100E+01 -0.301772923740E+02  0.554333267390E+02  0.100000000000E+01
 -0.739914028300E+01 -0.300941713540E+02  0.550070408600E+02  0.707106871120E+00
 -0.777685682500E+01 -0.305225658900E+02  0.550402841620E+02  0.100000000000E+01
 -0.794287810700E+01 -0.308185982690E+02  0.551472233220E+02  0.707105921854E+00
 -0.787989341400E+01 -0.310610503230E+02  0.554106731700E+02  0.100000000000E+01
 -0.814360127300E+01 -0.314081979470E+02  0.562826420580E+02  0.707107487345E+00
 -0.751734416200E+01 -0.308262095930E+02  0.567771914290E+02  0.100000000000E+01
 -0.643685575600E+01 -0.297432502170E+02  0.567960734770E+02  0.707107293627E+00
 -0.699746971100E+01 -0.301772923740E+02  0.554333267390E+02  0.100000000000E+01
 -0.735555630100E+01 -0.309463094250E+02  0.554020993030E+02  0.100000000000E+01
 -0.735555630100E+01 -0.309463094250E+02  0.554020993030E+02  0.707106291209E+00
 -0.735555630100E+01 -0.309463094250E+02  0.554020993030E+02  0.100000000000E+01
 -0.735555630100E+01 -0.309463094250E+02  0.554020993030E+02  0.707106757755E+00
 -0.735555630100E+01 -0.309463094250E+02  0.554020993030E+02  0.100000000000E+01
 -0.735555630100E+01 -0.309463094250E+02  0.554020993030E+02  0.707107189189E+00
 -0.735555630100E+01 -0.309463094250E+02  0.554020993030E+02  0.100000000000E+01
 -0.735555630100E+01 -0.309463094250E+02  0.554020993030E+02  0.707106777281E+00
 -0.735555630100E+01 -0.309463094250E+02  0.554020993030E+02  0.100000000000E+01
 -0.680527687600E+01 -0.303460050110E+02  0.554187747450E+02  0.100000000000E+01
 -0.729637360200E+01 -0.300815755790E+02  0.549778792040E+02  0.707106291209E+00
 -0.773807548800E+01 -0.305838133650E+02  0.549753452730E+02  0.100000000000E+01
 -0.786196042800E+01 -0.309805873020E+02  0.551108821590E+02  0.707106757755E+00
 -0.766858359600E+01 -0.312877941950E+02  0.553926139410E+02  0.100000000000E+01
 -0.789706697300E+01 -0.316271462540E+02  0.562663690960E+02  0.707107189189E+00
 -0.730546472500E+01 -0.310297674030E+02  0.567535367490E+02  0.100000000000E+01
 -0.628033845600E+01 -0.299119608770E+02  0.567896166120E+02  0.707106777281E+00
 -0.680527687600E+01 -0.303460050110E+02  0.554187747450E+02  0.100000000000E+01
           1
           2
           3
           4
           5
           6
           7
           8
           9
          10
          11
          12
          13
          14
          15
          16
          17
          18
          19
          20
          21
          22
          23
          24
          25
          26
          27
          28
          29
          30
          31
          32
          33
          34
          35
          36
          37
          38
          39
          40
          41
          42
          43
          44
          45
          46
          47
          48
          49
          50
          51
          52
          53
          54
          55
          56
          57
          58
          59
          60
          61
          62
          63
          64
          65
          66
          67
          68
          69
          70
          71
          72
          73
          74
          75
          76
          77
          78
          79
          80
          81
          82
          83
          84
          85
          86
          87
          88
          89
          90
          91
          92
          93
          94
          95
          96
          97
          98
          99
         100
         101
         102
         103
         104
         105
         106
         107
         108
         109
         110
         111
         112
         113
         114
         115
         116
         117
         118
         119
         120
         121
         122
         123
         124
         125
         126
         127
         128
         129
         130
         131
         132
         133
         134
         135
         136
         137
         138
         139
         140
         141
         142
         143
         144
         145
         146
         147
         148
         149
         150
         151
         152
         153
         154
         155
         156
         157
         158
         159
         160
         161
         162
         163
         164
         165
         166
         167
         168
         169
         170
         171
         172
         173
         174
         175
         176
         177
         178
         179
         180
         181
         182
         183
         184
         185
         186
         187
         188
         189
         190
         191
         192
         193
         194
         195
         196
         197
         198
         199
         200
         201
         202
         203
         204
         205
         206
         207
         208
         209
         210
         211
         212
         213
         214
         215
         216
         217
         218
         219
         220
         221
         222
         223
         224
         225
         226
         227
         228
         229
         230
         231
         232
         233
         234
         235
         236
         237
         238
         239
         240
         241
         242
         243
         244
         245
         246
         247
         248
         249
         250
         251
         252
         253
         254
         255
         256
         257
         258
         259
         260
         261
         262
         263
         264
         265
         266
         267
         268
         269
         270
 1 0 0
 0 0 0
 0 0 0
 0 0 0
 0 0 0
 0 0 0
 0 0 0
 0 0 0
 0 0 0
 0 0 0
 0 0 0
 0 0 0
 0 0 0
 0 0 0
 0 0 0
 0 0 0
 0 0 0
 0 0 0
 0 0 0
 0 0 0
 0 0 0
 0 0 0
 0 0 0
 0 0 0
 0 0 0
 0 0 0
 0 0 0
 0 0 0
 0 0 0
 0 0 0
 0 0 0
 0 0 0
 0 0 0
 0 0 0
 0 0 0
 0 0 0
 0 0 0
 0 0 0
 0 0 0
 0 0 0
 0 0 0
 0 0 0
 0 0 0
 0 0 0
 0 0 0
 0 0 0
 0 0 0
 0 0 0
 0 0 0
 0 0 0
 0 0 0
 0 0 0
 0 0 0
 0 0 0
 0 0 0
 0 0 0
 0 0 0
 0 0 0
 0 0 0
 0 0 0
 0 0 0
 0 0 0
 0 0 0
 0 0 0
 0 0 0
 0 0 0
 0 0 0
 0 0 0
 0 0 0
 0 0 0
 0 0 0
 0 0 0
 0 0 0
 0 0 0
 0 0 0
 0 0 0
 0 0 0
 0 0 0
 0 0 0
 0 0 0
 0 0 0
 0 0 0
 0 0 0
 0 0 0
 0 0 0
 0 0 0
 0 0 0
 0 0 0
 0 0 0
 0 0 0
 0 0 0
 0 0 0
 0 0 0
 0 0 0
 0 0 0
 0 0 0
 0 0 0
 0 0 0
 0 0 0
 0 0 0
 0 0 0
 0 0 0
 0 0 0
 0 0 0
 0 0 0
 0 0 0
 0 0 0
 0 0 0
 0 0 0
 0 0 0
 0 0 0
 0 0 0
 0 0 0
 0 0 0
 0 0 0
 0 0 0
 0 0 0
 0 0 0
 0 0 0
 0 0 0
 0 0 0
 0 0 0
 0 0 0
 0 0 0
 0 0 0
 0 0 0
 0 0 0
 0 0 0
 0 0 0
 0 0 0
 0 0 0
 0 0 0
 0 0 0
 0 0 0
 0 0 0
 0 0 0
 0 0 0
 0 0 0
 0 0 0
 0 0 0
 0 0 0
 0 0 0
 0 0 0
 0 0 0
 0 0 0
 0 0 0
 0 0 0
 0 0 0
 0 0 0
 0 0 0
 0 0 0
 0 0 0
 0 0 0
 0 0 0
 0 0 0
 0 0 0
 0 0 0
 0 0 0
 0 0 0
 0 0 0
 0 0 0
 0 0 0
 0 0 0
 0 0 0
 0 0 0
 0 0 0
 0 0 0
 0 0 0
 0 0 0
 0 0 0
 0 0 0
 0 0 0
 0 0 0
 0 0 0
 0 0 0
 0 0 0
 0 0 0
 0 0 0
 0 0 0
 0 0 0
 0 0 0
 0 0 0
 0 0 0
 0 0 0
 0 0 0
 0 0 0
 0 0 0
 0 0 0
 0 0 0
 0 0 0
 0 0 0
 0 0 0
 0 0 0
 0 0 0
 0 0 0
 0 0 0
 0 0 0
 0 0 0
 0 0 0
 0 0 0
 0 0 0
 0 0 0
 0 0 0
 0 0 0
 0 0 0
 0 0 0
 0 0 0
 0 0 0
 0 0 0
 0 0 0
 0 0 0
 0 0 0
 0 0 0
 0 0 0
 0 0 0
 0 0 0
 0 0 0
 0 0 0
 0 0 0
 0 0 0
 0 0 0
 0 0 0
 0 0 0
 0 0 0
 0 0 0
 0 0 0
 0 0 0
 0 0 0
 0 0 0
 0 0 0
 0 0 0
 0 0 0
 0 0 0
 0 0 0
 0 0 0
 0 0 0
 0 0 0
 0 0 0
 0 0 0
 0 0 0
 0 0 0
 0 0 0
 0 0 0
 0 0 0
 0 0 0
 0 0 0
 0 0 0
 0 0 0
 0 0 0
 0 0 0
 0 0 0
 0 0 0
 0 0 0
 0 0 0
 0 0 0
 0 0 0
 0 0 0
 0 0 0
 0 0 0
 0 0 0
 0 0 0
 0 0 0
 0 0 0
 0 0 0
 0 0 0
 0 0 0
 0 0 0
 0 0 0
 0 0 0
 0 0 0
 0 0 0
  0.000000000  0.000000000  0.000000000
  0.000000000  0.000000000  0.000000000
  0.000000000  0.000000000  0.000000000
  0.000000000  0.000000000  0.000000000
  0.000000000  0.000000000  0.000000000
  0.000000000  0.000000000  0.000000000
  0.000000000  0.000000000  0.000000000
  0.000000000  0.000000000  0.000000000
  0.000000000  0.000000000  0.000000000
  0.000000000  0.000000000  0.000000000
  0.000000000  0.000000000  0.000000000
  0.000000000  0.000000000  0.000000000
  0.000000000  0.000000000  0.000000000
  0.000000000  0.000000000  0.000000000
  0.000000000  0.000000000  0.000000000
  0.000000000  0.000000000  0.000000000
  0.000000000  0.000000000  0.000000000
  0.000000000  0.000000000  0.000000000
  0.000000000  0.000000000  0.000000000
  0.000000000  0.000000000  0.000000000
  0.000000000  0.000000000  0.000000000
  0.000000000  0.000000000  0.000000000
  0.000000000  0.000000000  0.000000000
  0.000000000  0.000000000  0.000000000
  0.000000000  0.000000000  0.000000000
  0.000000000  0.000000000  0.000000000
  0.000000000  0.000000000  0.000000000
  0.000000000  0.000000000  0.000000000
  0.000000000  0.000000000  0.000000000
  0.000000000  0.000000000  0.000000000
  0.000000000  0.000000000  0.000000000
  0.000000000  0.000000000  0.000000000
  0.000000000  0.000000000  0.000000000
  0.000000000  0.000000000  0.000000000
  0.000000000  0.000000000  0.000000000
  0.000000000  0.000000000  0.000000000
  0.000000000  0.000000000  0.000000000
  0.000000000  0.000000000  0.000000000
  0.000000000  0.000000000  0.000000000
  0.000000000  0.000000000  0.000000000
  0.000000000  0.000000000  0.000000000
  0.000000000  0.000000000  0.000000000
  0.000000000  0.000000000  0.000000000
  0.000000000  0.000000000  0.000000000
  0.000000000  0.000000000  0.000000000
  0.000000000  0.000000000  0.000000000
  0.000000000  0.000000000  0.000000000
  0.000000000  0.000000000  0.000000000
  0.000000000  0.000000000  0.000000000
  0.000000000  0.000000000  0.000000000
  0.000000000  0.000000000  0.000000000
  0.000000000  0.000000000  0.000000000
  0.000000000  0.000000000  0.000000000
  0.000000000  0.000000000  0.000000000
  0.000000000  0.000000000  0.000000000
  0.000000000  0.000000000  0.000000000
  0.000000000  0.000000000  0.000000000
  0.000000000  0.000000000  0.000000000
  0.000000000  0.000000000  0.000000000
  0.000000000  0.000000000  0.000000000
  0.000000000  0.000000000  0.000000000
  0.000000000  0.000000000  0.000000000
  0.000000000  0.000000000  0.000000000
  0.000000000  0.000000000  0.000000000
  0.000000000  0.000000000  0.000000000
  0.000000000  0.000000000  0.000000000
  0.000000000  0.000000000  0.000000000
  0.000000000  0.000000000  0.000000000
  0.000000000  0.000000000  0.000000000
  0.000000000  0.000000000  0.000000000
  0.000000000  0.000000000  0.000000000
  0.000000000  0.000000000  0.000000000
  0.000000000  0.000000000  0.000000000
  0.000000000  0.000000000  0.000000000
  0.000000000  0.000000000  0.000000000
  0.000000000  0.000000000  0.000000000
  0.000000000  0.000000000  0.000000000
  0.000000000  0.000000000  0.000000000
  0.000000000  0.000000000  0.000000000
  0.000000000  0.000000000  0.000000000
  0.000000000  0.000000000  0.000000000
  0.000000000  0.000000000  0.000000000
  0.000000000  0.000000000  0.000000000
  0.000000000  0.000000000  0.000000000
  0.000000000  0.000000000  0.000000000
  0.000000000  0.000000000  0.000000000
  0.000000000  0.000000000  0.000000000
  0.000000000  0.000000000  0.000000000
  0.000000000  0.000000000  0.000000000
  0.000000000  0.000000000  0.000000000
  0.000000000  0.000000000  0.000000000
  0.000000000  0.000000000  0.000000000
  0.000000000  0.000000000  0.000000000
  0.000000000  0.000000000  0.000000000
  0.000000000  0.000000000  0.000000000
  0.000000000  0.000000000  0.000000000
  0.000000000  0.000000000  0.000000000
  0.000000000  0.000000000  0.000000000
  0.000000000  0.000000000  0.000000000
  0.000000000  0.000000000  0.000000000
  0.000000000  0.000000000  0.000000000
  0.000000000  0.000000000  0.000000000
  0.000000000  0.000000000  0.000000000
  0.000000000  0.000000000  0.000000000
  0.000000000  0.000000000  0.000000000
  0.000000000  0.000000000  0.000000000
  0.000000000  0.000000000  0.000000000
  0.000000000  0.000000000  0.000000000
  0.000000000  0.000000000  0.000000000
  0.000000000  0.000000000  0.000000000
  0.000000000  0.000000000  0.000000000
  0.000000000  0.000000000  0.000000000
  0.000000000  0.000000000  0.000000000
  0.000000000  0.000000000  0.000000000
  0.000000000  0.000000000  0.000000000
  0.000000000  0.000000000  0.000000000
  0.000000000  0.000000000  0.000000000
  0.000000000  0.000000000  0.000000000
  0.000000000  0.000000000  0.000000000
  0.000000000  0.000000000  0.000000000
  0.000000000  0.000000000  0.000000000
  0.000000000  0.000000000  0.000000000
  0.000000000  0.000000000  0.000000000
  0.000000000  0.000000000  0.000000000
  0.000000000  0.000000000  0.000000000
  0.000000000  0.000000000  0.000000000
  0.000000000  0.000000000  0.000000000
  0.000000000  0.000000000  0.000000000
  0.000000000  0.000000000  0.000000000
  0.000000000  0.000000000  0.000000000
  0.000000000  0.000000000  0.000000000
  0.000000000  0.000000000  0.000000000
  0.000000000  0.000000000  0.000000000
  0.000000000  0.000000000  0.000000000
  0.000000000  0.000000000  0.000000000
  0.000000000  0.000000000  0.000000000
  0.000000000  0.000000000  0.000000000
  0.000000000  0.000000000  0.000000000
  0.000000000  0.000000000  0.000000000
  0.000000000  0.000000000  0.000000000
  0.000000000  0.000000000  0.000000000
  0.000000000  0.000000000  0.000000000
  0.000000000  0.000000000  0.000000000
  0.000000000  0.000000000  0.000000000
  0.000000000  0.000000000  0.000000000
  0.000000000  0.000000000  0.000000000
  0.000000000  0.000000000  0.000000000
  0.000000000  0.000000000  0.000000000
  0.000000000  0.000000000  0.000000000
  0.000000000  0.000000000  0.000000000
  0.000000000  0.000000000  0.000000000
  0.000000000  0.000000000  0.000000000
  0.000000000  0.000000000  0.000000000
  0.000000000  0.000000000  0.000000000
  0.000000000  0.000000000  0.000000000
  0.000000000  0.000000000  0.000000000
  0.000000000  0.000000000  0.000000000
  0.000000000  0.000000000  0.000000000
  0.000000000  0.000000000  0.000000000
  0.000000000  0.000000000  0.000000000
  0.000000000  0.000000000  0.000000000
  0.000000000  0.000000000  0.000000000
  0.000000000  0.000000000  0.000000000
  0.000000000  0.000000000  0.000000000
  0.000000000  0.000000000  0.000000000
  0.000000000  0.000000000  0.000000000
  0.000000000  0.000000000  0.000000000
  0.000000000  0.000000000  0.000000000
  0.000000000  0.000000000  0.000000000
  0.000000000  0.000000000  0.000000000
  0.000000000  0.000000000  0.000000000
  0.000000000  0.000000000  0.000000000
  0.000000000  0.000000000  0.000000000
  0.000000000  0.000000000  0.000000000
  0.000000000  0.000000000  0.000000000
  0.000000000  0.000000000  0.000000000
  0.000000000  0.000000000  0.000000000
  0.000000000  0.000000000  0.000000000
  0.000000000  0.000000000  0.000000000
  0.000000000  0.000000000  0.000000000
  0.000000000  0.000000000  0.000000000
  0.000000000  0.000000000  0.000000000
  0.000000000  0.000000000  0.000000000
  0.000000000  0.000000000  0.000000000
  0.000000000  0.000000000  0.000000000
  0.000000000  0.000000000  0.000000000
  0.000000000  0.000000000  0.000000000
  0.000000000  0.000000000  0.000000000
  0.000000000  0.000000000  0.000000000
  0.000000000  0.000000000  0.000000000
  0.000000000  0.000000000  0.000000000
  0.000000000  0.000000000  0.000000000
  0.000000000  0.000000000  0.000000000
  0.000000000  0.000000000  0.000000000
  0.000000000  0.000000000  0.000000000
  0.000000000  0.000000000  0.000000000
  0.000000000  0.000000000  0.000000000
  0.000000000  0.000000000  0.000000000
  0.000000000  0.000000000  0.000000000
  0.000000000  0.000000000  0.000000000
  0.000000000  0.000000000  0.000000000
  0.000000000  0.000000000  0.000000000
  0.000000000  0.000000000  0.000000000
  0.000000000  0.000000000  0.000000000
  0.000000000  0.000000000  0.000000000
  0.000000000  0.000000000  0.000000000
  0.000000000  0.000000000  0.000000000
  0.000000000  0.000000000  0.000000000
  0.000000000  0.000000000  0.000000000
  0.000000000  0.000000000  0.000000000
  0.000000000  0.000000000  0.000000000
  0.000000000  0.000000000  0.000000000
  0.000000000  0.000000000  0.000000000
  0.000000000  0.000000000  0.000000000
  0.000000000  0.000000000  0.000000000
  0.000000000  0.000000000  0.000000000
  0.000000000  0.000000000  0.000000000
  0.000000000  0.000000000  0.000000000
  0.000000000  0.000000000  0.000000000
  0.000000000  0.000000000  0.000000000
  0.000000000  0.000000000  0.000000000
  0.000000000  0.000000000  0.000000000
  0.000000000  0.000000000  0.000000000
  0.000000000  0.000000000  0.000000000
  0.000000000  0.000000000  0.000000000
  0.000000000  0.000000000  0.000000000
  0.000000000  0.000000000  0.000000000
  0.000000000  0.000000000  0.000000000
  0.000000000  0.000000000  0.000000000
  0.000000000  0.000000000  0.000000000
  0.000000000  0.000000000  0.000000000
  0.000000000  0.000000000  0.000000000
  0.000000000  0.000000000  0.000000000
  0.000000000  0.000000000  0.000000000
  0.000000000  0.000000000  0.000000000
  0.000000000  0.000000000  0.000000000
  0.000000000  0.000000000  0.000000000
  0.000000000  0.000000000  0.000000000
  0.000000000  0.000000000  0.000000000
  0.000000000  0.000000000  0.000000000
  0.000000000  0.000000000  0.000000000
  0.000000000  0.000000000  0.000000000
  0.000000000  0.000000000  0.000000000
  0.000000000  0.000000000  0.000000000
  0.000000000  0.000000000  0.000000000
  0.000000000  0.000000000  0.000000000
  0.000000000  0.000000000  0.000000000
  0.000000000  0.000000000  0.000000000
  0.000000000  0.000000000  0.000000000
  0.000000000  0.000000000  0.000000000
  0.000000000  0.000000000  0.000000000
  0.000000000  0.000000000  0.000000000
  0.000000000  0.000000000  0.000000000
  0.000000000  0.000000000  0.000000000
  0.000000000  0.000000000  0.000000000
  0.000000000  0.000000000  0.000000000
  0.000000000  0.000000000  0.000000000
  0.000000000  0.000000000  0.000000000
  0.000000000  0.000000000  0.000000000
  0.000000000  0.000000000  0.000000000
  0.000000000  0.000000000  0.000000000
  0.000000000  0.000000000  0.000000000
  0.000000000  0.000000000  0.000000000
  0.000000000  0.000000000  0.000000000
  0.000000000  0.000000000  0.000000000
  0.000000000  0.000000000  0.000000000
  0.000000000  0.000000000  0.000000000
  0.000000000  0.000000000  0.000000000
  0.000000000  0.000000000  0.000000000
  0.000000000  0.000000000  0.000000000
 0 0 0
 0 0 0
 0 0 0
 0 0 0
 0 0 0
 0 0 0
 0 0 0
 0 0 0
 0 0 0
 0 0 0
 0 0 0
 0 0 0
 0 0 0
 0 0 0
 0 0 0
 0 0 0
 0 0 0
 0 0 0
 0 0 0
 0 0 0
 0 0 0
 0 0 0
 0 0 0
 0 0 0
 0 0 0
 0 0 0
 0 0 0
 0 0 0
 0 0 0
 0 0 0
 0 0 0
 0 0 0
 0 0 0
 0 0 0
 0 0 0
 0 0 0
 0 0 0
 0 0 0
 0 0 0
 0 0 0
 0 0 0
 0 0 0
 0 0 0
 0 0 0
 0 0 0
 0 0 0
 0 0 0
 0 0 0
 0 0 0
 0 0 0
 0 0 0
 0 0 0
 0 0 0
 0 0 0
 0 0 0
 0 0 0
 0 0 0
 0 0 0
 0 0 0
 0 0 0
 0 0 0
 0 0 0
 0 0 0
 0 0 0
 0 0 0
 0 0 0
 0 0 0
 0 0 0
 0 0 0
 0 0 0
 0 0 0
 0 0 0
 0 0 0
 0 0 0
 0 0 0
 0 0 0
 0 0 0
 0 0 0
 0 0 0
 0 0 0
 0 0 0
 0 0 0
 0 0 0
 0 0 0
 0 0 0
 0 0 0
 0 0 0
 0 0 0
 0 0 0
 0 0 0
 0 0 0
 0 0 0
 0 0 0
 0 0 0
 0 0 0
 0 0 0
 0 0 0
 0 0 0
 0 0 0
 0 0 0
 0 0 0
 0 0 0
 0 0 0
 0 0 0
 0 0 0
 0 0 0
 0 0 0
 0 0 0
 0 0 0
 0 0 0
 0 0 0
 0 0 0
 0 0 0
 0 0 0
 0 0 0
 0 0 0
 0 0 0
 0 0 0
 0 0 0
 0 0 0
 0 0 0
 0 0 0
 0 0 0
 0 0 0
 0 0 0
 0 0 0
 0 0 0
 0 0 0
 0 0 0
 0 0 0
 0 0 0
 0 0 0
 0 0 0
 0 0 0
 0 0 0
 0 0 0
 0 0 0
 0 0 0
 0 0 0
 0 0 0
 0 0 0
 0 0 0
 0 0 0
 0 0 0
 0 0 0
 0 0 0
 0 0 0
 0 0 0
 0 0 0
 0 0 0
 0 0 0
 0 0 0
 0 0 0
 0 0 0
 0 0 0
 0 0 0
 0 0 0
 0 0 0
 0 0 0
 0 0 0
 0 0 0
 0 0 0
 0 0 0
 0 0 0
 0 0 0
 0 0 0
 0 0 0
 0 0 0
 0 0 0
 0 0 0
 0 0 0
 0 0 0
 0 0 0
 0 0 0
 0 0 0
 0 0 0
 0 0 0
 0 0 0
 0 0 0
 0 0 0
 0 0 0
 0 0 0
 0 0 0
 0 0 0
 0 0 0
 0 0 0
 0 0 0
 0 0 0
 0 0 0
 0 0 0
 0 0 0
 0 0 0
 0 0 0
 0 0 0
 0 0 0
 0 0 0
  0.000000000  0.000000000  0.000000000
  0.000000000  0.000000000  0.000000000
  0.000000000  0.000000000  0.000000000
  0.000000000  0.000000000  0.000000000
  0.000000000  0.000000000  0.000000000
  0.000000000  0.000000000  0.000000000
  0.000000000  0.000000000  0.000000000
  0.000000000  0.000000000  0.000000000
  0.000000000  0.000000000  0.000000000
  0.000000000  0.000000000  0.000000000
  0.000000000  0.000000000  0.000000000
  0.000000000  0.000000000  0.000000000
  0.000000000  0.000000000  0.000000000
  0.000000000  0.000000000  0.000000000
  0.000000000  0.000000000  0.000000000
  0.000000000  0.000000000  0.000000000
  0.000000000  0.000000000  0.000000000
  0.000000000  0.000000000  0.000000000
  0.000000000  0.000000000  0.000000000
  0.000000000  0.000000000  0.000000000
  0.000000000  0.000000000  0.000000000
  0.000000000  0.000000000  0.000000000
  0.000000000  0.000000000  0.000000000
  0.000000000  0.000000000  0.000000000
  0.000000000  0.000000000  0.000000000
  0.000000000  0.000000000  0.000000000
  0.000000000  0.000000000  0.000000000
  0.000000000  0.000000000  0.000000000
  0.000000000  0.000000000  0.000000000
  0.000000000  0.000000000  0.000000000
  0.000000000  0.000000000  0.000000000
  0.000000000  0.000000000  0.000000000
  0.000000000  0.000000000  0.000000000
  0.000000000  0.000000000  0.000000000
  0.000000000  0.000000000  0.000000000
  0.000000000  0.000000000  0.000000000
  0.000000000  0.000000000  0.000000000
  0.000000000  0.000000000  0.000000000
  0.000000000  0.000000000  0.000000000
  0.000000000  0.000000000  0.000000000
  0.000000000  0.000000000  0.000000000
  0.000000000  0.000000000  0.000000000
  0.000000000  0.000000000  0.000000000
  0.000000000  0.000000000  0.000000000
  0.000000000  0.000000000  0.000000000
  0.000000000  0.000000000  0.000000000
  0.000000000  0.000000000  0.000000000
  0.000000000  0.000000000  0.000000000
  0.000000000  0.000000000  0.000000000
  0.000000000  0.000000000  0.000000000
  0.000000000  0.000000000  0.000000000
  0.000000000  0.000000000  0.000000000
  0.000000000  0.000000000  0.000000000
  0.000000000  0.000000000  0.000000000
  0.000000000  0.000000000  0.000000000
  0.000000000  0.000000000  0.000000000
  0.000000000  0.000000000  0.000000000
  0.000000000  0.000000000  0.000000000
  0.000000000  0.000000000  0.000000000
  0.000000000  0.000000000  0.000000000
  0.000000000  0.000000000  0.000000000
  0.000000000  0.000000000  0.000000000
  0.000000000  0.000000000  0.000000000
  0.000000000  0.000000000  0.000000000
  0.000000000  0.000000000  0.000000000
  0.000000000  0.000000000  0.000000000
  0.000000000  0.000000000  0.000000000
  0.000000000  0.000000000  0.000000000
  0.000000000  0.000000000  0.000000000
  0.000000000  0.000000000  0.000000000
  0.000000000  0.000000000  0.000000000
  0.000000000  0.000000000  0.000000000
  0.000000000  0.000000000  0.000000000
  0.000000000  0.000000000  0.000000000
  0.000000000  0.000000000  0.000000000
  0.000000000  0.000000000  0.000000000
  0.000000000  0.000000000  0.000000000
  0.000000000  0.000000000  0.000000000
  0.000000000  0.000000000  0.000000000
  0.000000000  0.000000000  0.000000000
  0.000000000  0.000000000  0.000000000
  0.000000000  0.000000000  0.000000000
  0.000000000  0.000000000  0.000000000
  0.000000000  0.000000000  0.000000000
  0.000000000  0.000000000  0.000000000
  0.000000000  0.000000000  0.000000000
  0.000000000  0.000000000  0.000000000
  0.000000000  0.000000000  0.000000000
  0.000000000  0.000000000  0.000000000
  0.000000000  0.000000000  0.000000000
  0.000000000  0.000000000  0.000000000
  0.000000000  0.000000000  0.000000000
  0.000000000  0.000000000  0.000000000
  0.000000000  0.000000000  0.000000000
  0.000000000  0.000000000  0.000000000
  0.000000000  0.000000000  0.000000000
  0.000000000  0.000000000  0.000000000
  0.000000000  0.000000000  0.000000000
  0.000000000  0.000000000  0.000000000
  0.000000000  0.000000000  0.000000000
  0.000000000  0.000000000  0.000000000
  0.000000000  0.000000000  0.000000000
  0.000000000  0.000000000  0.000000000
  0.000000000  0.000000000  0.000000000
  0.000000000  0.000000000  0.000000000
  0.000000000  0.000000000  0.000000000
  0.000000000  0.000000000  0.000000000
  0.000000000  0.000000000  0.000000000
  0.000000000  0.000000000  0.000000000
  0.000000000  0.000000000  0.000000000
  0.000000000  0.000000000  0.000000000
  0.000000000  0.000000000  0.000000000
  0.000000000  0.000000000  0.000000000
  0.000000000  0.000000000  0.000000000
  0.000000000  0.000000000  0.000000000
  0.000000000  0.000000000  0.000000000
  0.000000000  0.000000000  0.000000000
  0.000000000  0.000000000  0.000000000
  0.000000000  0.000000000  0.000000000
  0.000000000  0.000000000  0.000000000
  0.000000000  0.000000000  0.000000000
  0.000000000  0.000000000  0.000000000
  0.000000000  0.000000000  0.000000000
  0.000000000  0.000000000  0.000000000
  0.000000000  0.000000000  0.000000000
  0.000000000  0.000000000  0.000000000
  0.000000000  0.000000000  0.000000000
  0.000000000  0.000000000  0.000000000
  0.000000000  0.000000000  0.000000000
  0.000000000  0.000000000  0.000000000
  0.000000000  0.000000000  0.000000000
  0.000000000  0.000000000  0.000000000
  0.000000000  0.000000000  0.000000000
  0.000000000  0.000000000  0.000000000
  0.000000000  0.000000000  0.000000000
  0.000000000  0.000000000  0.000000000
  0.000000000  0.000000000  0.000000000
  0.000000000  0.000000000  0.000000000
  0.000000000  0.000000000  0.000000000
  0.000000000  0.000000000  0.000000000
  0.000000000  0.000000000  0.000000000
  0.000000000  0.000000000  0.000000000
  0.000000000  0.000000000  0.000000000
  0.000000000  0.000000000  0.000000000
  0.000000000  0.000000000  0.000000000
  0.000000000  0.000000000  0.000000000
  0.000000000  0.000000000  0.000000000
  0.000000000  0.000000000  0.000000000
  0.000000000  0.000000000  0.000000000
  0.000000000  0.000000000  0.000000000
  0.000000000  0.000000000  0.000000000
  0.000000000  0.000000000  0.000000000
  0.000000000  0.000000000  0.000000000
  0.000000000  0.000000000  0.000000000
  0.000000000  0.000000000  0.000000000
  0.000000000  0.000000000  0.000000000
  0.000000000  0.000000000  0.000000000
  0.000000000  0.000000000  0.000000000
  0.000000000  0.000000000  0.000000000
  0.000000000  0.000000000  0.000000000
  0.000000000  0.000000000  0.000000000
  0.000000000  0.000000000  0.000000000
  0.000000000  0.000000000  0.000000000
  0.000000000  0.000000000  0.000000000
  0.000000000  0.000000000  0.000000000
  0.000000000  0.000000000  0.000000000
  0.000000000  0.000000000  0.000000000
  0.000000000  0.000000000  0.000000000
  0.000000000  0.000000000  0.000000000
  0.000000000  0.000000000  0.000000000
  0.000000000  0.000000000  0.000000000
  0.000000000  0.000000000  0.000000000
  0.000000000  0.000000000  0.000000000
  0.000000000  0.000000000  0.000000000
  0.000000000  0.000000000  0.000000000
  0.000000000  0.000000000  0.000000000
  0.000000000  0.000000000  0.000000000
  0.000000000  0.000000000  0.000000000
  0.000000000  0.000000000  0.000000000
  0.000000000  0.000000000  0.000000000
  0.000000000  0.000000000  0.000000000
  0.000000000  0.000000000  0.000000000
  0.000000000  0.000000000  0.000000000
  0.000000000  0.000000000  0.000000000
  0.000000000  0.000000000  0.000000000
  0.000000000  0.000000000  0.000000000
  0.000000000  0.000000000  0.000000000
  0.000000000  0.000000000  0.000000000
  0.000000000  0.000000000  0.000000000
  0.000000000  0.000000000  0.000000000
  0.000000000  0.000000000  0.000000000
  0.000000000  0.000000000  0.000000000
  0.000000000  0.000000000  0.000000000
  0.000000000  0.000000000  0.000000000
  0.000000000  0.000000000  0.000000000
  0.000000000  0.000000000  0.000000000
  0.000000000  0.000000000  0.000000000
  0.000000000  0.000000000  0.000000000
  0.000000000  0.000000000  0.000000000
  0.000000000  0.000000000  0.000000000
  0.000000000  0.000000000  0.000000000
  0.000000000  0.000000000  0.000000000
  0.000000000  0.000000000  0.000000000
  0.000000000  0.000000000  0.000000000
  0.000000000  0.000000000  0.000000000
  0.000000000  0.000000000  0.000000000
  0.000000000  0.000000000  0.000000000
  0.000000000  0.000000000  0.000000000
  0.000000000  0.000000000  0.000000000
  0.000000000  0.000000000  0.000000000
  0.000000000  0.000000000  0.000000000
  0.000000000  0.000000000  0.000000000
  0.000000000  0.000000000  0.000000000
  0.000000000  0.000000000  0.000000000
  0.000000000  0.000000000  0.000000000
  0.000000000  0.000000000  0.000000000
  0.000000000  0.000000000  0.000000000
  0.000000000  0.000000000  0.000000000
  0.000000000  0.000000000  0.000000000
  0.000000000  0.000000000  0.000000000
  0.000000000  0.000000000  0.000000000
  0.000000000  0.000000000  0.000000000
  0.000000000  0.000000000  0.000000000
  0.000000000  0.000000000  0.000000000
  0.000000000  0.000000000  0.000000000
  0.000000000  0.000000000  0.000000000
  0.000000000  0.000000000  0.000000000
  0.000000000  0.000000000  0.000000000
  0.000000000  0.000000000  0.000000000
  0.000000000  0.000000000  0.000000000
  0.000000000  0.000000000  0.000000000
  0.000000000  0.000000000  0.000000000
  0.000000000  0.000000000  0.000000000
  0.000000000  0.000000000  0.000000000
  0.000000000  0.000000000  0.000000000
  0.000000000  0.000000000  0.000000000
  0.000000000  0.000000000  0.000000000
  0.000000000  0.000000000  0.000000000
  0.000000000  0.000000000  0.000000000
  0.000000000  0.000000000  0.000000000
  0.000000000  0.000000000  0.000000000
  0.000000000  0.000000000  0.000000000
  0.000000000  0.000000000  0.000000000
  0.000000000  0.000000000  0.000000000
  0.000000000  0.000000000  0.000000000
  0.000000000  0.000000000  0.000000000
  0.000000000  0.000000000  0.000000000
  0.000000000  0.000000000  0.000000000
  0.000000000  0.000000000  0.000000000
  0.000000000  0.000000000  0.000000000
  0.000000000  0.000000000  0.000000000
  0.000000000  0.000000000  0.000000000
  0.000000000  0.000000000  0.000000000
  0.000000000  0.000000000  0.000000000
  0.000000000  0.000000000  0.000000000
  0.000000000  0.000000000  0.000000000
  0.000000000  0.000000000  0.000000000
  0.000000000  0.000000000  0.000000000
  0.000000000  0.000000000  0.000000000
  0.000000000  0.000000000  0.000000000
  0.000000000  0.000000000  0.000000000
  0.000000000  0.000000000  0.000000000
  0.000000000  0.000000000  0.000000000
  0.000000000  0.000000000  0.000000000
  0.000000000  0.000000000  0.000000000
  0.000000000  0.000000000  0.000000000
  0.000000000  0.000000000  0.000000000
  0.000000000  0.000000000  0.000000000
  0.000000000  0.000000000  0.000000000
  0.000000000  0.000000000  0.000000000
  0.000000000  0.000000000  0.000000000
  0.000000000  0.000000000  0.000000000
  0.000000000  0.000000000  0.000000000
  0.000000000  0.000000000  0.000000000
  0.000000000  0.000000000  0.000000000
  0.000000000  0.000000000  0.000000000
  0.000000000  0.000000000  0.000000000
  0.000000000  0.000000000  0.000000000
  0.000000000  0.000000000  0.000000000
  0.000000000  0.000000000  0.000000000
  0.000000000  0.000000000  0.000000000
  0.000000000  0.000000000  0.000000000
  0.000000000  0.000000000  0.000000000
  0.000000000  0.000000000  0.000000000
  0.000000000  0.000000000  0.000000000
  0.000000000  0.000000000  0.000000000
  0.000000000  0.000000000  0.000000000
   1.06000000000000     
   1.06000000000000     
   1.06000000000000     
   1.06000000000000     
   1.06000000000000     
   1.06000000000000     
   1.06000000000000     
   1.06000000000000     
   1.06000000000000     
   1.06000000000000     
   1.06000000000000     
   1.06000000000000     
   1.06000000000000     
   1.06000000000000     
   1.06000000000000     
   1.06000000000000     
   1.06000000000000     
   1.06000000000000     
   1.06000000000000     
   1.06000000000000     
   1.06000000000000     
   1.06000000000000     
   1.06000000000000     
   1.06000000000000     
   1.06000000000000     
   1.06000000000000     
   1.06000000000000     
   1.06000000000000     
   1.06000000000000     
   1.06000000000000     
   1.06000000000000     
   1.06000000000000     
   1.06000000000000     
   1.06000000000000     
   1.06000000000000     
   1.06000000000000     
   1.06000000000000     
   1.06000000000000     
   1.06000000000000     
   1.06000000000000     
   1.06000000000000     
   1.06000000000000     
   1.06000000000000     
   1.06000000000000     
   1.06000000000000     
   1.06000000000000     
   1.06000000000000     
   1.06000000000000     
   1.06000000000000     
   1.06000000000000     
   1.06000000000000     
   1.06000000000000     
   1.06000000000000     
   1.06000000000000     
   1.06000000000000     
   1.06000000000000     
   1.06000000000000     
   1.06000000000000     
   1.06000000000000     
   1.06000000000000     
   1.06000000000000     
   1.06000000000000     
   1.06000000000000     
   1.06000000000000     
   1.06000000000000     
   1.06000000000000     
   1.06000000000000     
   1.06000000000000     
   1.06000000000000     
   1.06000000000000     
   1.06000000000000     
   1.06000000000000     
   1.06000000000000     
   1.06000000000000     
   1.06000000000000     
   1.06000000000000     
   1.06000000000000     
   1.06000000000000     
   1.06000000000000     
   1.06000000000000     
   1.06000000000000     
   1.06000000000000     
   1.06000000000000     
   1.06000000000000     
   1.06000000000000     
   1.06000000000000     
   1.06000000000000     
   1.06000000000000     
   1.06000000000000     
   1.06000000000000     
   1.06000000000000     
  3.000000000000000E-002
  3.000000000000000E-002
  3.000000000000000E-002
  3.000000000000000E-002
  3.000000000000000E-002
  3.000000000000000E-002
  3.000000000000000E-002
  3.000000000000000E-002
  3.000000000000000E-002
  3.000000000000000E-002
  3.000000000000000E-002
  3.000000000000000E-002
  3.000000000000000E-002
  3.000000000000000E-002
  3.000000000000000E-002
  3.000000000000000E-002
  3.000000000000000E-002
  3.000000000000000E-002
  3.000000000000000E-002
  3.000000000000000E-002
  3.000000000000000E-002
  3.000000000000000E-002
  3.000000000000000E-002
  3.000000000000000E-002
  3.000000000000000E-002
  3.000000000000000E-002
  3.000000000000000E-002
  3.000000000000000E-002
  3.000000000000000E-002
  3.000000000000000E-002
  3.000000000000000E-002
  3.000000000000000E-002
  3.000000000000000E-002
  3.000000000000000E-002
  3.000000000000000E-002
  3.000000000000000E-002
  3.000000000000000E-002
  3.000000000000000E-002
  3.000000000000000E-002
  3.000000000000000E-002
  3.000000000000000E-002
  3.000000000000000E-002
  3.000000000000000E-002
  3.000000000000000E-002
  3.000000000000000E-002
  3.000000000000000E-002
  3.000000000000000E-002
  3.000000000000000E-002
  3.000000000000000E-002
  3.000000000000000E-002
  3.000000000000000E-002
  3.000000000000000E-002
  3.000000000000000E-002
  3.000000000000000E-002
  3.000000000000000E-002
  3.000000000000000E-002
  3.000000000000000E-002
  3.000000000000000E-002
  3.000000000000000E-002
  3.000000000000000E-002
  3.000000000000000E-002
  3.000000000000000E-002
  3.000000000000000E-002
  3.000000000000000E-002
  3.000000000000000E-002
  3.000000000000000E-002
  3.000000000000000E-002
  3.000000000000000E-002
  3.000000000000000E-002
  3.000000000000000E-002
  3.000000000000000E-002
  3.000000000000000E-002
  3.000000000000000E-002
  3.000000000000000E-002
  3.000000000000000E-002
  3.000000000000000E-002
  3.000000000000000E-002
  3.000000000000000E-002
  3.000000000000000E-002
  3.000000000000000E-002
  3.000000000000000E-002
  3.000000000000000E-002
  3.000000000000000E-002
  3.000000000000000E-002
  3.000000000000000E-002
  3.000000000000000E-002
  3.000000000000000E-002
  3.000000000000000E-002
  3.000000000000000E-002
  3.000000000000000E-002
  3.000000000000000E-002
