           3
 2 1 2
   9   2   6
  0.000000000  0.000000000  0.000000000  0.250000000  0.250000000  0.500000000  0.500000000  0.750000000  0.750000000  1.000000000  1.000000000  1.000000000
  0.000000000  0.000000000  1.000000000  1.000000000
  0.564904863  0.564904863  0.564904863  0.565539112  0.566173362  0.566807611  0.567441860  0.567441860  0.567441860
 -0.215288955860E+02 -0.319233423300E+01  0.396135587290E+02  0.100000000000E+01
 -0.215288955860E+02 -0.319233423300E+01  0.396135587290E+02  0.707106761751E+00
 -0.215288955860E+02 -0.319233423300E+01  0.396135587290E+02  0.100000000000E+01
 -0.215288955860E+02 -0.319233423300E+01  0.396135587290E+02  0.707106738195E+00
 -0.215288955860E+02 -0.319233423300E+01  0.396135587290E+02  0.100000000000E+01
 -0.215288955860E+02 -0.319233423300E+01  0.396135587290E+02  0.707106572889E+00
 -0.215288955860E+02 -0.319233423300E+01  0.396135587290E+02  0.100000000000E+01
 -0.215288955860E+02 -0.319233423300E+01  0.396135587290E+02  0.707106416962E+00
 -0.215288955860E+02 -0.319233423300E+01  0.396135587290E+02  0.100000000000E+01
 -0.220313356490E+02 -0.405807589800E+01  0.393507451640E+02  0.100000000000E+01
 -0.212987598490E+02 -0.455183795300E+01  0.398365970350E+02  0.707106761751E+00
 -0.207202039630E+02 -0.382605324800E+01  0.401550754930E+02  0.100000000000E+01
 -0.201612376810E+02 -0.280816740700E+01  0.404442573000E+02  0.707106738195E+00
 -0.207483302700E+02 -0.184735904500E+01  0.400218554000E+02  0.100000000000E+01
 -0.203969478080E+02 -0.231426066700E+01  0.390157377470E+02  0.707106572889E+00
 -0.208662490430E+02 -0.327101271900E+01  0.386059104410E+02  0.100000000000E+01
 -0.214206762030E+02 -0.399525101500E+01  0.385723171520E+02  0.707106416962E+00
 -0.220313356490E+02 -0.405807589800E+01  0.393507451640E+02  0.100000000000E+01
 -0.211860287020E+02 -0.334113485800E+01  0.395168182500E+02  0.100000000000E+01
 -0.211860287020E+02 -0.334113485800E+01  0.395168182500E+02  0.707106820714E+00
 -0.211860287020E+02 -0.334113485800E+01  0.395168182500E+02  0.100000000000E+01
 -0.211860287020E+02 -0.334113485800E+01  0.395168182500E+02  0.707106735220E+00
 -0.211860287020E+02 -0.334113485800E+01  0.395168182500E+02  0.100000000000E+01
 -0.211860287020E+02 -0.334113485800E+01  0.395168182500E+02  0.707106536811E+00
 -0.211860287020E+02 -0.334113485800E+01  0.395168182500E+02  0.100000000000E+01
 -0.211860287020E+02 -0.334113485800E+01  0.395168182500E+02  0.707106525167E+00
 -0.211860287020E+02 -0.334113485800E+01  0.395168182500E+02  0.100000000000E+01
 -0.216347683240E+02 -0.416073130100E+01  0.393259363440E+02  0.100000000000E+01
 -0.211297341380E+02 -0.448438085600E+01  0.399371388840E+02  0.707106820714E+00
 -0.206747847400E+02 -0.377285746500E+01  0.401686494990E+02  0.100000000000E+01
 -0.203226380860E+02 -0.297014180200E+01  0.402676945140E+02  0.707106735220E+00
 -0.205856629160E+02 -0.224459905500E+01  0.397721999270E+02  0.100000000000E+01
 -0.204713543780E+02 -0.253417430300E+01  0.388976313840E+02  0.707106536811E+00
 -0.208577578870E+02 -0.330870284000E+01  0.386058433830E+02  0.100000000000E+01
 -0.212909130660E+02 -0.405083811800E+01  0.385123589000E+02  0.707106525167E+00
 -0.216347683240E+02 -0.416073130100E+01  0.393259363440E+02  0.100000000000E+01
 -0.208561844900E+02 -0.351508217100E+01  0.394168255160E+02  0.100000000000E+01
 -0.208561844900E+02 -0.351508217100E+01  0.394168255160E+02  0.707106432605E+00
 -0.208561844900E+02 -0.351508217100E+01  0.394168255160E+02  0.100000000000E+01
 -0.208561844900E+02 -0.351508217100E+01  0.394168255160E+02  0.707106477206E+00
 -0.208561844900E+02 -0.351508217100E+01  0.394168255160E+02  0.100000000000E+01
 -0.208561844900E+02 -0.351508217100E+01  0.394168255160E+02  0.707107399758E+00
 -0.208561844900E+02 -0.351508217100E+01  0.394168255160E+02  0.100000000000E+01
 -0.208561844900E+02 -0.351508217100E+01  0.394168255160E+02  0.707107085192E+00
 -0.208561844900E+02 -0.351508217100E+01  0.394168255160E+02  0.100000000000E+01
 -0.213381600830E+02 -0.429861317000E+01  0.393080011760E+02  0.100000000000E+01
 -0.209771933040E+02 -0.441769234200E+01  0.399541304940E+02  0.707106432605E+00
 -0.205760984200E+02 -0.377569151500E+01  0.400527267100E+02  0.100000000000E+01
 -0.202920016570E+02 -0.321559915400E+01  0.400382863680E+02  0.707106477206E+00
 -0.204721679380E+02 -0.289080091400E+01  0.395035298210E+02  0.100000000000E+01
 -0.204869359040E+02 -0.291685834300E+01  0.388483465320E+02  0.707107399758E+00
 -0.208046631710E+02 -0.343391814600E+01  0.386042573020E+02  0.100000000000E+01
 -0.212473926290E+02 -0.415367671500E+01  0.384950695290E+02  0.707107085192E+00
 -0.213381600830E+02 -0.429861317000E+01  0.393080011760E+02  0.100000000000E+01
 -0.205383768520E+02 -0.370763079100E+01  0.393118995380E+02  0.100000000000E+01
 -0.205383768520E+02 -0.370763079100E+01  0.393118995380E+02  0.707107469329E+00
 -0.205383768520E+02 -0.370763079100E+01  0.393118995380E+02  0.100000000000E+01
 -0.205383768520E+02 -0.370763079100E+01  0.393118995380E+02  0.707107168216E+00
 -0.205383768520E+02 -0.370763079100E+01  0.393118995380E+02  0.100000000000E+01
 -0.205383768520E+02 -0.370763079100E+01  0.393118995380E+02  0.707105911476E+00
 -0.205383768520E+02 -0.370763079100E+01  0.393118995380E+02  0.100000000000E+01
 -0.205383768520E+02 -0.370763079100E+01  0.393118995380E+02  0.707106575727E+00
 -0.205383768520E+02 -0.370763079100E+01  0.393118995380E+02  0.100000000000E+01
 -0.210285585560E+02 -0.445757004000E+01  0.392764187340E+02  0.100000000000E+01
 -0.207773824180E+02 -0.439778866100E+01  0.398994437680E+02  0.707107469329E+00
 -0.204004205990E+02 -0.382745663600E+01  0.399386422050E+02  0.100000000000E+01
 -0.200991269840E+02 -0.332528692700E+01  0.398836326160E+02  0.707107168216E+00
 -0.201518308370E+02 -0.311624369500E+01  0.393398815550E+02  0.100000000000E+01
 -0.203307508570E+02 -0.307767351300E+01  0.387448173310E+02  0.707105911476E+00
 -0.206980727040E+02 -0.356892417300E+01  0.385864041880E+02  0.100000000000E+01
 -0.211828075690E+02 -0.427990272800E+01  0.384942266730E+02  0.707106575727E+00
 -0.210285585560E+02 -0.445757004000E+01  0.392764187340E+02  0.100000000000E+01
 -0.202295449910E+02 -0.391234928500E+01  0.392032066010E+02  0.100000000000E+01
 -0.202295449910E+02 -0.391234928500E+01  0.392032066010E+02  0.707106324737E+00
 -0.202295449910E+02 -0.391234928500E+01  0.392032066010E+02  0.100000000000E+01
 -0.202295449910E+02 -0.391234928500E+01  0.392032066010E+02  0.707106006718E+00
 -0.202295449910E+02 -0.391234928500E+01  0.392032066010E+02  0.100000000000E+01
 -0.202295449910E+02 -0.391234928500E+01  0.392032066010E+02  0.707107356636E+00
 -0.202295449910E+02 -0.391234928500E+01  0.392032066010E+02  0.100000000000E+01
 -0.202295449910E+02 -0.391234928500E+01  0.392032066010E+02  0.707107478992E+00
 -0.202295449910E+02 -0.391234928500E+01  0.392032066010E+02  0.100000000000E+01
 -0.208118103280E+02 -0.459688234000E+01  0.392645329200E+02  0.100000000000E+01
 -0.205055533720E+02 -0.450331663300E+01  0.398394509060E+02  0.707106324737E+00
 -0.200761458480E+02 -0.399134069600E+01  0.397779365790E+02  0.100000000000E+01
 -0.198758835050E+02 -0.335209525200E+01  0.398545042520E+02  0.707106006718E+00
 -0.199913803550E+02 -0.310413541400E+01  0.392507186410E+02  0.100000000000E+01
 -0.202112156700E+02 -0.313054322400E+01  0.385537818760E+02  0.707107356636E+00
 -0.204072816690E+02 -0.382082598900E+01  0.385372943160E+02  0.100000000000E+01
 -0.209877002580E+02 -0.445346628300E+01  0.384851361140E+02  0.707107478992E+00
 -0.208118103280E+02 -0.459688234000E+01  0.392645329200E+02  0.100000000000E+01
 -0.199274593160E+02 -0.412546762500E+01  0.390917066810E+02  0.100000000000E+01
 -0.199274593160E+02 -0.412546762500E+01  0.390917066810E+02  0.707106516307E+00
 -0.199274593160E+02 -0.412546762500E+01  0.390917066810E+02  0.100000000000E+01
 -0.199274593160E+02 -0.412546762500E+01  0.390917066810E+02  0.707106042340E+00
 -0.199274593160E+02 -0.412546762500E+01  0.390917066810E+02  0.100000000000E+01
 -0.199274593160E+02 -0.412546762500E+01  0.390917066810E+02  0.707107067074E+00
 -0.199274593160E+02 -0.412546762500E+01  0.390917066810E+02  0.100000000000E+01
 -0.199274593160E+02 -0.412546762500E+01  0.390917066810E+02  0.707107393539E+00
 -0.199274593160E+02 -0.412546762500E+01  0.390917066810E+02  0.100000000000E+01
 -0.206361910280E+02 -0.475951398100E+01  0.391971567900E+02  0.100000000000E+01
 -0.202742705280E+02 -0.467915962000E+01  0.397817611650E+02  0.707106516307E+00
 -0.198078702080E+02 -0.418810988400E+01  0.395188108020E+02  0.100000000000E+01
 -0.197164152780E+02 -0.347107301600E+01  0.399446996670E+02  0.707106042340E+00
 -0.199230528950E+02 -0.310344020300E+01  0.392403687440E+02  0.100000000000E+01
 -0.201580068550E+02 -0.317064557800E+01  0.383765555020E+02  0.707107067074E+00
 -0.200851412720E+02 -0.404287267600E+01  0.385285569790E+02  0.100000000000E+01
 -0.207746730900E+02 -0.458195773000E+01  0.384271394990E+02  0.707107393539E+00
 -0.206361910280E+02 -0.475951398100E+01  0.391971567900E+02  0.100000000000E+01
           1
           2
           3
           4
           5
           6
           7
           8
           9
          10
          11
          12
          13
          14
          15
          16
          17
          18
          19
          20
          21
          22
          23
          24
          25
          26
          27
          28
          29
          30
          31
          32
          33
          34
          35
          36
          37
          38
          39
          40
          41
          42
          43
          44
          45
          46
          47
          48
          49
          50
          51
          52
          53
          54
          55
          56
          57
          58
          59
          60
          61
          62
          63
          64
          65
          66
          67
          68
          69
          70
          71
          72
          73
          74
          75
          76
          77
          78
          79
          80
          81
          82
          83
          84
          85
          86
          87
          88
          89
          90
          91
          92
          93
          94
          95
          96
          97
          98
          99
         100
         101
         102
         103
         104
         105
         106
         107
         108
 1 0 0
 0 0 0
 0 0 0
 0 0 0
 0 0 0
 0 0 0
 0 0 0
 0 0 0
 0 0 0
 0 0 0
 0 0 0
 0 0 0
 0 0 0
 0 0 0
 0 0 0
 0 0 0
 0 0 0
 0 0 0
 0 0 0
 0 0 0
 0 0 0
 0 0 0
 0 0 0
 0 0 0
 0 0 0
 0 0 0
 0 0 0
 0 0 0
 0 0 0
 0 0 0
 0 0 0
 0 0 0
 0 0 0
 0 0 0
 0 0 0
 0 0 0
 0 0 0
 0 0 0
 0 0 0
 0 0 0
 0 0 0
 0 0 0
 0 0 0
 0 0 0
 0 0 0
 0 0 0
 0 0 0
 0 0 0
 0 0 0
 0 0 0
 0 0 0
 0 0 0
 0 0 0
 0 0 0
 0 0 0
 0 0 0
 0 0 0
 0 0 0
 0 0 0
 0 0 0
 0 0 0
 0 0 0
 0 0 0
 0 0 0
 0 0 0
 0 0 0
 0 0 0
 0 0 0
 0 0 0
 0 0 0
 0 0 0
 0 0 0
 0 0 0
 0 0 0
 0 0 0
 0 0 0
 0 0 0
 0 0 0
 0 0 0
 0 0 0
 0 0 0
 0 0 0
 0 0 0
 0 0 0
 0 0 0
 0 0 0
 0 0 0
 0 0 0
 0 0 0
 0 0 0
 0 0 0
 0 0 0
 0 0 0
 0 0 0
 0 0 0
 0 0 0
 0 0 0
 0 0 0
 0 0 0
 0 0 0
 0 0 0
 0 0 0
 0 0 0
 0 0 0
 0 0 0
 0 0 0
 0 0 0
 0 0 0
 0 0 0
  0.000000000  0.000000000  0.000000000
  0.000000000  0.000000000  0.000000000
  0.000000000  0.000000000  0.000000000
  0.000000000  0.000000000  0.000000000
  0.000000000  0.000000000  0.000000000
  0.000000000  0.000000000  0.000000000
  0.000000000  0.000000000  0.000000000
  0.000000000  0.000000000  0.000000000
  0.000000000  0.000000000  0.000000000
  0.000000000  0.000000000  0.000000000
  0.000000000  0.000000000  0.000000000
  0.000000000  0.000000000  0.000000000
  0.000000000  0.000000000  0.000000000
  0.000000000  0.000000000  0.000000000
  0.000000000  0.000000000  0.000000000
  0.000000000  0.000000000  0.000000000
  0.000000000  0.000000000  0.000000000
  0.000000000  0.000000000  0.000000000
  0.000000000  0.000000000  0.000000000
  0.000000000  0.000000000  0.000000000
  0.000000000  0.000000000  0.000000000
  0.000000000  0.000000000  0.000000000
  0.000000000  0.000000000  0.000000000
  0.000000000  0.000000000  0.000000000
  0.000000000  0.000000000  0.000000000
  0.000000000  0.000000000  0.000000000
  0.000000000  0.000000000  0.000000000
  0.000000000  0.000000000  0.000000000
  0.000000000  0.000000000  0.000000000
  0.000000000  0.000000000  0.000000000
  0.000000000  0.000000000  0.000000000
  0.000000000  0.000000000  0.000000000
  0.000000000  0.000000000  0.000000000
  0.000000000  0.000000000  0.000000000
  0.000000000  0.000000000  0.000000000
  0.000000000  0.000000000  0.000000000
  0.000000000  0.000000000  0.000000000
  0.000000000  0.000000000  0.000000000
  0.000000000  0.000000000  0.000000000
  0.000000000  0.000000000  0.000000000
  0.000000000  0.000000000  0.000000000
  0.000000000  0.000000000  0.000000000
  0.000000000  0.000000000  0.000000000
  0.000000000  0.000000000  0.000000000
  0.000000000  0.000000000  0.000000000
  0.000000000  0.000000000  0.000000000
  0.000000000  0.000000000  0.000000000
  0.000000000  0.000000000  0.000000000
  0.000000000  0.000000000  0.000000000
  0.000000000  0.000000000  0.000000000
  0.000000000  0.000000000  0.000000000
  0.000000000  0.000000000  0.000000000
  0.000000000  0.000000000  0.000000000
  0.000000000  0.000000000  0.000000000
  0.000000000  0.000000000  0.000000000
  0.000000000  0.000000000  0.000000000
  0.000000000  0.000000000  0.000000000
  0.000000000  0.000000000  0.000000000
  0.000000000  0.000000000  0.000000000
  0.000000000  0.000000000  0.000000000
  0.000000000  0.000000000  0.000000000
  0.000000000  0.000000000  0.000000000
  0.000000000  0.000000000  0.000000000
  0.000000000  0.000000000  0.000000000
  0.000000000  0.000000000  0.000000000
  0.000000000  0.000000000  0.000000000
  0.000000000  0.000000000  0.000000000
  0.000000000  0.000000000  0.000000000
  0.000000000  0.000000000  0.000000000
  0.000000000  0.000000000  0.000000000
  0.000000000  0.000000000  0.000000000
  0.000000000  0.000000000  0.000000000
  0.000000000  0.000000000  0.000000000
  0.000000000  0.000000000  0.000000000
  0.000000000  0.000000000  0.000000000
  0.000000000  0.000000000  0.000000000
  0.000000000  0.000000000  0.000000000
  0.000000000  0.000000000  0.000000000
  0.000000000  0.000000000  0.000000000
  0.000000000  0.000000000  0.000000000
  0.000000000  0.000000000  0.000000000
  0.000000000  0.000000000  0.000000000
  0.000000000  0.000000000  0.000000000
  0.000000000  0.000000000  0.000000000
  0.000000000  0.000000000  0.000000000
  0.000000000  0.000000000  0.000000000
  0.000000000  0.000000000  0.000000000
  0.000000000  0.000000000  0.000000000
  0.000000000  0.000000000  0.000000000
  0.000000000  0.000000000  0.000000000
  0.000000000  0.000000000  0.000000000
  0.000000000  0.000000000  0.000000000
  0.000000000  0.000000000  0.000000000
  0.000000000  0.000000000  0.000000000
  0.000000000  0.000000000  0.000000000
  0.000000000  0.000000000  0.000000000
  0.000000000  0.000000000  0.000000000
  0.000000000  0.000000000  0.000000000
  0.000000000  0.000000000  0.000000000
  0.000000000  0.000000000  0.000000000
  0.000000000  0.000000000  0.000000000
  0.000000000  0.000000000  0.000000000
  0.000000000  0.000000000  0.000000000
  0.000000000  0.000000000  0.000000000
  0.000000000  0.000000000  0.000000000
  0.000000000  0.000000000  0.000000000
  0.000000000  0.000000000  0.000000000
  0.000000000  0.000000000  0.000000000
 0 0 0
 0 0 0
 0 0 0
 0 0 0
 0 0 0
 0 0 0
 0 0 0
 0 0 0
 0 0 0
 0 0 0
 0 0 0
 0 0 0
 0 0 0
 0 0 0
 0 0 0
 0 0 0
 0 0 0
 0 0 0
 0 0 0
 0 0 0
 0 0 0
 0 0 0
 0 0 0
 0 0 0
 0 0 0
 0 0 0
 0 0 0
 0 0 0
 0 0 0
 0 0 0
 0 0 0
 0 0 0
 0 0 0
 0 0 0
 0 0 0
 0 0 0
 0 0 0
 0 0 0
 0 0 0
 0 0 0
 0 0 0
 0 0 0
 0 0 0
 0 0 0
 0 0 0
 0 0 0
 0 0 0
 0 0 0
 0 0 0
 0 0 0
 0 0 0
 0 0 0
 0 0 0
 0 0 0
 0 0 0
 0 0 0
 0 0 0
 0 0 0
 0 0 0
 0 0 0
 0 0 0
 0 0 0
 0 0 0
 0 0 0
 0 0 0
 0 0 0
 0 0 0
 0 0 0
 0 0 0
 0 0 0
  0.000000000  0.000000000  0.000000000
  0.000000000  0.000000000  0.000000000
  0.000000000  0.000000000  0.000000000
  0.000000000  0.000000000  0.000000000
  0.000000000  0.000000000  0.000000000
  0.000000000  0.000000000  0.000000000
  0.000000000  0.000000000  0.000000000
  0.000000000  0.000000000  0.000000000
  0.000000000  0.000000000  0.000000000
  0.000000000  0.000000000  0.000000000
  0.000000000  0.000000000  0.000000000
  0.000000000  0.000000000  0.000000000
  0.000000000  0.000000000  0.000000000
  0.000000000  0.000000000  0.000000000
  0.000000000  0.000000000  0.000000000
  0.000000000  0.000000000  0.000000000
  0.000000000  0.000000000  0.000000000
  0.000000000  0.000000000  0.000000000
  0.000000000  0.000000000  0.000000000
  0.000000000  0.000000000  0.000000000
  0.000000000  0.000000000  0.000000000
  0.000000000  0.000000000  0.000000000
  0.000000000  0.000000000  0.000000000
  0.000000000  0.000000000  0.000000000
  0.000000000  0.000000000  0.000000000
  0.000000000  0.000000000  0.000000000
  0.000000000  0.000000000  0.000000000
  0.000000000  0.000000000  0.000000000
  0.000000000  0.000000000  0.000000000
  0.000000000  0.000000000  0.000000000
  0.000000000  0.000000000  0.000000000
  0.000000000  0.000000000  0.000000000
  0.000000000  0.000000000  0.000000000
  0.000000000  0.000000000  0.000000000
  0.000000000  0.000000000  0.000000000
  0.000000000  0.000000000  0.000000000
  0.000000000  0.000000000  0.000000000
  0.000000000  0.000000000  0.000000000
  0.000000000  0.000000000  0.000000000
  0.000000000  0.000000000  0.000000000
  0.000000000  0.000000000  0.000000000
  0.000000000  0.000000000  0.000000000
  0.000000000  0.000000000  0.000000000
  0.000000000  0.000000000  0.000000000
  0.000000000  0.000000000  0.000000000
  0.000000000  0.000000000  0.000000000
  0.000000000  0.000000000  0.000000000
  0.000000000  0.000000000  0.000000000
  0.000000000  0.000000000  0.000000000
  0.000000000  0.000000000  0.000000000
  0.000000000  0.000000000  0.000000000
  0.000000000  0.000000000  0.000000000
  0.000000000  0.000000000  0.000000000
  0.000000000  0.000000000  0.000000000
  0.000000000  0.000000000  0.000000000
  0.000000000  0.000000000  0.000000000
  0.000000000  0.000000000  0.000000000
  0.000000000  0.000000000  0.000000000
  0.000000000  0.000000000  0.000000000
  0.000000000  0.000000000  0.000000000
  0.000000000  0.000000000  0.000000000
  0.000000000  0.000000000  0.000000000
  0.000000000  0.000000000  0.000000000
  0.000000000  0.000000000  0.000000000
  0.000000000  0.000000000  0.000000000
  0.000000000  0.000000000  0.000000000
  0.000000000  0.000000000  0.000000000
  0.000000000  0.000000000  0.000000000
  0.000000000  0.000000000  0.000000000
  0.000000000  0.000000000  0.000000000
  0.000000000  0.000000000  0.000000000
  0.000000000  0.000000000  0.000000000
  0.000000000  0.000000000  0.000000000
  0.000000000  0.000000000  0.000000000
  0.000000000  0.000000000  0.000000000
  0.000000000  0.000000000  0.000000000
  0.000000000  0.000000000  0.000000000
  0.000000000  0.000000000  0.000000000
  0.000000000  0.000000000  0.000000000
  0.000000000  0.000000000  0.000000000
  0.000000000  0.000000000  0.000000000
  0.000000000  0.000000000  0.000000000
  0.000000000  0.000000000  0.000000000
  0.000000000  0.000000000  0.000000000
  0.000000000  0.000000000  0.000000000
  0.000000000  0.000000000  0.000000000
  0.000000000  0.000000000  0.000000000
  0.000000000  0.000000000  0.000000000
  0.000000000  0.000000000  0.000000000
  0.000000000  0.000000000  0.000000000
  0.000000000  0.000000000  0.000000000
  0.000000000  0.000000000  0.000000000
  0.000000000  0.000000000  0.000000000
  0.000000000  0.000000000  0.000000000
  0.000000000  0.000000000  0.000000000
  0.000000000  0.000000000  0.000000000
  0.000000000  0.000000000  0.000000000
  0.000000000  0.000000000  0.000000000
   1.06000000000000     
   1.06000000000000     
   1.06000000000000     
   1.06000000000000     
   1.06000000000000     
   1.06000000000000     
   1.06000000000000     
   1.06000000000000     
   1.06000000000000     
   1.06000000000000     
   1.06000000000000     
   1.06000000000000     
   1.06000000000000     
   1.06000000000000     
   1.06000000000000     
   1.06000000000000     
   1.06000000000000     
   1.06000000000000     
   1.06000000000000     
   1.06000000000000     
   1.06000000000000     
   1.06000000000000     
   1.06000000000000     
   1.06000000000000     
   1.06000000000000     
   1.06000000000000     
   1.06000000000000     
   1.06000000000000     
  3.000000000000000E-002
  3.000000000000000E-002
  3.000000000000000E-002
  3.000000000000000E-002
  3.000000000000000E-002
  3.000000000000000E-002
  3.000000000000000E-002
  3.000000000000000E-002
  3.000000000000000E-002
  3.000000000000000E-002
  3.000000000000000E-002
  3.000000000000000E-002
  3.000000000000000E-002
  3.000000000000000E-002
  3.000000000000000E-002
  3.000000000000000E-002
  3.000000000000000E-002
  3.000000000000000E-002
  3.000000000000000E-002
  3.000000000000000E-002
  3.000000000000000E-002
  3.000000000000000E-002
  3.000000000000000E-002
  3.000000000000000E-002
  3.000000000000000E-002
  3.000000000000000E-002
  3.000000000000000E-002
  3.000000000000000E-002
