           3
 2 1 2
   9   2  26
  0.000000000  0.000000000  0.000000000  0.250000000  0.250000000  0.500000000  0.500000000  0.750000000  0.750000000  1.000000000  1.000000000  1.000000000
  0.000000000  0.000000000  1.000000000  1.000000000
  0.643128964  0.643128964  0.643128964  0.643587033  0.644045102  0.644503171  0.644961240  0.645419309  0.645877379  0.646335448  0.646793517  0.647251586  0.647709655  0.648167724  0.648625793  0.649083862  0.649541931  0.650000000  0.650458069  0.650916138  0.651374207  0.651832277  0.652290346  0.652748415  0.653206484  0.653664553  0.654122622  0.654122622  0.654122622
 -0.675734049800E+01  0.263549168400E+01  0.310576798960E+02  0.100000000000E+01
 -0.675734049800E+01  0.263549168400E+01  0.310576798960E+02  0.707106824102E+00
 -0.675734049800E+01  0.263549168400E+01  0.310576798960E+02  0.100000000000E+01
 -0.675734049800E+01  0.263549168400E+01  0.310576798960E+02  0.707106599019E+00
 -0.675734049800E+01  0.263549168400E+01  0.310576798960E+02  0.100000000000E+01
 -0.675734049800E+01  0.263549168400E+01  0.310576798960E+02  0.707106696705E+00
 -0.675734049800E+01  0.263549168400E+01  0.310576798960E+02  0.100000000000E+01
 -0.675734049800E+01  0.263549168400E+01  0.310576798960E+02  0.707106976322E+00
 -0.675734049800E+01  0.263549168400E+01  0.310576798960E+02  0.100000000000E+01
 -0.674941613700E+01  0.262108379700E+01  0.315194506810E+02  0.100000000000E+01
 -0.714663646900E+01  0.316638145000E+01  0.317652482290E+02  0.707106824102E+00
 -0.717553640200E+01  0.321135122000E+01  0.310828241770E+02  0.100000000000E+01
 -0.706899571700E+01  0.306813561900E+01  0.306147206400E+02  0.707106599019E+00
 -0.676471874600E+01  0.264890674000E+01  0.306277253120E+02  0.100000000000E+01
 -0.629612066100E+01  0.259344087700E+01  0.306125623290E+02  0.707106696705E+00
 -0.624501550100E+01  0.257467833000E+01  0.310469908080E+02  0.100000000000E+01
 -0.634867274100E+01  0.257585867500E+01  0.314307100730E+02  0.707106976322E+00
 -0.674941613700E+01  0.262108379700E+01  0.315194506810E+02  0.100000000000E+01
 -0.658262560100E+01  0.287444646600E+01  0.310535998990E+02  0.100000000000E+01
 -0.658262560100E+01  0.287444646600E+01  0.310535998990E+02  0.707106855857E+00
 -0.658262560100E+01  0.287444646600E+01  0.310535998990E+02  0.100000000000E+01
 -0.658262560100E+01  0.287444646600E+01  0.310535998990E+02  0.707106425152E+00
 -0.658262560100E+01  0.287444646600E+01  0.310535998990E+02  0.100000000000E+01
 -0.658262560100E+01  0.287444646600E+01  0.310535998990E+02  0.707106609270E+00
 -0.658262560100E+01  0.287444646600E+01  0.310535998990E+02  0.100000000000E+01
 -0.658262560100E+01  0.287444646600E+01  0.310535998990E+02  0.707107283855E+00
 -0.658262560100E+01  0.287444646600E+01  0.310535998990E+02  0.100000000000E+01
 -0.656283168800E+01  0.287709348900E+01  0.315024184480E+02  0.100000000000E+01
 -0.692086465100E+01  0.337051835800E+01  0.316741308410E+02  0.707106855857E+00
 -0.694084289500E+01  0.335775320300E+01  0.310665477930E+02  0.100000000000E+01
 -0.686129356900E+01  0.322454715200E+01  0.306673522290E+02  0.707106425152E+00
 -0.660119737300E+01  0.287196268900E+01  0.306324843740E+02  0.100000000000E+01
 -0.618467089700E+01  0.279160340100E+01  0.306268409120E+02  0.707106609270E+00
 -0.619169079300E+01  0.279885893300E+01  0.310368051540E+02  0.100000000000E+01
 -0.625564196600E+01  0.281594296800E+01  0.313673154630E+02  0.707107283855E+00
 -0.656283168800E+01  0.287709348900E+01  0.315024184480E+02  0.100000000000E+01
 -0.640311040900E+01  0.310946496800E+01  0.310399714110E+02  0.100000000000E+01
 -0.640311040900E+01  0.310946496800E+01  0.310399714110E+02  0.707107389250E+00
 -0.640311040900E+01  0.310946496800E+01  0.310399714110E+02  0.100000000000E+01
 -0.640311040900E+01  0.310946496800E+01  0.310399714110E+02  0.707106183624E+00
 -0.640311040900E+01  0.310946496800E+01  0.310399714110E+02  0.100000000000E+01
 -0.640311040900E+01  0.310946496800E+01  0.310399714110E+02  0.707105854806E+00
 -0.640311040900E+01  0.310946496800E+01  0.310399714110E+02  0.100000000000E+01
 -0.640311040900E+01  0.310946496800E+01  0.310399714110E+02  0.707107512313E+00
 -0.640311040900E+01  0.310946496800E+01  0.310399714110E+02  0.100000000000E+01
 -0.637658737800E+01  0.312172335900E+01  0.314729228010E+02  0.100000000000E+01
 -0.669521309300E+01  0.355434967800E+01  0.315973891210E+02  0.707107389250E+00
 -0.671654609500E+01  0.352252929000E+01  0.310474783680E+02  0.100000000000E+01
 -0.665831548300E+01  0.340754962400E+01  0.306948985870E+02  0.707106183624E+00
 -0.642769137400E+01  0.309810409000E+01  0.306387261740E+02  0.100000000000E+01
 -0.604321366200E+01  0.299514122200E+01  0.306295789210E+02  0.707105854806E+00
 -0.604198339800E+01  0.301227393400E+01  0.310206010120E+02  0.100000000000E+01
 -0.608775877000E+01  0.303890442500E+01  0.313435362510E+02  0.707107512313E+00
 -0.637658737800E+01  0.312172335900E+01  0.314729228010E+02  0.100000000000E+01
 -0.621916078600E+01  0.334045557300E+01  0.310186820210E+02  0.100000000000E+01
 -0.621916078600E+01  0.334045557300E+01  0.310186820210E+02  0.707107002740E+00
 -0.621916078600E+01  0.334045557300E+01  0.310186820210E+02  0.100000000000E+01
 -0.621916078600E+01  0.334045557300E+01  0.310186820210E+02  0.707106274451E+00
 -0.621916078600E+01  0.334045557300E+01  0.310186820210E+02  0.100000000000E+01
 -0.621916078600E+01  0.334045557300E+01  0.310186820210E+02  0.707106511786E+00
 -0.621916078600E+01  0.334045557300E+01  0.310186820210E+02  0.100000000000E+01
 -0.621916078600E+01  0.334045557300E+01  0.310186820210E+02  0.707107392846E+00
 -0.621916078600E+01  0.334045557300E+01  0.310186820210E+02  0.100000000000E+01
 -0.618641179500E+01  0.336045834100E+01  0.314525542230E+02  0.100000000000E+01
 -0.649051657200E+01  0.376068103900E+01  0.315217409210E+02  0.707107002740E+00
 -0.652247388200E+01  0.373047223000E+01  0.310235957260E+02  0.100000000000E+01
 -0.647471823800E+01  0.361885529000E+01  0.306716652740E+02  0.707106274451E+00
 -0.624768833600E+01  0.332303089100E+01  0.306407325940E+02  0.100000000000E+01
 -0.590316811400E+01  0.320460725400E+01  0.306374141560E+02  0.707106511786E+00
 -0.586747470900E+01  0.321830698300E+01  0.309977685510E+02  0.100000000000E+01
 -0.588714816700E+01  0.324937201300E+01  0.313355129910E+02  0.707107392846E+00
 -0.618641179500E+01  0.336045834100E+01  0.314525542230E+02  0.100000000000E+01
 -0.603091069700E+01  0.356729383700E+01  0.309912057000E+02  0.100000000000E+01
 -0.603091069700E+01  0.356729383700E+01  0.309912057000E+02  0.707106384821E+00
 -0.603091069700E+01  0.356729383700E+01  0.309912057000E+02  0.100000000000E+01
 -0.603091069700E+01  0.356729383700E+01  0.309912057000E+02  0.707107006714E+00
 -0.603091069700E+01  0.356729383700E+01  0.309912057000E+02  0.100000000000E+01
 -0.603091069700E+01  0.356729383700E+01  0.309912057000E+02  0.707107435724E+00
 -0.603091069700E+01  0.356729383700E+01  0.309912057000E+02  0.100000000000E+01
 -0.603091069700E+01  0.356729383700E+01  0.309912057000E+02  0.707106484202E+00
 -0.603091069700E+01  0.356729383700E+01  0.309912057000E+02  0.100000000000E+01
 -0.599641394700E+01  0.359110645900E+01  0.313865126500E+02  0.100000000000E+01
 -0.627618244500E+01  0.395283189100E+01  0.314519396850E+02  0.707106384821E+00
 -0.635205746100E+01  0.397041594800E+01  0.309949468320E+02  0.100000000000E+01
 -0.631388838200E+01  0.385937941400E+01  0.306223182010E+02  0.707107006714E+00
 -0.606195229400E+01  0.354586608600E+01  0.306354870030E+02  0.100000000000E+01
 -0.578762003200E+01  0.343374668000E+01  0.306773465480E+02  0.707107435724E+00
 -0.572870470500E+01  0.343749719600E+01  0.309726519250E+02  0.100000000000E+01
 -0.573974435000E+01  0.347170947400E+01  0.312765346230E+02  0.707106484202E+00
 -0.599641394700E+01  0.359110645900E+01  0.313865126500E+02  0.100000000000E+01
 -0.583830929500E+01  0.378978082500E+01  0.309587476900E+02  0.100000000000E+01
 -0.583830929500E+01  0.378978082500E+01  0.309587476900E+02  0.707106902164E+00
 -0.583830929500E+01  0.378978082500E+01  0.309587476900E+02  0.100000000000E+01
 -0.583830929500E+01  0.378978082500E+01  0.309587476900E+02  0.707106698477E+00
 -0.583830929500E+01  0.378978082500E+01  0.309587476900E+02  0.100000000000E+01
 -0.583830929500E+01  0.378978082500E+01  0.309587476900E+02  0.707106530532E+00
 -0.583830929500E+01  0.378978082500E+01  0.309587476900E+02  0.100000000000E+01
 -0.583830929500E+01  0.378978082500E+01  0.309587476900E+02  0.707106999469E+00
 -0.583830929500E+01  0.378978082500E+01  0.309587476900E+02  0.100000000000E+01
 -0.580070835000E+01  0.381745604900E+01  0.313467085570E+02  0.100000000000E+01
 -0.608328377900E+01  0.417865203200E+01  0.314243428520E+02  0.707106902164E+00
 -0.615079281200E+01  0.417343584500E+01  0.309616655180E+02  0.100000000000E+01
 -0.615228802600E+01  0.409415218400E+01  0.305350871300E+02  0.707106698477E+00
 -0.587179769200E+01  0.376513258500E+01  0.306132196640E+02  0.100000000000E+01
 -0.564962756400E+01  0.366160169100E+01  0.306948447760E+02  0.707106530532E+00
 -0.558712016500E+01  0.365975837400E+01  0.309436779230E+02  0.100000000000E+01
 -0.558134422200E+01  0.369004019100E+01  0.312187566120E+02  0.707106999469E+00
 -0.580070835000E+01  0.381745604900E+01  0.313467085570E+02  0.100000000000E+01
 -0.564113514000E+01  0.400760373700E+01  0.309223480480E+02  0.100000000000E+01
 -0.564113514000E+01  0.400760373700E+01  0.309223480480E+02  0.707106754377E+00
 -0.564113514000E+01  0.400760373700E+01  0.309223480480E+02  0.100000000000E+01
 -0.564113514000E+01  0.400760373700E+01  0.309223480480E+02  0.707106765848E+00
 -0.564113514000E+01  0.400760373700E+01  0.309223480480E+02  0.100000000000E+01
 -0.564113514000E+01  0.400760373700E+01  0.309223480480E+02  0.707106843244E+00
 -0.564113514000E+01  0.400760373700E+01  0.309223480480E+02  0.100000000000E+01
 -0.564113514000E+01  0.400760373700E+01  0.309223480480E+02  0.707106697868E+00
 -0.564113514000E+01  0.400760373700E+01  0.309223480480E+02  0.100000000000E+01
 -0.559844454800E+01  0.404016161600E+01  0.313305547010E+02  0.100000000000E+01
 -0.589846415400E+01  0.441813047200E+01  0.314130547870E+02  0.707106754377E+00
 -0.597218172700E+01  0.440652113200E+01  0.309251521530E+02  0.100000000000E+01
 -0.599564535100E+01  0.433141987300E+01  0.304225485830E+02  0.707106765848E+00
 -0.568267040400E+01  0.397592689500E+01  0.305251899160E+02  0.100000000000E+01
 -0.541997340900E+01  0.382951505900E+01  0.306152635660E+02  0.707106843244E+00
 -0.539905482800E+01  0.385887129600E+01  0.309088936700E+02  0.100000000000E+01
 -0.536808861300E+01  0.388313783700E+01  0.312095326880E+02  0.707106697868E+00
 -0.559844454800E+01  0.404016161600E+01  0.313305547010E+02  0.100000000000E+01
 -0.543898416600E+01  0.422028418600E+01  0.308829658510E+02  0.100000000000E+01
 -0.543898416600E+01  0.422028418600E+01  0.308829658510E+02  0.707106267420E+00
 -0.543898416600E+01  0.422028418600E+01  0.308829658510E+02  0.100000000000E+01
 -0.543898416600E+01  0.422028418600E+01  0.308829658510E+02  0.707107280300E+00
 -0.543898416600E+01  0.422028418600E+01  0.308829658510E+02  0.100000000000E+01
 -0.543898416600E+01  0.422028418600E+01  0.308829658510E+02  0.707107698743E+00
 -0.543898416600E+01  0.422028418600E+01  0.308829658510E+02  0.100000000000E+01
 -0.543898416600E+01  0.422028418600E+01  0.308829658510E+02  0.707105808418E+00
 -0.543898416600E+01  0.422028418600E+01  0.308829658510E+02  0.100000000000E+01
 -0.538961068100E+01  0.425865995700E+01  0.313309159400E+02  0.100000000000E+01
 -0.572596123100E+01  0.468159372900E+01  0.314399780720E+02  0.707106267420E+00
 -0.578764495500E+01  0.463484850000E+01  0.308858791600E+02  0.100000000000E+01
 -0.581267642500E+01  0.455654155100E+01  0.303869801280E+02  0.707107280300E+00
 -0.549191436100E+01  0.417914390100E+01  0.304027494610E+02  0.100000000000E+01
 -0.522234645300E+01  0.400632614700E+01  0.305251292100E+02  0.707107698743E+00
 -0.519581638400E+01  0.404429416300E+01  0.308712398530E+02  0.100000000000E+01
 -0.515950171300E+01  0.407156031300E+01  0.311948794190E+02  0.707105808418E+00
 -0.538961068100E+01  0.425865995700E+01  0.313309159400E+02  0.100000000000E+01
 -0.523122926000E+01  0.442709645800E+01  0.308415622340E+02  0.100000000000E+01
 -0.523122926000E+01  0.442709645800E+01  0.308415622340E+02  0.707106736719E+00
 -0.523122926000E+01  0.442709645800E+01  0.308415622340E+02  0.100000000000E+01
 -0.523122926000E+01  0.442709645800E+01  0.308415622340E+02  0.707106760668E+00
 -0.523122926000E+01  0.442709645800E+01  0.308415622340E+02  0.100000000000E+01
 -0.523122926000E+01  0.442709645800E+01  0.308415622340E+02  0.707106784233E+00
 -0.523122926000E+01  0.442709645800E+01  0.308415622340E+02  0.100000000000E+01
 -0.523122926000E+01  0.442709645800E+01  0.308415622340E+02  0.707106818919E+00
 -0.523122926000E+01  0.442709645800E+01  0.308415622340E+02  0.100000000000E+01
 -0.517687955500E+01  0.446969133900E+01  0.313199815150E+02  0.100000000000E+01
 -0.552028968600E+01  0.489070488300E+01  0.313895704510E+02  0.707106736719E+00
 -0.557356910900E+01  0.483195095200E+01  0.308444076640E+02  0.100000000000E+01
 -0.558596215200E+01  0.474203786000E+01  0.303759471120E+02  0.707106760668E+00
 -0.528231876500E+01  0.438705654200E+01  0.303918419890E+02  0.100000000000E+01
 -0.503499732100E+01  0.419906815200E+01  0.305053407200E+02  0.707106784233E+00
 -0.499613514100E+01  0.422679772300E+01  0.308326880530E+02  0.100000000000E+01
 -0.494343215100E+01  0.424754373700E+01  0.311855019690E+02  0.707106818919E+00
 -0.517687955500E+01  0.446969133900E+01  0.313199815150E+02  0.100000000000E+01
 -0.501694000100E+01  0.462692379700E+01  0.307992044840E+02  0.100000000000E+01
 -0.501694000100E+01  0.462692379700E+01  0.307992044840E+02  0.707106284422E+00
 -0.501694000100E+01  0.462692379700E+01  0.307992044840E+02  0.100000000000E+01
 -0.501694000100E+01  0.462692379700E+01  0.307992044840E+02  0.707107107216E+00
 -0.501694000100E+01  0.462692379700E+01  0.307992044840E+02  0.100000000000E+01
 -0.501694000100E+01  0.462692379700E+01  0.307992044840E+02  0.707107490222E+00
 -0.501694000100E+01  0.462692379700E+01  0.307992044840E+02  0.100000000000E+01
 -0.501694000100E+01  0.462692379700E+01  0.307992044840E+02  0.707106222754E+00
 -0.501694000100E+01  0.462692379700E+01  0.307992044840E+02  0.100000000000E+01
 -0.496218316100E+01  0.466988530300E+01  0.312788457180E+02  0.100000000000E+01
 -0.527330234200E+01  0.503960830600E+01  0.312782417450E+02  0.707106284422E+00
 -0.533005366500E+01  0.499968459600E+01  0.308015612830E+02  0.100000000000E+01
 -0.532167799500E+01  0.490180575800E+01  0.304112948790E+02  0.707107107216E+00
 -0.506171569000E+01  0.459179311800E+01  0.304069936290E+02  0.100000000000E+01
 -0.483098302400E+01  0.437408934100E+01  0.304770070140E+02  0.707107490222E+00
 -0.476347385200E+01  0.437082611100E+01  0.307932063780E+02  0.100000000000E+01
 -0.470439603800E+01  0.439037351900E+01  0.311795375240E+02  0.707106222754E+00
 -0.496218316100E+01  0.466988530300E+01  0.312788457180E+02  0.100000000000E+01
 -0.479485649500E+01  0.481812762300E+01  0.307572402640E+02  0.100000000000E+01
 -0.479485649500E+01  0.481812762300E+01  0.307572402640E+02  0.707106834089E+00
 -0.479485649500E+01  0.481812762300E+01  0.307572402640E+02  0.100000000000E+01
 -0.479485649500E+01  0.481812762300E+01  0.307572402640E+02  0.707106797563E+00
 -0.479485649500E+01  0.481812762300E+01  0.307572402640E+02  0.100000000000E+01
 -0.479485649500E+01  0.481812762300E+01  0.307572402640E+02  0.707106722546E+00
 -0.479485649500E+01  0.481812762300E+01  0.307572402640E+02  0.100000000000E+01
 -0.479485649500E+01  0.481812762300E+01  0.307572402640E+02  0.707106770548E+00
 -0.479485649500E+01  0.481812762300E+01  0.307572402640E+02  0.100000000000E+01
 -0.473856384600E+01  0.486217609900E+01  0.312659941600E+02  0.100000000000E+01
 -0.504090529500E+01  0.521852197300E+01  0.312184254800E+02  0.707106834089E+00
 -0.507078706800E+01  0.515326678100E+01  0.307587548020E+02  0.100000000000E+01
 -0.508080858700E+01  0.508169315900E+01  0.303795924000E+02  0.707106797563E+00
 -0.483989975600E+01  0.478288178900E+01  0.303501554490E+02  0.100000000000E+01
 -0.460768954000E+01  0.451118469300E+01  0.303957040130E+02  0.707106722546E+00
 -0.453445387900E+01  0.450184824900E+01  0.307558110170E+02  0.100000000000E+01
 -0.449874980500E+01  0.454845930000E+01  0.311630470420E+02  0.707106770548E+00
 -0.473856384600E+01  0.486217609900E+01  0.312659941600E+02  0.100000000000E+01
 -0.456455423400E+01  0.499986774800E+01  0.307175921450E+02  0.100000000000E+01
 -0.456455423400E+01  0.499986774800E+01  0.307175921450E+02  0.707106981643E+00
 -0.456455423400E+01  0.499986774800E+01  0.307175921450E+02  0.100000000000E+01
 -0.456455423400E+01  0.499986774800E+01  0.307175921450E+02  0.707106768185E+00
 -0.456455423400E+01  0.499986774800E+01  0.307175921450E+02  0.100000000000E+01
 -0.456455423400E+01  0.499986774800E+01  0.307175921450E+02  0.707106617665E+00
 -0.456455423400E+01  0.499986774800E+01  0.307175921450E+02  0.100000000000E+01
 -0.456455423400E+01  0.499986774800E+01  0.307175921450E+02  0.707106757254E+00
 -0.456455423400E+01  0.499986774800E+01  0.307175921450E+02  0.100000000000E+01
 -0.451504096400E+01  0.503859862900E+01  0.312069666620E+02  0.100000000000E+01
 -0.477133950000E+01  0.536333230900E+01  0.311401982960E+02  0.707106981643E+00
 -0.482040974200E+01  0.533804698900E+01  0.307167142520E+02  0.100000000000E+01
 -0.481293266700E+01  0.525366059600E+01  0.303668731170E+02  0.707106768185E+00
 -0.460960174000E+01  0.496463043000E+01  0.302723557390E+02  0.100000000000E+01
 -0.434438424500E+01  0.461367661600E+01  0.302713850540E+02  0.707106617665E+00
 -0.429300889200E+01  0.464095073200E+01  0.307185240680E+02  0.100000000000E+01
 -0.425378060300E+01  0.468252633900E+01  0.311573847430E+02  0.707106757254E+00
 -0.451504096400E+01  0.503859862900E+01  0.312069666620E+02  0.100000000000E+01
 -0.432678239800E+01  0.517273672100E+01  0.306826258180E+02  0.100000000000E+01
 -0.432678239800E+01  0.517273672100E+01  0.306826258180E+02  0.707107401186E+00
 -0.432678239800E+01  0.517273672100E+01  0.306826258180E+02  0.100000000000E+01
 -0.432678239800E+01  0.517273672100E+01  0.306826258180E+02  0.707105929909E+00
 -0.432678239800E+01  0.517273672100E+01  0.306826258180E+02  0.100000000000E+01
 -0.432678239800E+01  0.517273672100E+01  0.306826258180E+02  0.707106220664E+00
 -0.432678239800E+01  0.517273672100E+01  0.306826258180E+02  0.100000000000E+01
 -0.432678239800E+01  0.517273672100E+01  0.306826258180E+02  0.707107572986E+00
 -0.432678239800E+01  0.517273672100E+01  0.306826258180E+02  0.100000000000E+01
 -0.428560481500E+01  0.520539209200E+01  0.311679168580E+02  0.100000000000E+01
 -0.453719004800E+01  0.555407021900E+01  0.311128842200E+02  0.707107401186E+00
 -0.457109527200E+01  0.552089547700E+01  0.306799291360E+02  0.100000000000E+01
 -0.457192570200E+01  0.545173048400E+01  0.303064894140E+02  0.707105929909E+00
 -0.436485214200E+01  0.514254560700E+01  0.302339596600E+02  0.100000000000E+01
 -0.410456848600E+01  0.476604864600E+01  0.302072181180E+02  0.707106220664E+00
 -0.406733705800E+01  0.480301372300E+01  0.306854913220E+02  0.100000000000E+01
 -0.405194591200E+01  0.486110597000E+01  0.311104602700E+02  0.707107572986E+00
 -0.428560481500E+01  0.520539209200E+01  0.311679168580E+02  0.100000000000E+01
 -0.408304249100E+01  0.533842513300E+01  0.306546629340E+02  0.100000000000E+01
 -0.408304249100E+01  0.533842513300E+01  0.306546629340E+02  0.707106952364E+00
 -0.408304249100E+01  0.533842513300E+01  0.306546629340E+02  0.100000000000E+01
 -0.408304249100E+01  0.533842513300E+01  0.306546629340E+02  0.707106747648E+00
 -0.408304249100E+01  0.533842513300E+01  0.306546629340E+02  0.100000000000E+01
 -0.408304249100E+01  0.533842513300E+01  0.306546629340E+02  0.707106581029E+00
 -0.408304249100E+01  0.533842513300E+01  0.306546629340E+02  0.100000000000E+01
 -0.408304249100E+01  0.533842513300E+01  0.306546629340E+02  0.707106843704E+00
 -0.408304249100E+01  0.533842513300E+01  0.306546629340E+02  0.100000000000E+01
 -0.405421055200E+01  0.536246569000E+01  0.311171683680E+02  0.100000000000E+01
 -0.427558706400E+01  0.568674368400E+01  0.310477280110E+02  0.707106952364E+00
 -0.433444989100E+01  0.571762842200E+01  0.306506249420E+02  0.100000000000E+01
 -0.432537985900E+01  0.564745863300E+01  0.302642621690E+02  0.707106747648E+00
 -0.411188001400E+01  0.531438018300E+01  0.301920722670E+02  0.100000000000E+01
 -0.385851778200E+01  0.493217208300E+01  0.301957577130E+02  0.707106581029E+00
 -0.384838312900E+01  0.498448297300E+01  0.306584322240E+02  0.100000000000E+01
 -0.385933144300E+01  0.505622798900E+01  0.310361594670E+02  0.707106843704E+00
 -0.405421055200E+01  0.536246569000E+01  0.311171683680E+02  0.100000000000E+01
 -0.383534823500E+01  0.549943439300E+01  0.306354561980E+02  0.100000000000E+01
 -0.383534823500E+01  0.549943439300E+01  0.306354561980E+02  0.707106726012E+00
 -0.383534823500E+01  0.549943439300E+01  0.306354561980E+02  0.100000000000E+01
 -0.383534823500E+01  0.549943439300E+01  0.306354561980E+02  0.707106857181E+00
 -0.383534823500E+01  0.549943439300E+01  0.306354561980E+02  0.100000000000E+01
 -0.383534823500E+01  0.549943439300E+01  0.306354561980E+02  0.707106890181E+00
 -0.383534823500E+01  0.549943439300E+01  0.306354561980E+02  0.100000000000E+01
 -0.383534823500E+01  0.549943439300E+01  0.306354561980E+02  0.707106651372E+00
 -0.383534823500E+01  0.549943439300E+01  0.306354561980E+02  0.100000000000E+01
 -0.382129235000E+01  0.551305672800E+01  0.310276314540E+02  0.100000000000E+01
 -0.403829034800E+01  0.585229147400E+01  0.310356444370E+02  0.707106726012E+00
 -0.406089491900E+01  0.585090475100E+01  0.306313314750E+02  0.100000000000E+01
 -0.403993050200E+01  0.578628014400E+01  0.302791782800E+02  0.707106857181E+00
 -0.385082427500E+01  0.548443566500E+01  0.302036508120E+02  0.100000000000E+01
 -0.360909109500E+01  0.510659478400E+01  0.301954141010E+02  0.707106890181E+00
 -0.362238412900E+01  0.516757199200E+01  0.306393505920E+02  0.100000000000E+01
 -0.365881189100E+01  0.525209604100E+01  0.309449183600E+02  0.707106651372E+00
 -0.382129235000E+01  0.551305672800E+01  0.310276314540E+02  0.100000000000E+01
 -0.358578900300E+01  0.565842971500E+01  0.306262668220E+02  0.100000000000E+01
 -0.358578900300E+01  0.565842971500E+01  0.306262668220E+02  0.707106440716E+00
 -0.358578900300E+01  0.565842971500E+01  0.306262668220E+02  0.100000000000E+01
 -0.358578900300E+01  0.565842971500E+01  0.306262668220E+02  0.707106951725E+00
 -0.358578900300E+01  0.565842971500E+01  0.306262668220E+02  0.100000000000E+01
 -0.358578900300E+01  0.565842971500E+01  0.306262668220E+02  0.707107137457E+00
 -0.358578900300E+01  0.565842971500E+01  0.306262668220E+02  0.100000000000E+01
 -0.358578900300E+01  0.565842971500E+01  0.306262668220E+02  0.707106594847E+00
 -0.358578900300E+01  0.565842971500E+01  0.306262668220E+02  0.100000000000E+01
 -0.358419932000E+01  0.566400864900E+01  0.310102374550E+02  0.100000000000E+01
 -0.379187978400E+01  0.599126372600E+01  0.310247121390E+02  0.707106440716E+00
 -0.380689872100E+01  0.600643454400E+01  0.306221254790E+02  0.100000000000E+01
 -0.377082765100E+01  0.594248629200E+01  0.302818562790E+02  0.707106951725E+00
 -0.358747184500E+01  0.565252338000E+01  0.302197751990E+02  0.100000000000E+01
 -0.336022861300E+01  0.529470701800E+01  0.302165259930E+02  0.707107137457E+00
 -0.335962655100E+01  0.530247226200E+01  0.306305021750E+02  0.100000000000E+01
 -0.341210659400E+01  0.539164688800E+01  0.309419640420E+02  0.707106594847E+00
 -0.358419932000E+01  0.566400864900E+01  0.310102374550E+02  0.100000000000E+01
 -0.333611479400E+01  0.581744853800E+01  0.306298465310E+02  0.100000000000E+01
 -0.333611479400E+01  0.581744853800E+01  0.306298465310E+02  0.707106922760E+00
 -0.333611479400E+01  0.581744853800E+01  0.306298465310E+02  0.100000000000E+01
 -0.333611479400E+01  0.581744853800E+01  0.306298465310E+02  0.707106817163E+00
 -0.333611479400E+01  0.581744853800E+01  0.306298465310E+02  0.100000000000E+01
 -0.333611479400E+01  0.581744853800E+01  0.306298465310E+02  0.707106671500E+00
 -0.333611479400E+01  0.581744853800E+01  0.306298465310E+02  0.100000000000E+01
 -0.333611479400E+01  0.581744853800E+01  0.306298465310E+02  0.707106713324E+00
 -0.333611479400E+01  0.581744853800E+01  0.306298465310E+02  0.100000000000E+01
 -0.335043704800E+01  0.581296734200E+01  0.310199124260E+02  0.100000000000E+01
 -0.356803656400E+01  0.615246560000E+01  0.310253944220E+02  0.707106922760E+00
 -0.356651944200E+01  0.617762237600E+01  0.306255246010E+02  0.100000000000E+01
 -0.353992002100E+01  0.616584685900E+01  0.301930479100E+02  0.707106817163E+00
 -0.331983589100E+01  0.582254214300E+01  0.301864865140E+02  0.100000000000E+01
 -0.311520565300E+01  0.549794965900E+01  0.302587429790E+02  0.707106671500E+00
 -0.310831142600E+01  0.546134095900E+01  0.306341197530E+02  0.100000000000E+01
 -0.317490735000E+01  0.554355191000E+01  0.309509101660E+02  0.707106713324E+00
 -0.335043704800E+01  0.581296734200E+01  0.310199124260E+02  0.100000000000E+01
 -0.308804829200E+01  0.597783095400E+01  0.306490847260E+02  0.100000000000E+01
 -0.308804829200E+01  0.597783095400E+01  0.306490847260E+02  0.707106255559E+00
 -0.308804829200E+01  0.597783095400E+01  0.306490847260E+02  0.100000000000E+01
 -0.308804829200E+01  0.597783095400E+01  0.306490847260E+02  0.707107162225E+00
 -0.308804829200E+01  0.597783095400E+01  0.306490847260E+02  0.100000000000E+01
 -0.308804829200E+01  0.597783095400E+01  0.306490847260E+02  0.707107369586E+00
 -0.308804829200E+01  0.597783095400E+01  0.306490847260E+02  0.100000000000E+01
 -0.308804829200E+01  0.597783095400E+01  0.306490847260E+02  0.707106337375E+00
 -0.308804829200E+01  0.597783095400E+01  0.306490847260E+02  0.100000000000E+01
 -0.312271073700E+01  0.596042898000E+01  0.310566421510E+02  0.100000000000E+01
 -0.332244685500E+01  0.627185695400E+01  0.310211518300E+02  0.707106255559E+00
 -0.333607846300E+01  0.635778913600E+01  0.306442128090E+02  0.100000000000E+01
 -0.331833638500E+01  0.641426481400E+01  0.301601586120E+02  0.707107162225E+00
 -0.304838646600E+01  0.599774260100E+01  0.301827456270E+02  0.100000000000E+01
 -0.285929250300E+01  0.568960323600E+01  0.302933851390E+02  0.707107369586E+00
 -0.285640159000E+01  0.562297074200E+01  0.306536336680E+02  0.100000000000E+01
 -0.292036339900E+01  0.565935446300E+01  0.310090692970E+02  0.707106337375E+00
 -0.312271073700E+01  0.596042898000E+01  0.310566421510E+02  0.100000000000E+01
 -0.284345009600E+01  0.614036059100E+01  0.306862132900E+02  0.100000000000E+01
 -0.284345009600E+01  0.614036059100E+01  0.306862132900E+02  0.707106060988E+00
 -0.284345009600E+01  0.614036059100E+01  0.306862132900E+02  0.100000000000E+01
 -0.284345009600E+01  0.614036059100E+01  0.306862132900E+02  0.707107173497E+00
 -0.284345009600E+01  0.614036059100E+01  0.306862132900E+02  0.100000000000E+01
 -0.284345009600E+01  0.614036059100E+01  0.306862132900E+02  0.707107468644E+00
 -0.284345009600E+01  0.614036059100E+01  0.306862132900E+02  0.100000000000E+01
 -0.284345009600E+01  0.614036059100E+01  0.306862132900E+02  0.707106421617E+00
 -0.284345009600E+01  0.614036059100E+01  0.306862132900E+02  0.100000000000E+01
 -0.290111741500E+01  0.610780082300E+01  0.310999567870E+02  0.100000000000E+01
 -0.308475487400E+01  0.640230115000E+01  0.310197463740E+02  0.707106060988E+00
 -0.309689499700E+01  0.651689709800E+01  0.306805191000E+02  0.100000000000E+01
 -0.302970626500E+01  0.653679074000E+01  0.302617946350E+02  0.707107173497E+00
 -0.278492609600E+01  0.617340356200E+01  0.302663223680E+02  0.100000000000E+01
 -0.259580358700E+01  0.587121759300E+01  0.303450294970E+02  0.707107468644E+00
 -0.259260105500E+01  0.576768026900E+01  0.306918477360E+02  0.100000000000E+01
 -0.266583226000E+01  0.575875888100E+01  0.311034335680E+02  0.707106421617E+00
 -0.290111741500E+01  0.610780082300E+01  0.310999567870E+02  0.100000000000E+01
 -0.260427676700E+01  0.630533251100E+01  0.307427600860E+02  0.100000000000E+01
 -0.260427676700E+01  0.630533251100E+01  0.307427600860E+02  0.707106439432E+00
 -0.260427676700E+01  0.630533251100E+01  0.307427600860E+02  0.100000000000E+01
 -0.260427676700E+01  0.630533251100E+01  0.307427600860E+02  0.707107234310E+00
 -0.260427676700E+01  0.630533251100E+01  0.307427600860E+02  0.100000000000E+01
 -0.260427676700E+01  0.630533251100E+01  0.307427600860E+02  0.707107038116E+00
 -0.260427676700E+01  0.630533251100E+01  0.307427600860E+02  0.100000000000E+01
 -0.260427676700E+01  0.630533251100E+01  0.307427600860E+02  0.707106412888E+00
 -0.260427676700E+01  0.630533251100E+01  0.307427600860E+02  0.100000000000E+01
 -0.267599338900E+01  0.626225452900E+01  0.311043036980E+02  0.100000000000E+01
 -0.282643691100E+01  0.651248769600E+01  0.310125429910E+02  0.707106439432E+00
 -0.282100132200E+01  0.661528219000E+01  0.307367002860E+02  0.100000000000E+01
 -0.273811764600E+01  0.662956494500E+01  0.304074814600E+02  0.707107234310E+00
 -0.253062997600E+01  0.634957004100E+01  0.303714863600E+02  0.100000000000E+01
 -0.230990597200E+01  0.603421997400E+01  0.303768610000E+02  0.707107038116E+00
 -0.234941464200E+01  0.594084086800E+01  0.307498854070E+02  0.100000000000E+01
 -0.243382343000E+01  0.589734204500E+01  0.311574337570E+02  0.707106412888E+00
 -0.267599338900E+01  0.626225452900E+01  0.311043036980E+02  0.100000000000E+01
 -0.237244630100E+01  0.647262442300E+01  0.308194566720E+02  0.100000000000E+01
 -0.237244630100E+01  0.647262442300E+01  0.308194566720E+02  0.707106025828E+00
 -0.237244630100E+01  0.647262442300E+01  0.308194566720E+02  0.100000000000E+01
 -0.237244630100E+01  0.647262442300E+01  0.308194566720E+02  0.707107350613E+00
 -0.237244630100E+01  0.647262442300E+01  0.308194566720E+02  0.100000000000E+01
 -0.237244630100E+01  0.647262442300E+01  0.308194566720E+02  0.707107258513E+00
 -0.237244630100E+01  0.647262442300E+01  0.308194566720E+02  0.100000000000E+01
 -0.237244630100E+01  0.647262442300E+01  0.308194566720E+02  0.707106489792E+00
 -0.237244630100E+01  0.647262442300E+01  0.308194566720E+02  0.100000000000E+01
 -0.244716585100E+01  0.642572761500E+01  0.311066193610E+02  0.100000000000E+01
 -0.256522268600E+01  0.662175116100E+01  0.310360167660E+02  0.707106025828E+00
 -0.252998362200E+01  0.668861080700E+01  0.308137379020E+02  0.100000000000E+01
 -0.247864331100E+01  0.677094660000E+01  0.305191541280E+02  0.707107350613E+00
 -0.228012965300E+01  0.653056556000E+01  0.304646634930E+02  0.100000000000E+01
 -0.199749399600E+01  0.617819292400E+01  0.304067407950E+02  0.707107258513E+00
 -0.209816049000E+01  0.609657352300E+01  0.308294120400E+02  0.100000000000E+01
 -0.223950697900E+01  0.609943870000E+01  0.311948756460E+02  0.707106489792E+00
 -0.244716585100E+01  0.642572761500E+01  0.311066193610E+02  0.100000000000E+01
 -0.214957297500E+01  0.664176428600E+01  0.309160605010E+02  0.100000000000E+01
 -0.214957297500E+01  0.664176428600E+01  0.309160605010E+02  0.707108198168E+00
 -0.214957297500E+01  0.664176428600E+01  0.309160605010E+02  0.100000000000E+01
 -0.214957297500E+01  0.664176428600E+01  0.309160605010E+02  0.707105248396E+00
 -0.214957297500E+01  0.664176428600E+01  0.309160605010E+02  0.100000000000E+01
 -0.214957297500E+01  0.664176428600E+01  0.309160605010E+02  0.707106235489E+00
 -0.214957297500E+01  0.664176428600E+01  0.309160605010E+02  0.100000000000E+01
 -0.214957297500E+01  0.664176428600E+01  0.309160605010E+02  0.707107442690E+00
 -0.214957297500E+01  0.664176428600E+01  0.309160605010E+02  0.100000000000E+01
 -0.222765822800E+01  0.659092300000E+01  0.311565624040E+02  0.100000000000E+01
 -0.232135595500E+01  0.675006888300E+01  0.310943801830E+02  0.707108198168E+00
 -0.227604124700E+01  0.680765499000E+01  0.309100688870E+02  0.100000000000E+01
 -0.220448924900E+01  0.686588513300E+01  0.306711394980E+02  0.707105248396E+00
 -0.203091690800E+01  0.671902110500E+01  0.305506022000E+02  0.100000000000E+01
 -0.163316207100E+01  0.631622285600E+01  0.303799342530E+02  0.707106235489E+00
 -0.184049781700E+01  0.623634400300E+01  0.309307064120E+02  0.100000000000E+01
 -0.202958373300E+01  0.629473226900E+01  0.312239003570E+02  0.707107442690E+00
 -0.222765822800E+01  0.659092300000E+01  0.311565624040E+02  0.100000000000E+01
 -0.193789830400E+01  0.681217407300E+01  0.310333422780E+02  0.100000000000E+01
 -0.193789830400E+01  0.681217407300E+01  0.310333422780E+02  0.707106708265E+00
 -0.193789830400E+01  0.681217407300E+01  0.310333422780E+02  0.100000000000E+01
 -0.193789830400E+01  0.681217407300E+01  0.310333422780E+02  0.707106450684E+00
 -0.193789830400E+01  0.681217407300E+01  0.310333422780E+02  0.100000000000E+01
 -0.193789830400E+01  0.681217407300E+01  0.310333422780E+02  0.707106845386E+00
 -0.193789830400E+01  0.681217407300E+01  0.310333422780E+02  0.100000000000E+01
 -0.193789830400E+01  0.681217407300E+01  0.310333422780E+02  0.707107120410E+00
 -0.193789830400E+01  0.681217407300E+01  0.310333422780E+02  0.100000000000E+01
 -0.203741491500E+01  0.674489345800E+01  0.312814731710E+02  0.100000000000E+01
 -0.214078320400E+01  0.691968123900E+01  0.312139253140E+02  0.707106708265E+00
 -0.208481770500E+01  0.699535053500E+01  0.310240862390E+02  0.100000000000E+01
 -0.198585764500E+01  0.705982430600E+01  0.307805741740E+02  0.707106450684E+00
 -0.178990532800E+01  0.691222772700E+01  0.306643426470E+02  0.100000000000E+01
 -0.125718682100E+01  0.648156142600E+01  0.303874512470E+02  0.707106845386E+00
 -0.161379905400E+01  0.640809233300E+01  0.310537610500E+02  0.100000000000E+01
 -0.183292084200E+01  0.646870329000E+01  0.313225814680E+02  0.707107120410E+00
 -0.203741491500E+01  0.674489345800E+01  0.312814731710E+02  0.100000000000E+01
 -0.174185499600E+01  0.698297888700E+01  0.311746141260E+02  0.100000000000E+01
 -0.174185499600E+01  0.698297888700E+01  0.311746141260E+02  0.707106634590E+00
 -0.174185499600E+01  0.698297888700E+01  0.311746141260E+02  0.100000000000E+01
 -0.174185499600E+01  0.698297888700E+01  0.311746141260E+02  0.707106870531E+00
 -0.174185499600E+01  0.698297888700E+01  0.311746141260E+02  0.100000000000E+01
 -0.174185499600E+01  0.698297888700E+01  0.311746141260E+02  0.707106939112E+00
 -0.174185499600E+01  0.698297888700E+01  0.311746141260E+02  0.100000000000E+01
 -0.174185499600E+01  0.698297888700E+01  0.311746141260E+02  0.707106680513E+00
 -0.174185499600E+01  0.698297888700E+01  0.311746141260E+02  0.100000000000E+01
 -0.188782251900E+01  0.687965530700E+01  0.314628959460E+02  0.100000000000E+01
 -0.207642766000E+01  0.711071506900E+01  0.314348462020E+02  0.707106634590E+00
 -0.193775815700E+01  0.721202514400E+01  0.311575139760E+02  0.100000000000E+01
 -0.180358939400E+01  0.730952730600E+01  0.308897539870E+02  0.707106870531E+00
 -0.157866597000E+01  0.709849264800E+01  0.308523198550E+02  0.100000000000E+01
 -0.113841774300E+01  0.671608708700E+01  0.307453657550E+02  0.707106939112E+00
 -0.149074298800E+01  0.668938329600E+01  0.311965330000E+02  0.100000000000E+01
 -0.167431540500E+01  0.668714121300E+01  0.314187819940E+02  0.707106680513E+00
 -0.188782251900E+01  0.687965530700E+01  0.314628959460E+02  0.100000000000E+01
 -0.157072527200E+01  0.715198479500E+01  0.313466918800E+02  0.100000000000E+01
 -0.157072527200E+01  0.715198479500E+01  0.313466918800E+02  0.707106264258E+00
 -0.157072527200E+01  0.715198479500E+01  0.313466918800E+02  0.100000000000E+01
 -0.157072527200E+01  0.715198479500E+01  0.313466918800E+02  0.707107349976E+00
 -0.157072527200E+01  0.715198479500E+01  0.313466918800E+02  0.100000000000E+01
 -0.157072527200E+01  0.715198479500E+01  0.313466918800E+02  0.707107356627E+00
 -0.157072527200E+01  0.715198479500E+01  0.313466918800E+02  0.100000000000E+01
 -0.157072527200E+01  0.715198479500E+01  0.313466918800E+02  0.707106153890E+00
 -0.157072527200E+01  0.715198479500E+01  0.313466918800E+02  0.100000000000E+01
 -0.176142736300E+01  0.700765719500E+01  0.316255346750E+02  0.100000000000E+01
 -0.201903919700E+01  0.725334441500E+01  0.316179283810E+02  0.707106264258E+00
 -0.178361545100E+01  0.737964531500E+01  0.313189304530E+02  0.100000000000E+01
 -0.161324637300E+01  0.743578873000E+01  0.311333011930E+02  0.707107349976E+00
 -0.144215416300E+01  0.724929016900E+01  0.311586950940E+02  0.100000000000E+01
 -0.130552205300E+01  0.707161798200E+01  0.312040349960E+02  0.707107356627E+00
 -0.137341537600E+01  0.694098522500E+01  0.313724202090E+02  0.100000000000E+01
 -0.152912967700E+01  0.684228639200E+01  0.315834052700E+02  0.707106153890E+00
 -0.176142736300E+01  0.700765719500E+01  0.316255346750E+02  0.100000000000E+01
 -0.144616064600E+01  0.731200901200E+01  0.315610612520E+02  0.100000000000E+01
 -0.144616064600E+01  0.731200901200E+01  0.315610612520E+02  0.707107225857E+00
 -0.144616064600E+01  0.731200901200E+01  0.315610612520E+02  0.100000000000E+01
 -0.144616064600E+01  0.731200901200E+01  0.315610612520E+02  0.707105664584E+00
 -0.144616064600E+01  0.731200901200E+01  0.315610612520E+02  0.100000000000E+01
 -0.144616064600E+01  0.731200901200E+01  0.315610612520E+02  0.707106510785E+00
 -0.144616064600E+01  0.731200901200E+01  0.315610612520E+02  0.100000000000E+01
 -0.144616064600E+01  0.731200901200E+01  0.315610612520E+02  0.707107723524E+00
 -0.144616064600E+01  0.731200901200E+01  0.315610612520E+02  0.100000000000E+01
 -0.165965256900E+01  0.712987420400E+01  0.317529764510E+02  0.100000000000E+01
 -0.185955757600E+01  0.734078232000E+01  0.316943705750E+02  0.707107225857E+00
 -0.161623333500E+01  0.747177300200E+01  0.315234901750E+02  0.100000000000E+01
 -0.147155473200E+01  0.753273391700E+01  0.314324598090E+02  0.707105664584E+00
 -0.136378115300E+01  0.738228864500E+01  0.314870082940E+02  0.100000000000E+01
 -0.130242616900E+01  0.728149543100E+01  0.315275243860E+02  0.707106510785E+00
 -0.129967375300E+01  0.717440088000E+01  0.315934230570E+02  0.100000000000E+01
 -0.141308782200E+01  0.698873511200E+01  0.317509198300E+02  0.707107723524E+00
 -0.165965256900E+01  0.712987420400E+01  0.317529764510E+02  0.100000000000E+01
           1
           2
           3
           4
           5
           6
           7
           8
           9
          10
          11
          12
          13
          14
          15
          16
          17
          18
          19
          20
          21
          22
          23
          24
          25
          26
          27
          28
          29
          30
          31
          32
          33
          34
          35
          36
          37
          38
          39
          40
          41
          42
          43
          44
          45
          46
          47
          48
          49
          50
          51
          52
          53
          54
          55
          56
          57
          58
          59
          60
          61
          62
          63
          64
          65
          66
          67
          68
          69
          70
          71
          72
          73
          74
          75
          76
          77
          78
          79
          80
          81
          82
          83
          84
          85
          86
          87
          88
          89
          90
          91
          92
          93
          94
          95
          96
          97
          98
          99
         100
         101
         102
         103
         104
         105
         106
         107
         108
         109
         110
         111
         112
         113
         114
         115
         116
         117
         118
         119
         120
         121
         122
         123
         124
         125
         126
         127
         128
         129
         130
         131
         132
         133
         134
         135
         136
         137
         138
         139
         140
         141
         142
         143
         144
         145
         146
         147
         148
         149
         150
         151
         152
         153
         154
         155
         156
         157
         158
         159
         160
         161
         162
         163
         164
         165
         166
         167
         168
         169
         170
         171
         172
         173
         174
         175
         176
         177
         178
         179
         180
         181
         182
         183
         184
         185
         186
         187
         188
         189
         190
         191
         192
         193
         194
         195
         196
         197
         198
         199
         200
         201
         202
         203
         204
         205
         206
         207
         208
         209
         210
         211
         212
         213
         214
         215
         216
         217
         218
         219
         220
         221
         222
         223
         224
         225
         226
         227
         228
         229
         230
         231
         232
         233
         234
         235
         236
         237
         238
         239
         240
         241
         242
         243
         244
         245
         246
         247
         248
         249
         250
         251
         252
         253
         254
         255
         256
         257
         258
         259
         260
         261
         262
         263
         264
         265
         266
         267
         268
         269
         270
         271
         272
         273
         274
         275
         276
         277
         278
         279
         280
         281
         282
         283
         284
         285
         286
         287
         288
         289
         290
         291
         292
         293
         294
         295
         296
         297
         298
         299
         300
         301
         302
         303
         304
         305
         306
         307
         308
         309
         310
         311
         312
         313
         314
         315
         316
         317
         318
         319
         320
         321
         322
         323
         324
         325
         326
         327
         328
         329
         330
         331
         332
         333
         334
         335
         336
         337
         338
         339
         340
         341
         342
         343
         344
         345
         346
         347
         348
         349
         350
         351
         352
         353
         354
         355
         356
         357
         358
         359
         360
         361
         362
         363
         364
         365
         366
         367
         368
         369
         370
         371
         372
         373
         374
         375
         376
         377
         378
         379
         380
         381
         382
         383
         384
         385
         386
         387
         388
         389
         390
         391
         392
         393
         394
         395
         396
         397
         398
         399
         400
         401
         402
         403
         404
         405
         406
         407
         408
         409
         410
         411
         412
         413
         414
         415
         416
         417
         418
         419
         420
         421
         422
         423
         424
         425
         426
         427
         428
         429
         430
         431
         432
         433
         434
         435
         436
         437
         438
         439
         440
         441
         442
         443
         444
         445
         446
         447
         448
         449
         450
         451
         452
         453
         454
         455
         456
         457
         458
         459
         460
         461
         462
         463
         464
         465
         466
         467
         468
 1 0 0
 0 0 0
 0 0 0
 0 0 0
 0 0 0
 0 0 0
 0 0 0
 0 0 0
 0 0 0
 0 0 0
 0 0 0
 0 0 0
 0 0 0
 0 0 0
 0 0 0
 0 0 0
 0 0 0
 0 0 0
 0 0 0
 0 0 0
 0 0 0
 0 0 0
 0 0 0
 0 0 0
 0 0 0
 0 0 0
 0 0 0
 0 0 0
 0 0 0
 0 0 0
 0 0 0
 0 0 0
 0 0 0
 0 0 0
 0 0 0
 0 0 0
 0 0 0
 0 0 0
 0 0 0
 0 0 0
 0 0 0
 0 0 0
 0 0 0
 0 0 0
 0 0 0
 0 0 0
 0 0 0
 0 0 0
 0 0 0
 0 0 0
 0 0 0
 0 0 0
 0 0 0
 0 0 0
 0 0 0
 0 0 0
 0 0 0
 0 0 0
 0 0 0
 0 0 0
 0 0 0
 0 0 0
 0 0 0
 0 0 0
 0 0 0
 0 0 0
 0 0 0
 0 0 0
 0 0 0
 0 0 0
 0 0 0
 0 0 0
 0 0 0
 0 0 0
 0 0 0
 0 0 0
 0 0 0
 0 0 0
 0 0 0
 0 0 0
 0 0 0
 0 0 0
 0 0 0
 0 0 0
 0 0 0
 0 0 0
 0 0 0
 0 0 0
 0 0 0
 0 0 0
 0 0 0
 0 0 0
 0 0 0
 0 0 0
 0 0 0
 0 0 0
 0 0 0
 0 0 0
 0 0 0
 0 0 0
 0 0 0
 0 0 0
 0 0 0
 0 0 0
 0 0 0
 0 0 0
 0 0 0
 0 0 0
 0 0 0
 0 0 0
 0 0 0
 0 0 0
 0 0 0
 0 0 0
 0 0 0
 0 0 0
 0 0 0
 0 0 0
 0 0 0
 0 0 0
 0 0 0
 0 0 0
 0 0 0
 0 0 0
 0 0 0
 0 0 0
 0 0 0
 0 0 0
 0 0 0
 0 0 0
 0 0 0
 0 0 0
 0 0 0
 0 0 0
 0 0 0
 0 0 0
 0 0 0
 0 0 0
 0 0 0
 0 0 0
 0 0 0
 0 0 0
 0 0 0
 0 0 0
 0 0 0
 0 0 0
 0 0 0
 0 0 0
 0 0 0
 0 0 0
 0 0 0
 0 0 0
 0 0 0
 0 0 0
 0 0 0
 0 0 0
 0 0 0
 0 0 0
 0 0 0
 0 0 0
 0 0 0
 0 0 0
 0 0 0
 0 0 0
 0 0 0
 0 0 0
 0 0 0
 0 0 0
 0 0 0
 0 0 0
 0 0 0
 0 0 0
 0 0 0
 0 0 0
 0 0 0
 0 0 0
 0 0 0
 0 0 0
 0 0 0
 0 0 0
 0 0 0
 0 0 0
 0 0 0
 0 0 0
 0 0 0
 0 0 0
 0 0 0
 0 0 0
 0 0 0
 0 0 0
 0 0 0
 0 0 0
 0 0 0
 0 0 0
 0 0 0
 0 0 0
 0 0 0
 0 0 0
 0 0 0
 0 0 0
 0 0 0
 0 0 0
 0 0 0
 0 0 0
 0 0 0
 0 0 0
 0 0 0
 0 0 0
 0 0 0
 0 0 0
 0 0 0
 0 0 0
 0 0 0
 0 0 0
 0 0 0
 0 0 0
 0 0 0
 0 0 0
 0 0 0
 0 0 0
 0 0 0
 0 0 0
 0 0 0
 0 0 0
 0 0 0
 0 0 0
 0 0 0
 0 0 0
 0 0 0
 0 0 0
 0 0 0
 0 0 0
 0 0 0
 0 0 0
 0 0 0
 0 0 0
 0 0 0
 0 0 0
 0 0 0
 0 0 0
 0 0 0
 0 0 0
 0 0 0
 0 0 0
 0 0 0
 0 0 0
 0 0 0
 0 0 0
 0 0 0
 0 0 0
 0 0 0
 0 0 0
 0 0 0
 0 0 0
 0 0 0
 0 0 0
 0 0 0
 0 0 0
 0 0 0
 0 0 0
 0 0 0
 0 0 0
 0 0 0
 0 0 0
 0 0 0
 0 0 0
 0 0 0
 0 0 0
 0 0 0
 0 0 0
 0 0 0
 0 0 0
 0 0 0
 0 0 0
 0 0 0
 0 0 0
 0 0 0
 0 0 0
 0 0 0
 0 0 0
 0 0 0
 0 0 0
 0 0 0
 0 0 0
 0 0 0
 0 0 0
 0 0 0
 0 0 0
 0 0 0
 0 0 0
 0 0 0
 0 0 0
 0 0 0
 0 0 0
 0 0 0
 0 0 0
 0 0 0
 0 0 0
 0 0 0
 0 0 0
 0 0 0
 0 0 0
 0 0 0
 0 0 0
 0 0 0
 0 0 0
 0 0 0
 0 0 0
 0 0 0
 0 0 0
 0 0 0
 0 0 0
 0 0 0
 0 0 0
 0 0 0
 0 0 0
 0 0 0
 0 0 0
 0 0 0
 0 0 0
 0 0 0
 0 0 0
 0 0 0
 0 0 0
 0 0 0
 0 0 0
 0 0 0
 0 0 0
 0 0 0
 0 0 0
 0 0 0
 0 0 0
 0 0 0
 0 0 0
 0 0 0
 0 0 0
 0 0 0
 0 0 0
 0 0 0
 0 0 0
 0 0 0
 0 0 0
 0 0 0
 0 0 0
 0 0 0
 0 0 0
 0 0 0
 0 0 0
 0 0 0
 0 0 0
 0 0 0
 0 0 0
 0 0 0
 0 0 0
 0 0 0
 0 0 0
 0 0 0
 0 0 0
 0 0 0
 0 0 0
 0 0 0
 0 0 0
 0 0 0
 0 0 0
 0 0 0
 0 0 0
 0 0 0
 0 0 0
 0 0 0
 0 0 0
 0 0 0
 0 0 0
 0 0 0
 0 0 0
 0 0 0
 0 0 0
 0 0 0
 0 0 0
 0 0 0
 0 0 0
 0 0 0
 0 0 0
 0 0 0
 0 0 0
 0 0 0
 0 0 0
 0 0 0
 0 0 0
 0 0 0
 0 0 0
 0 0 0
 0 0 0
 0 0 0
 0 0 0
 0 0 0
 0 0 0
 0 0 0
 0 0 0
 0 0 0
 0 0 0
 0 0 0
 0 0 0
 0 0 0
 0 0 0
 0 0 0
 0 0 0
 0 0 0
 0 0 0
 0 0 0
 0 0 0
 0 0 0
 0 0 0
 0 0 0
 0 0 0
 0 0 0
 0 0 0
 0 0 0
 0 0 0
 0 0 0
 0 0 0
 0 0 0
 0 0 0
 0 0 0
 0 0 0
 0 0 0
 0 0 0
 0 0 0
 0 0 0
 0 0 0
 0 0 0
 0 0 0
 0 0 0
 0 0 0
 0 0 0
 0 0 0
 0 0 0
 0 0 0
 0 0 0
 0 0 0
 0 0 0
 0 0 0
 0 0 0
 0 0 0
 0 0 0
 0 0 0
 0 0 0
 0 0 0
 0 0 0
 0 0 0
 0 0 0
 0 0 0
 0 0 0
 0 0 0
 0 0 0
 0 0 0
 0 0 0
 0 0 0
 0 0 0
 0 0 0
 0 0 0
 0 0 0
 0 0 0
 0 0 0
 0 0 0
 0 0 0
 0 0 0
 0 0 0
 0 0 0
 0 0 0
  0.000000000  0.000000000  0.000000000
  0.000000000  0.000000000  0.000000000
  0.000000000  0.000000000  0.000000000
  0.000000000  0.000000000  0.000000000
  0.000000000  0.000000000  0.000000000
  0.000000000  0.000000000  0.000000000
  0.000000000  0.000000000  0.000000000
  0.000000000  0.000000000  0.000000000
  0.000000000  0.000000000  0.000000000
  0.000000000  0.000000000  0.000000000
  0.000000000  0.000000000  0.000000000
  0.000000000  0.000000000  0.000000000
  0.000000000  0.000000000  0.000000000
  0.000000000  0.000000000  0.000000000
  0.000000000  0.000000000  0.000000000
  0.000000000  0.000000000  0.000000000
  0.000000000  0.000000000  0.000000000
  0.000000000  0.000000000  0.000000000
  0.000000000  0.000000000  0.000000000
  0.000000000  0.000000000  0.000000000
  0.000000000  0.000000000  0.000000000
  0.000000000  0.000000000  0.000000000
  0.000000000  0.000000000  0.000000000
  0.000000000  0.000000000  0.000000000
  0.000000000  0.000000000  0.000000000
  0.000000000  0.000000000  0.000000000
  0.000000000  0.000000000  0.000000000
  0.000000000  0.000000000  0.000000000
  0.000000000  0.000000000  0.000000000
  0.000000000  0.000000000  0.000000000
  0.000000000  0.000000000  0.000000000
  0.000000000  0.000000000  0.000000000
  0.000000000  0.000000000  0.000000000
  0.000000000  0.000000000  0.000000000
  0.000000000  0.000000000  0.000000000
  0.000000000  0.000000000  0.000000000
  0.000000000  0.000000000  0.000000000
  0.000000000  0.000000000  0.000000000
  0.000000000  0.000000000  0.000000000
  0.000000000  0.000000000  0.000000000
  0.000000000  0.000000000  0.000000000
  0.000000000  0.000000000  0.000000000
  0.000000000  0.000000000  0.000000000
  0.000000000  0.000000000  0.000000000
  0.000000000  0.000000000  0.000000000
  0.000000000  0.000000000  0.000000000
  0.000000000  0.000000000  0.000000000
  0.000000000  0.000000000  0.000000000
  0.000000000  0.000000000  0.000000000
  0.000000000  0.000000000  0.000000000
  0.000000000  0.000000000  0.000000000
  0.000000000  0.000000000  0.000000000
  0.000000000  0.000000000  0.000000000
  0.000000000  0.000000000  0.000000000
  0.000000000  0.000000000  0.000000000
  0.000000000  0.000000000  0.000000000
  0.000000000  0.000000000  0.000000000
  0.000000000  0.000000000  0.000000000
  0.000000000  0.000000000  0.000000000
  0.000000000  0.000000000  0.000000000
  0.000000000  0.000000000  0.000000000
  0.000000000  0.000000000  0.000000000
  0.000000000  0.000000000  0.000000000
  0.000000000  0.000000000  0.000000000
  0.000000000  0.000000000  0.000000000
  0.000000000  0.000000000  0.000000000
  0.000000000  0.000000000  0.000000000
  0.000000000  0.000000000  0.000000000
  0.000000000  0.000000000  0.000000000
  0.000000000  0.000000000  0.000000000
  0.000000000  0.000000000  0.000000000
  0.000000000  0.000000000  0.000000000
  0.000000000  0.000000000  0.000000000
  0.000000000  0.000000000  0.000000000
  0.000000000  0.000000000  0.000000000
  0.000000000  0.000000000  0.000000000
  0.000000000  0.000000000  0.000000000
  0.000000000  0.000000000  0.000000000
  0.000000000  0.000000000  0.000000000
  0.000000000  0.000000000  0.000000000
  0.000000000  0.000000000  0.000000000
  0.000000000  0.000000000  0.000000000
  0.000000000  0.000000000  0.000000000
  0.000000000  0.000000000  0.000000000
  0.000000000  0.000000000  0.000000000
  0.000000000  0.000000000  0.000000000
  0.000000000  0.000000000  0.000000000
  0.000000000  0.000000000  0.000000000
  0.000000000  0.000000000  0.000000000
  0.000000000  0.000000000  0.000000000
  0.000000000  0.000000000  0.000000000
  0.000000000  0.000000000  0.000000000
  0.000000000  0.000000000  0.000000000
  0.000000000  0.000000000  0.000000000
  0.000000000  0.000000000  0.000000000
  0.000000000  0.000000000  0.000000000
  0.000000000  0.000000000  0.000000000
  0.000000000  0.000000000  0.000000000
  0.000000000  0.000000000  0.000000000
  0.000000000  0.000000000  0.000000000
  0.000000000  0.000000000  0.000000000
  0.000000000  0.000000000  0.000000000
  0.000000000  0.000000000  0.000000000
  0.000000000  0.000000000  0.000000000
  0.000000000  0.000000000  0.000000000
  0.000000000  0.000000000  0.000000000
  0.000000000  0.000000000  0.000000000
  0.000000000  0.000000000  0.000000000
  0.000000000  0.000000000  0.000000000
  0.000000000  0.000000000  0.000000000
  0.000000000  0.000000000  0.000000000
  0.000000000  0.000000000  0.000000000
  0.000000000  0.000000000  0.000000000
  0.000000000  0.000000000  0.000000000
  0.000000000  0.000000000  0.000000000
  0.000000000  0.000000000  0.000000000
  0.000000000  0.000000000  0.000000000
  0.000000000  0.000000000  0.000000000
  0.000000000  0.000000000  0.000000000
  0.000000000  0.000000000  0.000000000
  0.000000000  0.000000000  0.000000000
  0.000000000  0.000000000  0.000000000
  0.000000000  0.000000000  0.000000000
  0.000000000  0.000000000  0.000000000
  0.000000000  0.000000000  0.000000000
  0.000000000  0.000000000  0.000000000
  0.000000000  0.000000000  0.000000000
  0.000000000  0.000000000  0.000000000
  0.000000000  0.000000000  0.000000000
  0.000000000  0.000000000  0.000000000
  0.000000000  0.000000000  0.000000000
  0.000000000  0.000000000  0.000000000
  0.000000000  0.000000000  0.000000000
  0.000000000  0.000000000  0.000000000
  0.000000000  0.000000000  0.000000000
  0.000000000  0.000000000  0.000000000
  0.000000000  0.000000000  0.000000000
  0.000000000  0.000000000  0.000000000
  0.000000000  0.000000000  0.000000000
  0.000000000  0.000000000  0.000000000
  0.000000000  0.000000000  0.000000000
  0.000000000  0.000000000  0.000000000
  0.000000000  0.000000000  0.000000000
  0.000000000  0.000000000  0.000000000
  0.000000000  0.000000000  0.000000000
  0.000000000  0.000000000  0.000000000
  0.000000000  0.000000000  0.000000000
  0.000000000  0.000000000  0.000000000
  0.000000000  0.000000000  0.000000000
  0.000000000  0.000000000  0.000000000
  0.000000000  0.000000000  0.000000000
  0.000000000  0.000000000  0.000000000
  0.000000000  0.000000000  0.000000000
  0.000000000  0.000000000  0.000000000
  0.000000000  0.000000000  0.000000000
  0.000000000  0.000000000  0.000000000
  0.000000000  0.000000000  0.000000000
  0.000000000  0.000000000  0.000000000
  0.000000000  0.000000000  0.000000000
  0.000000000  0.000000000  0.000000000
  0.000000000  0.000000000  0.000000000
  0.000000000  0.000000000  0.000000000
  0.000000000  0.000000000  0.000000000
  0.000000000  0.000000000  0.000000000
  0.000000000  0.000000000  0.000000000
  0.000000000  0.000000000  0.000000000
  0.000000000  0.000000000  0.000000000
  0.000000000  0.000000000  0.000000000
  0.000000000  0.000000000  0.000000000
  0.000000000  0.000000000  0.000000000
  0.000000000  0.000000000  0.000000000
  0.000000000  0.000000000  0.000000000
  0.000000000  0.000000000  0.000000000
  0.000000000  0.000000000  0.000000000
  0.000000000  0.000000000  0.000000000
  0.000000000  0.000000000  0.000000000
  0.000000000  0.000000000  0.000000000
  0.000000000  0.000000000  0.000000000
  0.000000000  0.000000000  0.000000000
  0.000000000  0.000000000  0.000000000
  0.000000000  0.000000000  0.000000000
  0.000000000  0.000000000  0.000000000
  0.000000000  0.000000000  0.000000000
  0.000000000  0.000000000  0.000000000
  0.000000000  0.000000000  0.000000000
  0.000000000  0.000000000  0.000000000
  0.000000000  0.000000000  0.000000000
  0.000000000  0.000000000  0.000000000
  0.000000000  0.000000000  0.000000000
  0.000000000  0.000000000  0.000000000
  0.000000000  0.000000000  0.000000000
  0.000000000  0.000000000  0.000000000
  0.000000000  0.000000000  0.000000000
  0.000000000  0.000000000  0.000000000
  0.000000000  0.000000000  0.000000000
  0.000000000  0.000000000  0.000000000
  0.000000000  0.000000000  0.000000000
  0.000000000  0.000000000  0.000000000
  0.000000000  0.000000000  0.000000000
  0.000000000  0.000000000  0.000000000
  0.000000000  0.000000000  0.000000000
  0.000000000  0.000000000  0.000000000
  0.000000000  0.000000000  0.000000000
  0.000000000  0.000000000  0.000000000
  0.000000000  0.000000000  0.000000000
  0.000000000  0.000000000  0.000000000
  0.000000000  0.000000000  0.000000000
  0.000000000  0.000000000  0.000000000
  0.000000000  0.000000000  0.000000000
  0.000000000  0.000000000  0.000000000
  0.000000000  0.000000000  0.000000000
  0.000000000  0.000000000  0.000000000
  0.000000000  0.000000000  0.000000000
  0.000000000  0.000000000  0.000000000
  0.000000000  0.000000000  0.000000000
  0.000000000  0.000000000  0.000000000
  0.000000000  0.000000000  0.000000000
  0.000000000  0.000000000  0.000000000
  0.000000000  0.000000000  0.000000000
  0.000000000  0.000000000  0.000000000
  0.000000000  0.000000000  0.000000000
  0.000000000  0.000000000  0.000000000
  0.000000000  0.000000000  0.000000000
  0.000000000  0.000000000  0.000000000
  0.000000000  0.000000000  0.000000000
  0.000000000  0.000000000  0.000000000
  0.000000000  0.000000000  0.000000000
  0.000000000  0.000000000  0.000000000
  0.000000000  0.000000000  0.000000000
  0.000000000  0.000000000  0.000000000
  0.000000000  0.000000000  0.000000000
  0.000000000  0.000000000  0.000000000
  0.000000000  0.000000000  0.000000000
  0.000000000  0.000000000  0.000000000
  0.000000000  0.000000000  0.000000000
  0.000000000  0.000000000  0.000000000
  0.000000000  0.000000000  0.000000000
  0.000000000  0.000000000  0.000000000
  0.000000000  0.000000000  0.000000000
  0.000000000  0.000000000  0.000000000
  0.000000000  0.000000000  0.000000000
  0.000000000  0.000000000  0.000000000
  0.000000000  0.000000000  0.000000000
  0.000000000  0.000000000  0.000000000
  0.000000000  0.000000000  0.000000000
  0.000000000  0.000000000  0.000000000
  0.000000000  0.000000000  0.000000000
  0.000000000  0.000000000  0.000000000
  0.000000000  0.000000000  0.000000000
  0.000000000  0.000000000  0.000000000
  0.000000000  0.000000000  0.000000000
  0.000000000  0.000000000  0.000000000
  0.000000000  0.000000000  0.000000000
  0.000000000  0.000000000  0.000000000
  0.000000000  0.000000000  0.000000000
  0.000000000  0.000000000  0.000000000
  0.000000000  0.000000000  0.000000000
  0.000000000  0.000000000  0.000000000
  0.000000000  0.000000000  0.000000000
  0.000000000  0.000000000  0.000000000
  0.000000000  0.000000000  0.000000000
  0.000000000  0.000000000  0.000000000
  0.000000000  0.000000000  0.000000000
  0.000000000  0.000000000  0.000000000
  0.000000000  0.000000000  0.000000000
  0.000000000  0.000000000  0.000000000
  0.000000000  0.000000000  0.000000000
  0.000000000  0.000000000  0.000000000
  0.000000000  0.000000000  0.000000000
  0.000000000  0.000000000  0.000000000
  0.000000000  0.000000000  0.000000000
  0.000000000  0.000000000  0.000000000
  0.000000000  0.000000000  0.000000000
  0.000000000  0.000000000  0.000000000
  0.000000000  0.000000000  0.000000000
  0.000000000  0.000000000  0.000000000
  0.000000000  0.000000000  0.000000000
  0.000000000  0.000000000  0.000000000
  0.000000000  0.000000000  0.000000000
  0.000000000  0.000000000  0.000000000
  0.000000000  0.000000000  0.000000000
  0.000000000  0.000000000  0.000000000
  0.000000000  0.000000000  0.000000000
  0.000000000  0.000000000  0.000000000
  0.000000000  0.000000000  0.000000000
  0.000000000  0.000000000  0.000000000
  0.000000000  0.000000000  0.000000000
  0.000000000  0.000000000  0.000000000
  0.000000000  0.000000000  0.000000000
  0.000000000  0.000000000  0.000000000
  0.000000000  0.000000000  0.000000000
  0.000000000  0.000000000  0.000000000
  0.000000000  0.000000000  0.000000000
  0.000000000  0.000000000  0.000000000
  0.000000000  0.000000000  0.000000000
  0.000000000  0.000000000  0.000000000
  0.000000000  0.000000000  0.000000000
  0.000000000  0.000000000  0.000000000
  0.000000000  0.000000000  0.000000000
  0.000000000  0.000000000  0.000000000
  0.000000000  0.000000000  0.000000000
  0.000000000  0.000000000  0.000000000
  0.000000000  0.000000000  0.000000000
  0.000000000  0.000000000  0.000000000
  0.000000000  0.000000000  0.000000000
  0.000000000  0.000000000  0.000000000
  0.000000000  0.000000000  0.000000000
  0.000000000  0.000000000  0.000000000
  0.000000000  0.000000000  0.000000000
  0.000000000  0.000000000  0.000000000
  0.000000000  0.000000000  0.000000000
  0.000000000  0.000000000  0.000000000
  0.000000000  0.000000000  0.000000000
  0.000000000  0.000000000  0.000000000
  0.000000000  0.000000000  0.000000000
  0.000000000  0.000000000  0.000000000
  0.000000000  0.000000000  0.000000000
  0.000000000  0.000000000  0.000000000
  0.000000000  0.000000000  0.000000000
  0.000000000  0.000000000  0.000000000
  0.000000000  0.000000000  0.000000000
  0.000000000  0.000000000  0.000000000
  0.000000000  0.000000000  0.000000000
  0.000000000  0.000000000  0.000000000
  0.000000000  0.000000000  0.000000000
  0.000000000  0.000000000  0.000000000
  0.000000000  0.000000000  0.000000000
  0.000000000  0.000000000  0.000000000
  0.000000000  0.000000000  0.000000000
  0.000000000  0.000000000  0.000000000
  0.000000000  0.000000000  0.000000000
  0.000000000  0.000000000  0.000000000
  0.000000000  0.000000000  0.000000000
  0.000000000  0.000000000  0.000000000
  0.000000000  0.000000000  0.000000000
  0.000000000  0.000000000  0.000000000
  0.000000000  0.000000000  0.000000000
  0.000000000  0.000000000  0.000000000
  0.000000000  0.000000000  0.000000000
  0.000000000  0.000000000  0.000000000
  0.000000000  0.000000000  0.000000000
  0.000000000  0.000000000  0.000000000
  0.000000000  0.000000000  0.000000000
  0.000000000  0.000000000  0.000000000
  0.000000000  0.000000000  0.000000000
  0.000000000  0.000000000  0.000000000
  0.000000000  0.000000000  0.000000000
  0.000000000  0.000000000  0.000000000
  0.000000000  0.000000000  0.000000000
  0.000000000  0.000000000  0.000000000
  0.000000000  0.000000000  0.000000000
  0.000000000  0.000000000  0.000000000
  0.000000000  0.000000000  0.000000000
  0.000000000  0.000000000  0.000000000
  0.000000000  0.000000000  0.000000000
  0.000000000  0.000000000  0.000000000
  0.000000000  0.000000000  0.000000000
  0.000000000  0.000000000  0.000000000
  0.000000000  0.000000000  0.000000000
  0.000000000  0.000000000  0.000000000
  0.000000000  0.000000000  0.000000000
  0.000000000  0.000000000  0.000000000
  0.000000000  0.000000000  0.000000000
  0.000000000  0.000000000  0.000000000
  0.000000000  0.000000000  0.000000000
  0.000000000  0.000000000  0.000000000
  0.000000000  0.000000000  0.000000000
  0.000000000  0.000000000  0.000000000
  0.000000000  0.000000000  0.000000000
  0.000000000  0.000000000  0.000000000
  0.000000000  0.000000000  0.000000000
  0.000000000  0.000000000  0.000000000
  0.000000000  0.000000000  0.000000000
  0.000000000  0.000000000  0.000000000
  0.000000000  0.000000000  0.000000000
  0.000000000  0.000000000  0.000000000
  0.000000000  0.000000000  0.000000000
  0.000000000  0.000000000  0.000000000
  0.000000000  0.000000000  0.000000000
  0.000000000  0.000000000  0.000000000
  0.000000000  0.000000000  0.000000000
  0.000000000  0.000000000  0.000000000
  0.000000000  0.000000000  0.000000000
  0.000000000  0.000000000  0.000000000
  0.000000000  0.000000000  0.000000000
  0.000000000  0.000000000  0.000000000
  0.000000000  0.000000000  0.000000000
  0.000000000  0.000000000  0.000000000
  0.000000000  0.000000000  0.000000000
  0.000000000  0.000000000  0.000000000
  0.000000000  0.000000000  0.000000000
  0.000000000  0.000000000  0.000000000
  0.000000000  0.000000000  0.000000000
  0.000000000  0.000000000  0.000000000
  0.000000000  0.000000000  0.000000000
  0.000000000  0.000000000  0.000000000
  0.000000000  0.000000000  0.000000000
  0.000000000  0.000000000  0.000000000
  0.000000000  0.000000000  0.000000000
  0.000000000  0.000000000  0.000000000
  0.000000000  0.000000000  0.000000000
  0.000000000  0.000000000  0.000000000
  0.000000000  0.000000000  0.000000000
  0.000000000  0.000000000  0.000000000
  0.000000000  0.000000000  0.000000000
  0.000000000  0.000000000  0.000000000
  0.000000000  0.000000000  0.000000000
  0.000000000  0.000000000  0.000000000
  0.000000000  0.000000000  0.000000000
  0.000000000  0.000000000  0.000000000
  0.000000000  0.000000000  0.000000000
  0.000000000  0.000000000  0.000000000
  0.000000000  0.000000000  0.000000000
  0.000000000  0.000000000  0.000000000
  0.000000000  0.000000000  0.000000000
  0.000000000  0.000000000  0.000000000
  0.000000000  0.000000000  0.000000000
  0.000000000  0.000000000  0.000000000
  0.000000000  0.000000000  0.000000000
  0.000000000  0.000000000  0.000000000
  0.000000000  0.000000000  0.000000000
  0.000000000  0.000000000  0.000000000
  0.000000000  0.000000000  0.000000000
  0.000000000  0.000000000  0.000000000
  0.000000000  0.000000000  0.000000000
  0.000000000  0.000000000  0.000000000
  0.000000000  0.000000000  0.000000000
  0.000000000  0.000000000  0.000000000
  0.000000000  0.000000000  0.000000000
  0.000000000  0.000000000  0.000000000
  0.000000000  0.000000000  0.000000000
  0.000000000  0.000000000  0.000000000
  0.000000000  0.000000000  0.000000000
  0.000000000  0.000000000  0.000000000
  0.000000000  0.000000000  0.000000000
  0.000000000  0.000000000  0.000000000
  0.000000000  0.000000000  0.000000000
  0.000000000  0.000000000  0.000000000
  0.000000000  0.000000000  0.000000000
  0.000000000  0.000000000  0.000000000
  0.000000000  0.000000000  0.000000000
  0.000000000  0.000000000  0.000000000
  0.000000000  0.000000000  0.000000000
  0.000000000  0.000000000  0.000000000
  0.000000000  0.000000000  0.000000000
  0.000000000  0.000000000  0.000000000
  0.000000000  0.000000000  0.000000000
  0.000000000  0.000000000  0.000000000
  0.000000000  0.000000000  0.000000000
  0.000000000  0.000000000  0.000000000
  0.000000000  0.000000000  0.000000000
  0.000000000  0.000000000  0.000000000
  0.000000000  0.000000000  0.000000000
  0.000000000  0.000000000  0.000000000
  0.000000000  0.000000000  0.000000000
  0.000000000  0.000000000  0.000000000
  0.000000000  0.000000000  0.000000000
  0.000000000  0.000000000  0.000000000
  0.000000000  0.000000000  0.000000000
  0.000000000  0.000000000  0.000000000
  0.000000000  0.000000000  0.000000000
  0.000000000  0.000000000  0.000000000
  0.000000000  0.000000000  0.000000000
  0.000000000  0.000000000  0.000000000
  0.000000000  0.000000000  0.000000000
  0.000000000  0.000000000  0.000000000
  0.000000000  0.000000000  0.000000000
  0.000000000  0.000000000  0.000000000
 0 0 0
 0 0 0
 0 0 0
 0 0 0
 0 0 0
 0 0 0
 0 0 0
 0 0 0
 0 0 0
 0 0 0
 0 0 0
 0 0 0
 0 0 0
 0 0 0
 0 0 0
 0 0 0
 0 0 0
 0 0 0
 0 0 0
 0 0 0
 0 0 0
 0 0 0
 0 0 0
 0 0 0
 0 0 0
 0 0 0
 0 0 0
 0 0 0
 0 0 0
 0 0 0
 0 0 0
 0 0 0
 0 0 0
 0 0 0
 0 0 0
 0 0 0
 0 0 0
 0 0 0
 0 0 0
 0 0 0
 0 0 0
 0 0 0
 0 0 0
 0 0 0
 0 0 0
 0 0 0
 0 0 0
 0 0 0
 0 0 0
 0 0 0
 0 0 0
 0 0 0
 0 0 0
 0 0 0
 0 0 0
 0 0 0
 0 0 0
 0 0 0
 0 0 0
 0 0 0
 0 0 0
 0 0 0
 0 0 0
 0 0 0
 0 0 0
 0 0 0
 0 0 0
 0 0 0
 0 0 0
 0 0 0
 0 0 0
 0 0 0
 0 0 0
 0 0 0
 0 0 0
 0 0 0
 0 0 0
 0 0 0
 0 0 0
 0 0 0
 0 0 0
 0 0 0
 0 0 0
 0 0 0
 0 0 0
 0 0 0
 0 0 0
 0 0 0
 0 0 0
 0 0 0
 0 0 0
 0 0 0
 0 0 0
 0 0 0
 0 0 0
 0 0 0
 0 0 0
 0 0 0
 0 0 0
 0 0 0
 0 0 0
 0 0 0
 0 0 0
 0 0 0
 0 0 0
 0 0 0
 0 0 0
 0 0 0
 0 0 0
 0 0 0
 0 0 0
 0 0 0
 0 0 0
 0 0 0
 0 0 0
 0 0 0
 0 0 0
 0 0 0
 0 0 0
 0 0 0
 0 0 0
 0 0 0
 0 0 0
 0 0 0
 0 0 0
 0 0 0
 0 0 0
 0 0 0
 0 0 0
 0 0 0
 0 0 0
 0 0 0
 0 0 0
 0 0 0
 0 0 0
 0 0 0
 0 0 0
 0 0 0
 0 0 0
 0 0 0
 0 0 0
 0 0 0
 0 0 0
 0 0 0
 0 0 0
 0 0 0
 0 0 0
 0 0 0
 0 0 0
 0 0 0
 0 0 0
 0 0 0
 0 0 0
 0 0 0
 0 0 0
 0 0 0
 0 0 0
 0 0 0
 0 0 0
 0 0 0
 0 0 0
 0 0 0
 0 0 0
 0 0 0
 0 0 0
 0 0 0
 0 0 0
 0 0 0
 0 0 0
 0 0 0
 0 0 0
 0 0 0
 0 0 0
 0 0 0
 0 0 0
 0 0 0
 0 0 0
 0 0 0
 0 0 0
 0 0 0
 0 0 0
 0 0 0
 0 0 0
 0 0 0
 0 0 0
 0 0 0
 0 0 0
 0 0 0
 0 0 0
 0 0 0
 0 0 0
 0 0 0
 0 0 0
 0 0 0
 0 0 0
 0 0 0
 0 0 0
 0 0 0
 0 0 0
 0 0 0
 0 0 0
 0 0 0
 0 0 0
 0 0 0
 0 0 0
 0 0 0
 0 0 0
 0 0 0
 0 0 0
 0 0 0
 0 0 0
 0 0 0
 0 0 0
 0 0 0
 0 0 0
 0 0 0
 0 0 0
 0 0 0
 0 0 0
 0 0 0
 0 0 0
 0 0 0
 0 0 0
 0 0 0
 0 0 0
 0 0 0
 0 0 0
 0 0 0
 0 0 0
 0 0 0
 0 0 0
 0 0 0
 0 0 0
 0 0 0
 0 0 0
 0 0 0
 0 0 0
 0 0 0
 0 0 0
 0 0 0
 0 0 0
 0 0 0
 0 0 0
 0 0 0
 0 0 0
 0 0 0
 0 0 0
 0 0 0
 0 0 0
 0 0 0
 0 0 0
 0 0 0
 0 0 0
 0 0 0
 0 0 0
 0 0 0
 0 0 0
 0 0 0
 0 0 0
 0 0 0
 0 0 0
 0 0 0
 0 0 0
 0 0 0
 0 0 0
 0 0 0
 0 0 0
 0 0 0
 0 0 0
 0 0 0
 0 0 0
 0 0 0
 0 0 0
 0 0 0
 0 0 0
 0 0 0
 0 0 0
 0 0 0
 0 0 0
 0 0 0
 0 0 0
 0 0 0
 0 0 0
 0 0 0
 0 0 0
 0 0 0
 0 0 0
 0 0 0
 0 0 0
 0 0 0
 0 0 0
 0 0 0
 0 0 0
 0 0 0
 0 0 0
 0 0 0
 0 0 0
 0 0 0
 0 0 0
 0 0 0
 0 0 0
 0 0 0
 0 0 0
 0 0 0
 0 0 0
 0 0 0
 0 0 0
 0 0 0
 0 0 0
 0 0 0
 0 0 0
 0 0 0
 0 0 0
 0 0 0
 0 0 0
 0 0 0
 0 0 0
 0 0 0
 0 0 0
 0 0 0
 0 0 0
 0 0 0
 0 0 0
 0 0 0
 0 0 0
 0 0 0
 0 0 0
 0 0 0
 0 0 0
 0 0 0
 0 0 0
 0 0 0
 0 0 0
 0 0 0
 0 0 0
 0 0 0
 0 0 0
 0 0 0
 0 0 0
 0 0 0
 0 0 0
 0 0 0
 0 0 0
 0 0 0
 0 0 0
 0 0 0
 0 0 0
 0 0 0
 0 0 0
 0 0 0
  0.000000000  0.000000000  0.000000000
  0.000000000  0.000000000  0.000000000
  0.000000000  0.000000000  0.000000000
  0.000000000  0.000000000  0.000000000
  0.000000000  0.000000000  0.000000000
  0.000000000  0.000000000  0.000000000
  0.000000000  0.000000000  0.000000000
  0.000000000  0.000000000  0.000000000
  0.000000000  0.000000000  0.000000000
  0.000000000  0.000000000  0.000000000
  0.000000000  0.000000000  0.000000000
  0.000000000  0.000000000  0.000000000
  0.000000000  0.000000000  0.000000000
  0.000000000  0.000000000  0.000000000
  0.000000000  0.000000000  0.000000000
  0.000000000  0.000000000  0.000000000
  0.000000000  0.000000000  0.000000000
  0.000000000  0.000000000  0.000000000
  0.000000000  0.000000000  0.000000000
  0.000000000  0.000000000  0.000000000
  0.000000000  0.000000000  0.000000000
  0.000000000  0.000000000  0.000000000
  0.000000000  0.000000000  0.000000000
  0.000000000  0.000000000  0.000000000
  0.000000000  0.000000000  0.000000000
  0.000000000  0.000000000  0.000000000
  0.000000000  0.000000000  0.000000000
  0.000000000  0.000000000  0.000000000
  0.000000000  0.000000000  0.000000000
  0.000000000  0.000000000  0.000000000
  0.000000000  0.000000000  0.000000000
  0.000000000  0.000000000  0.000000000
  0.000000000  0.000000000  0.000000000
  0.000000000  0.000000000  0.000000000
  0.000000000  0.000000000  0.000000000
  0.000000000  0.000000000  0.000000000
  0.000000000  0.000000000  0.000000000
  0.000000000  0.000000000  0.000000000
  0.000000000  0.000000000  0.000000000
  0.000000000  0.000000000  0.000000000
  0.000000000  0.000000000  0.000000000
  0.000000000  0.000000000  0.000000000
  0.000000000  0.000000000  0.000000000
  0.000000000  0.000000000  0.000000000
  0.000000000  0.000000000  0.000000000
  0.000000000  0.000000000  0.000000000
  0.000000000  0.000000000  0.000000000
  0.000000000  0.000000000  0.000000000
  0.000000000  0.000000000  0.000000000
  0.000000000  0.000000000  0.000000000
  0.000000000  0.000000000  0.000000000
  0.000000000  0.000000000  0.000000000
  0.000000000  0.000000000  0.000000000
  0.000000000  0.000000000  0.000000000
  0.000000000  0.000000000  0.000000000
  0.000000000  0.000000000  0.000000000
  0.000000000  0.000000000  0.000000000
  0.000000000  0.000000000  0.000000000
  0.000000000  0.000000000  0.000000000
  0.000000000  0.000000000  0.000000000
  0.000000000  0.000000000  0.000000000
  0.000000000  0.000000000  0.000000000
  0.000000000  0.000000000  0.000000000
  0.000000000  0.000000000  0.000000000
  0.000000000  0.000000000  0.000000000
  0.000000000  0.000000000  0.000000000
  0.000000000  0.000000000  0.000000000
  0.000000000  0.000000000  0.000000000
  0.000000000  0.000000000  0.000000000
  0.000000000  0.000000000  0.000000000
  0.000000000  0.000000000  0.000000000
  0.000000000  0.000000000  0.000000000
  0.000000000  0.000000000  0.000000000
  0.000000000  0.000000000  0.000000000
  0.000000000  0.000000000  0.000000000
  0.000000000  0.000000000  0.000000000
  0.000000000  0.000000000  0.000000000
  0.000000000  0.000000000  0.000000000
  0.000000000  0.000000000  0.000000000
  0.000000000  0.000000000  0.000000000
  0.000000000  0.000000000  0.000000000
  0.000000000  0.000000000  0.000000000
  0.000000000  0.000000000  0.000000000
  0.000000000  0.000000000  0.000000000
  0.000000000  0.000000000  0.000000000
  0.000000000  0.000000000  0.000000000
  0.000000000  0.000000000  0.000000000
  0.000000000  0.000000000  0.000000000
  0.000000000  0.000000000  0.000000000
  0.000000000  0.000000000  0.000000000
  0.000000000  0.000000000  0.000000000
  0.000000000  0.000000000  0.000000000
  0.000000000  0.000000000  0.000000000
  0.000000000  0.000000000  0.000000000
  0.000000000  0.000000000  0.000000000
  0.000000000  0.000000000  0.000000000
  0.000000000  0.000000000  0.000000000
  0.000000000  0.000000000  0.000000000
  0.000000000  0.000000000  0.000000000
  0.000000000  0.000000000  0.000000000
  0.000000000  0.000000000  0.000000000
  0.000000000  0.000000000  0.000000000
  0.000000000  0.000000000  0.000000000
  0.000000000  0.000000000  0.000000000
  0.000000000  0.000000000  0.000000000
  0.000000000  0.000000000  0.000000000
  0.000000000  0.000000000  0.000000000
  0.000000000  0.000000000  0.000000000
  0.000000000  0.000000000  0.000000000
  0.000000000  0.000000000  0.000000000
  0.000000000  0.000000000  0.000000000
  0.000000000  0.000000000  0.000000000
  0.000000000  0.000000000  0.000000000
  0.000000000  0.000000000  0.000000000
  0.000000000  0.000000000  0.000000000
  0.000000000  0.000000000  0.000000000
  0.000000000  0.000000000  0.000000000
  0.000000000  0.000000000  0.000000000
  0.000000000  0.000000000  0.000000000
  0.000000000  0.000000000  0.000000000
  0.000000000  0.000000000  0.000000000
  0.000000000  0.000000000  0.000000000
  0.000000000  0.000000000  0.000000000
  0.000000000  0.000000000  0.000000000
  0.000000000  0.000000000  0.000000000
  0.000000000  0.000000000  0.000000000
  0.000000000  0.000000000  0.000000000
  0.000000000  0.000000000  0.000000000
  0.000000000  0.000000000  0.000000000
  0.000000000  0.000000000  0.000000000
  0.000000000  0.000000000  0.000000000
  0.000000000  0.000000000  0.000000000
  0.000000000  0.000000000  0.000000000
  0.000000000  0.000000000  0.000000000
  0.000000000  0.000000000  0.000000000
  0.000000000  0.000000000  0.000000000
  0.000000000  0.000000000  0.000000000
  0.000000000  0.000000000  0.000000000
  0.000000000  0.000000000  0.000000000
  0.000000000  0.000000000  0.000000000
  0.000000000  0.000000000  0.000000000
  0.000000000  0.000000000  0.000000000
  0.000000000  0.000000000  0.000000000
  0.000000000  0.000000000  0.000000000
  0.000000000  0.000000000  0.000000000
  0.000000000  0.000000000  0.000000000
  0.000000000  0.000000000  0.000000000
  0.000000000  0.000000000  0.000000000
  0.000000000  0.000000000  0.000000000
  0.000000000  0.000000000  0.000000000
  0.000000000  0.000000000  0.000000000
  0.000000000  0.000000000  0.000000000
  0.000000000  0.000000000  0.000000000
  0.000000000  0.000000000  0.000000000
  0.000000000  0.000000000  0.000000000
  0.000000000  0.000000000  0.000000000
  0.000000000  0.000000000  0.000000000
  0.000000000  0.000000000  0.000000000
  0.000000000  0.000000000  0.000000000
  0.000000000  0.000000000  0.000000000
  0.000000000  0.000000000  0.000000000
  0.000000000  0.000000000  0.000000000
  0.000000000  0.000000000  0.000000000
  0.000000000  0.000000000  0.000000000
  0.000000000  0.000000000  0.000000000
  0.000000000  0.000000000  0.000000000
  0.000000000  0.000000000  0.000000000
  0.000000000  0.000000000  0.000000000
  0.000000000  0.000000000  0.000000000
  0.000000000  0.000000000  0.000000000
  0.000000000  0.000000000  0.000000000
  0.000000000  0.000000000  0.000000000
  0.000000000  0.000000000  0.000000000
  0.000000000  0.000000000  0.000000000
  0.000000000  0.000000000  0.000000000
  0.000000000  0.000000000  0.000000000
  0.000000000  0.000000000  0.000000000
  0.000000000  0.000000000  0.000000000
  0.000000000  0.000000000  0.000000000
  0.000000000  0.000000000  0.000000000
  0.000000000  0.000000000  0.000000000
  0.000000000  0.000000000  0.000000000
  0.000000000  0.000000000  0.000000000
  0.000000000  0.000000000  0.000000000
  0.000000000  0.000000000  0.000000000
  0.000000000  0.000000000  0.000000000
  0.000000000  0.000000000  0.000000000
  0.000000000  0.000000000  0.000000000
  0.000000000  0.000000000  0.000000000
  0.000000000  0.000000000  0.000000000
  0.000000000  0.000000000  0.000000000
  0.000000000  0.000000000  0.000000000
  0.000000000  0.000000000  0.000000000
  0.000000000  0.000000000  0.000000000
  0.000000000  0.000000000  0.000000000
  0.000000000  0.000000000  0.000000000
  0.000000000  0.000000000  0.000000000
  0.000000000  0.000000000  0.000000000
  0.000000000  0.000000000  0.000000000
  0.000000000  0.000000000  0.000000000
  0.000000000  0.000000000  0.000000000
  0.000000000  0.000000000  0.000000000
  0.000000000  0.000000000  0.000000000
  0.000000000  0.000000000  0.000000000
  0.000000000  0.000000000  0.000000000
  0.000000000  0.000000000  0.000000000
  0.000000000  0.000000000  0.000000000
  0.000000000  0.000000000  0.000000000
  0.000000000  0.000000000  0.000000000
  0.000000000  0.000000000  0.000000000
  0.000000000  0.000000000  0.000000000
  0.000000000  0.000000000  0.000000000
  0.000000000  0.000000000  0.000000000
  0.000000000  0.000000000  0.000000000
  0.000000000  0.000000000  0.000000000
  0.000000000  0.000000000  0.000000000
  0.000000000  0.000000000  0.000000000
  0.000000000  0.000000000  0.000000000
  0.000000000  0.000000000  0.000000000
  0.000000000  0.000000000  0.000000000
  0.000000000  0.000000000  0.000000000
  0.000000000  0.000000000  0.000000000
  0.000000000  0.000000000  0.000000000
  0.000000000  0.000000000  0.000000000
  0.000000000  0.000000000  0.000000000
  0.000000000  0.000000000  0.000000000
  0.000000000  0.000000000  0.000000000
  0.000000000  0.000000000  0.000000000
  0.000000000  0.000000000  0.000000000
  0.000000000  0.000000000  0.000000000
  0.000000000  0.000000000  0.000000000
  0.000000000  0.000000000  0.000000000
  0.000000000  0.000000000  0.000000000
  0.000000000  0.000000000  0.000000000
  0.000000000  0.000000000  0.000000000
  0.000000000  0.000000000  0.000000000
  0.000000000  0.000000000  0.000000000
  0.000000000  0.000000000  0.000000000
  0.000000000  0.000000000  0.000000000
  0.000000000  0.000000000  0.000000000
  0.000000000  0.000000000  0.000000000
  0.000000000  0.000000000  0.000000000
  0.000000000  0.000000000  0.000000000
  0.000000000  0.000000000  0.000000000
  0.000000000  0.000000000  0.000000000
  0.000000000  0.000000000  0.000000000
  0.000000000  0.000000000  0.000000000
  0.000000000  0.000000000  0.000000000
  0.000000000  0.000000000  0.000000000
  0.000000000  0.000000000  0.000000000
  0.000000000  0.000000000  0.000000000
  0.000000000  0.000000000  0.000000000
  0.000000000  0.000000000  0.000000000
  0.000000000  0.000000000  0.000000000
  0.000000000  0.000000000  0.000000000
  0.000000000  0.000000000  0.000000000
  0.000000000  0.000000000  0.000000000
  0.000000000  0.000000000  0.000000000
  0.000000000  0.000000000  0.000000000
  0.000000000  0.000000000  0.000000000
  0.000000000  0.000000000  0.000000000
  0.000000000  0.000000000  0.000000000
  0.000000000  0.000000000  0.000000000
  0.000000000  0.000000000  0.000000000
  0.000000000  0.000000000  0.000000000
  0.000000000  0.000000000  0.000000000
  0.000000000  0.000000000  0.000000000
  0.000000000  0.000000000  0.000000000
  0.000000000  0.000000000  0.000000000
  0.000000000  0.000000000  0.000000000
  0.000000000  0.000000000  0.000000000
  0.000000000  0.000000000  0.000000000
  0.000000000  0.000000000  0.000000000
  0.000000000  0.000000000  0.000000000
  0.000000000  0.000000000  0.000000000
  0.000000000  0.000000000  0.000000000
  0.000000000  0.000000000  0.000000000
  0.000000000  0.000000000  0.000000000
  0.000000000  0.000000000  0.000000000
  0.000000000  0.000000000  0.000000000
  0.000000000  0.000000000  0.000000000
  0.000000000  0.000000000  0.000000000
  0.000000000  0.000000000  0.000000000
  0.000000000  0.000000000  0.000000000
  0.000000000  0.000000000  0.000000000
  0.000000000  0.000000000  0.000000000
  0.000000000  0.000000000  0.000000000
  0.000000000  0.000000000  0.000000000
  0.000000000  0.000000000  0.000000000
  0.000000000  0.000000000  0.000000000
  0.000000000  0.000000000  0.000000000
  0.000000000  0.000000000  0.000000000
  0.000000000  0.000000000  0.000000000
  0.000000000  0.000000000  0.000000000
  0.000000000  0.000000000  0.000000000
  0.000000000  0.000000000  0.000000000
  0.000000000  0.000000000  0.000000000
  0.000000000  0.000000000  0.000000000
  0.000000000  0.000000000  0.000000000
  0.000000000  0.000000000  0.000000000
  0.000000000  0.000000000  0.000000000
  0.000000000  0.000000000  0.000000000
  0.000000000  0.000000000  0.000000000
  0.000000000  0.000000000  0.000000000
  0.000000000  0.000000000  0.000000000
  0.000000000  0.000000000  0.000000000
  0.000000000  0.000000000  0.000000000
  0.000000000  0.000000000  0.000000000
  0.000000000  0.000000000  0.000000000
  0.000000000  0.000000000  0.000000000
  0.000000000  0.000000000  0.000000000
  0.000000000  0.000000000  0.000000000
  0.000000000  0.000000000  0.000000000
  0.000000000  0.000000000  0.000000000
  0.000000000  0.000000000  0.000000000
  0.000000000  0.000000000  0.000000000
  0.000000000  0.000000000  0.000000000
  0.000000000  0.000000000  0.000000000
  0.000000000  0.000000000  0.000000000
  0.000000000  0.000000000  0.000000000
  0.000000000  0.000000000  0.000000000
  0.000000000  0.000000000  0.000000000
  0.000000000  0.000000000  0.000000000
  0.000000000  0.000000000  0.000000000
  0.000000000  0.000000000  0.000000000
  0.000000000  0.000000000  0.000000000
  0.000000000  0.000000000  0.000000000
  0.000000000  0.000000000  0.000000000
  0.000000000  0.000000000  0.000000000
  0.000000000  0.000000000  0.000000000
  0.000000000  0.000000000  0.000000000
  0.000000000  0.000000000  0.000000000
  0.000000000  0.000000000  0.000000000
  0.000000000  0.000000000  0.000000000
  0.000000000  0.000000000  0.000000000
  0.000000000  0.000000000  0.000000000
  0.000000000  0.000000000  0.000000000
  0.000000000  0.000000000  0.000000000
  0.000000000  0.000000000  0.000000000
  0.000000000  0.000000000  0.000000000
  0.000000000  0.000000000  0.000000000
  0.000000000  0.000000000  0.000000000
  0.000000000  0.000000000  0.000000000
  0.000000000  0.000000000  0.000000000
  0.000000000  0.000000000  0.000000000
  0.000000000  0.000000000  0.000000000
  0.000000000  0.000000000  0.000000000
  0.000000000  0.000000000  0.000000000
  0.000000000  0.000000000  0.000000000
  0.000000000  0.000000000  0.000000000
  0.000000000  0.000000000  0.000000000
  0.000000000  0.000000000  0.000000000
  0.000000000  0.000000000  0.000000000
  0.000000000  0.000000000  0.000000000
  0.000000000  0.000000000  0.000000000
  0.000000000  0.000000000  0.000000000
  0.000000000  0.000000000  0.000000000
  0.000000000  0.000000000  0.000000000
  0.000000000  0.000000000  0.000000000
  0.000000000  0.000000000  0.000000000
  0.000000000  0.000000000  0.000000000
  0.000000000  0.000000000  0.000000000
  0.000000000  0.000000000  0.000000000
  0.000000000  0.000000000  0.000000000
  0.000000000  0.000000000  0.000000000
  0.000000000  0.000000000  0.000000000
  0.000000000  0.000000000  0.000000000
  0.000000000  0.000000000  0.000000000
  0.000000000  0.000000000  0.000000000
  0.000000000  0.000000000  0.000000000
  0.000000000  0.000000000  0.000000000
  0.000000000  0.000000000  0.000000000
  0.000000000  0.000000000  0.000000000
  0.000000000  0.000000000  0.000000000
  0.000000000  0.000000000  0.000000000
  0.000000000  0.000000000  0.000000000
  0.000000000  0.000000000  0.000000000
  0.000000000  0.000000000  0.000000000
  0.000000000  0.000000000  0.000000000
  0.000000000  0.000000000  0.000000000
  0.000000000  0.000000000  0.000000000
  0.000000000  0.000000000  0.000000000
  0.000000000  0.000000000  0.000000000
  0.000000000  0.000000000  0.000000000
  0.000000000  0.000000000  0.000000000
  0.000000000  0.000000000  0.000000000
  0.000000000  0.000000000  0.000000000
  0.000000000  0.000000000  0.000000000
  0.000000000  0.000000000  0.000000000
  0.000000000  0.000000000  0.000000000
  0.000000000  0.000000000  0.000000000
  0.000000000  0.000000000  0.000000000
  0.000000000  0.000000000  0.000000000
  0.000000000  0.000000000  0.000000000
  0.000000000  0.000000000  0.000000000
  0.000000000  0.000000000  0.000000000
  0.000000000  0.000000000  0.000000000
  0.000000000  0.000000000  0.000000000
  0.000000000  0.000000000  0.000000000
  0.000000000  0.000000000  0.000000000
  0.000000000  0.000000000  0.000000000
  0.000000000  0.000000000  0.000000000
  0.000000000  0.000000000  0.000000000
  0.000000000  0.000000000  0.000000000
  0.000000000  0.000000000  0.000000000
  0.000000000  0.000000000  0.000000000
  0.000000000  0.000000000  0.000000000
  0.000000000  0.000000000  0.000000000
  0.000000000  0.000000000  0.000000000
  0.000000000  0.000000000  0.000000000
  0.000000000  0.000000000  0.000000000
  0.000000000  0.000000000  0.000000000
  0.000000000  0.000000000  0.000000000
  0.000000000  0.000000000  0.000000000
  0.000000000  0.000000000  0.000000000
  0.000000000  0.000000000  0.000000000
  0.000000000  0.000000000  0.000000000
  0.000000000  0.000000000  0.000000000
  0.000000000  0.000000000  0.000000000
  0.000000000  0.000000000  0.000000000
  0.000000000  0.000000000  0.000000000
  0.000000000  0.000000000  0.000000000
  0.000000000  0.000000000  0.000000000
  0.000000000  0.000000000  0.000000000
  0.000000000  0.000000000  0.000000000
  0.000000000  0.000000000  0.000000000
  0.000000000  0.000000000  0.000000000
  0.000000000  0.000000000  0.000000000
  0.000000000  0.000000000  0.000000000
  0.000000000  0.000000000  0.000000000
  0.000000000  0.000000000  0.000000000
  0.000000000  0.000000000  0.000000000
  0.000000000  0.000000000  0.000000000
  0.000000000  0.000000000  0.000000000
  0.000000000  0.000000000  0.000000000
  0.000000000  0.000000000  0.000000000
  0.000000000  0.000000000  0.000000000
  0.000000000  0.000000000  0.000000000
  0.000000000  0.000000000  0.000000000
  0.000000000  0.000000000  0.000000000
  0.000000000  0.000000000  0.000000000
  0.000000000  0.000000000  0.000000000
  0.000000000  0.000000000  0.000000000
  0.000000000  0.000000000  0.000000000
  0.000000000  0.000000000  0.000000000
  0.000000000  0.000000000  0.000000000
  0.000000000  0.000000000  0.000000000
  0.000000000  0.000000000  0.000000000
  0.000000000  0.000000000  0.000000000
  0.000000000  0.000000000  0.000000000
  0.000000000  0.000000000  0.000000000
  0.000000000  0.000000000  0.000000000
  0.000000000  0.000000000  0.000000000
  0.000000000  0.000000000  0.000000000
  0.000000000  0.000000000  0.000000000
  0.000000000  0.000000000  0.000000000
  0.000000000  0.000000000  0.000000000
  0.000000000  0.000000000  0.000000000
  0.000000000  0.000000000  0.000000000
  0.000000000  0.000000000  0.000000000
  0.000000000  0.000000000  0.000000000
  0.000000000  0.000000000  0.000000000
  0.000000000  0.000000000  0.000000000
  0.000000000  0.000000000  0.000000000
  0.000000000  0.000000000  0.000000000
  0.000000000  0.000000000  0.000000000
  0.000000000  0.000000000  0.000000000
  0.000000000  0.000000000  0.000000000
  0.000000000  0.000000000  0.000000000
  0.000000000  0.000000000  0.000000000
  0.000000000  0.000000000  0.000000000
  0.000000000  0.000000000  0.000000000
  0.000000000  0.000000000  0.000000000
  0.000000000  0.000000000  0.000000000
  0.000000000  0.000000000  0.000000000
  0.000000000  0.000000000  0.000000000
  0.000000000  0.000000000  0.000000000
  0.000000000  0.000000000  0.000000000
  0.000000000  0.000000000  0.000000000
  0.000000000  0.000000000  0.000000000
  0.000000000  0.000000000  0.000000000
  0.000000000  0.000000000  0.000000000
  0.000000000  0.000000000  0.000000000
  0.000000000  0.000000000  0.000000000
  0.000000000  0.000000000  0.000000000
  0.000000000  0.000000000  0.000000000
  0.000000000  0.000000000  0.000000000
  0.000000000  0.000000000  0.000000000
  0.000000000  0.000000000  0.000000000
  0.000000000  0.000000000  0.000000000
  0.000000000  0.000000000  0.000000000
  0.000000000  0.000000000  0.000000000
  0.000000000  0.000000000  0.000000000
  0.000000000  0.000000000  0.000000000
  0.000000000  0.000000000  0.000000000
  0.000000000  0.000000000  0.000000000
  0.000000000  0.000000000  0.000000000
  0.000000000  0.000000000  0.000000000
  0.000000000  0.000000000  0.000000000
  0.000000000  0.000000000  0.000000000
  0.000000000  0.000000000  0.000000000
  0.000000000  0.000000000  0.000000000
  0.000000000  0.000000000  0.000000000
  0.000000000  0.000000000  0.000000000
  0.000000000  0.000000000  0.000000000
  0.000000000  0.000000000  0.000000000
  0.000000000  0.000000000  0.000000000
  0.000000000  0.000000000  0.000000000
  0.000000000  0.000000000  0.000000000
  0.000000000  0.000000000  0.000000000
  0.000000000  0.000000000  0.000000000
  0.000000000  0.000000000  0.000000000
  0.000000000  0.000000000  0.000000000
  0.000000000  0.000000000  0.000000000
  0.000000000  0.000000000  0.000000000
  0.000000000  0.000000000  0.000000000
  0.000000000  0.000000000  0.000000000
  0.000000000  0.000000000  0.000000000
   1.06000000000000     
   1.06000000000000     
   1.06000000000000     
   1.06000000000000     
   1.06000000000000     
   1.06000000000000     
   1.06000000000000     
   1.06000000000000     
   1.06000000000000     
   1.06000000000000     
   1.06000000000000     
   1.06000000000000     
   1.06000000000000     
   1.06000000000000     
   1.06000000000000     
   1.06000000000000     
   1.06000000000000     
   1.06000000000000     
   1.06000000000000     
   1.06000000000000     
   1.06000000000000     
   1.06000000000000     
   1.06000000000000     
   1.06000000000000     
   1.06000000000000     
   1.06000000000000     
   1.06000000000000     
   1.06000000000000     
   1.06000000000000     
   1.06000000000000     
   1.06000000000000     
   1.06000000000000     
   1.06000000000000     
   1.06000000000000     
   1.06000000000000     
   1.06000000000000     
   1.06000000000000     
   1.06000000000000     
   1.06000000000000     
   1.06000000000000     
   1.06000000000000     
   1.06000000000000     
   1.06000000000000     
   1.06000000000000     
   1.06000000000000     
   1.06000000000000     
   1.06000000000000     
   1.06000000000000     
   1.06000000000000     
   1.06000000000000     
   1.06000000000000     
   1.06000000000000     
   1.06000000000000     
   1.06000000000000     
   1.06000000000000     
   1.06000000000000     
   1.06000000000000     
   1.06000000000000     
   1.06000000000000     
   1.06000000000000     
   1.06000000000000     
   1.06000000000000     
   1.06000000000000     
   1.06000000000000     
   1.06000000000000     
   1.06000000000000     
   1.06000000000000     
   1.06000000000000     
   1.06000000000000     
   1.06000000000000     
   1.06000000000000     
   1.06000000000000     
   1.06000000000000     
   1.06000000000000     
   1.06000000000000     
   1.06000000000000     
   1.06000000000000     
   1.06000000000000     
   1.06000000000000     
   1.06000000000000     
   1.06000000000000     
   1.06000000000000     
   1.06000000000000     
   1.06000000000000     
   1.06000000000000     
   1.06000000000000     
   1.06000000000000     
   1.06000000000000     
   1.06000000000000     
   1.06000000000000     
   1.06000000000000     
   1.06000000000000     
   1.06000000000000     
   1.06000000000000     
   1.06000000000000     
   1.06000000000000     
   1.06000000000000     
   1.06000000000000     
   1.06000000000000     
   1.06000000000000     
   1.06000000000000     
   1.06000000000000     
   1.06000000000000     
   1.06000000000000     
   1.06000000000000     
   1.06000000000000     
   1.06000000000000     
   1.06000000000000     
   1.06000000000000     
   1.06000000000000     
   1.06000000000000     
   1.06000000000000     
   1.06000000000000     
   1.06000000000000     
   1.06000000000000     
   1.06000000000000     
   1.06000000000000     
   1.06000000000000     
   1.06000000000000     
   1.06000000000000     
   1.06000000000000     
   1.06000000000000     
   1.06000000000000     
   1.06000000000000     
   1.06000000000000     
   1.06000000000000     
   1.06000000000000     
   1.06000000000000     
   1.06000000000000     
   1.06000000000000     
   1.06000000000000     
   1.06000000000000     
   1.06000000000000     
   1.06000000000000     
   1.06000000000000     
   1.06000000000000     
   1.06000000000000     
   1.06000000000000     
   1.06000000000000     
   1.06000000000000     
   1.06000000000000     
   1.06000000000000     
   1.06000000000000     
   1.06000000000000     
   1.06000000000000     
   1.06000000000000     
   1.06000000000000     
   1.06000000000000     
   1.06000000000000     
   1.06000000000000     
   1.06000000000000     
   1.06000000000000     
   1.06000000000000     
   1.06000000000000     
   1.06000000000000     
   1.06000000000000     
   1.06000000000000     
   1.06000000000000     
   1.06000000000000     
   1.06000000000000     
   1.06000000000000     
   1.06000000000000     
   1.06000000000000     
   1.06000000000000     
   1.06000000000000     
   1.06000000000000     
   1.06000000000000     
   1.06000000000000     
  3.000000000000000E-002
  3.000000000000000E-002
  3.000000000000000E-002
  3.000000000000000E-002
  3.000000000000000E-002
  3.000000000000000E-002
  3.000000000000000E-002
  3.000000000000000E-002
  3.000000000000000E-002
  3.000000000000000E-002
  3.000000000000000E-002
  3.000000000000000E-002
  3.000000000000000E-002
  3.000000000000000E-002
  3.000000000000000E-002
  3.000000000000000E-002
  3.000000000000000E-002
  3.000000000000000E-002
  3.000000000000000E-002
  3.000000000000000E-002
  3.000000000000000E-002
  3.000000000000000E-002
  3.000000000000000E-002
  3.000000000000000E-002
  3.000000000000000E-002
  3.000000000000000E-002
  3.000000000000000E-002
  3.000000000000000E-002
  3.000000000000000E-002
  3.000000000000000E-002
  3.000000000000000E-002
  3.000000000000000E-002
  3.000000000000000E-002
  3.000000000000000E-002
  3.000000000000000E-002
  3.000000000000000E-002
  3.000000000000000E-002
  3.000000000000000E-002
  3.000000000000000E-002
  3.000000000000000E-002
  3.000000000000000E-002
  3.000000000000000E-002
  3.000000000000000E-002
  3.000000000000000E-002
  3.000000000000000E-002
  3.000000000000000E-002
  3.000000000000000E-002
  3.000000000000000E-002
  3.000000000000000E-002
  3.000000000000000E-002
  3.000000000000000E-002
  3.000000000000000E-002
  3.000000000000000E-002
  3.000000000000000E-002
  3.000000000000000E-002
  3.000000000000000E-002
  3.000000000000000E-002
  3.000000000000000E-002
  3.000000000000000E-002
  3.000000000000000E-002
  3.000000000000000E-002
  3.000000000000000E-002
  3.000000000000000E-002
  3.000000000000000E-002
  3.000000000000000E-002
  3.000000000000000E-002
  3.000000000000000E-002
  3.000000000000000E-002
  3.000000000000000E-002
  3.000000000000000E-002
  3.000000000000000E-002
  3.000000000000000E-002
  3.000000000000000E-002
  3.000000000000000E-002
  3.000000000000000E-002
  3.000000000000000E-002
  3.000000000000000E-002
  3.000000000000000E-002
  3.000000000000000E-002
  3.000000000000000E-002
  3.000000000000000E-002
  3.000000000000000E-002
  3.000000000000000E-002
  3.000000000000000E-002
  3.000000000000000E-002
  3.000000000000000E-002
  3.000000000000000E-002
  3.000000000000000E-002
  3.000000000000000E-002
  3.000000000000000E-002
  3.000000000000000E-002
  3.000000000000000E-002
  3.000000000000000E-002
  3.000000000000000E-002
  3.000000000000000E-002
  3.000000000000000E-002
  3.000000000000000E-002
  3.000000000000000E-002
  3.000000000000000E-002
  3.000000000000000E-002
  3.000000000000000E-002
  3.000000000000000E-002
  3.000000000000000E-002
  3.000000000000000E-002
  3.000000000000000E-002
  3.000000000000000E-002
  3.000000000000000E-002
  3.000000000000000E-002
  3.000000000000000E-002
  3.000000000000000E-002
  3.000000000000000E-002
  3.000000000000000E-002
  3.000000000000000E-002
  3.000000000000000E-002
  3.000000000000000E-002
  3.000000000000000E-002
  3.000000000000000E-002
  3.000000000000000E-002
  3.000000000000000E-002
  3.000000000000000E-002
  3.000000000000000E-002
  3.000000000000000E-002
  3.000000000000000E-002
  3.000000000000000E-002
  3.000000000000000E-002
  3.000000000000000E-002
  3.000000000000000E-002
  3.000000000000000E-002
  3.000000000000000E-002
  3.000000000000000E-002
  3.000000000000000E-002
  3.000000000000000E-002
  3.000000000000000E-002
  3.000000000000000E-002
  3.000000000000000E-002
  3.000000000000000E-002
  3.000000000000000E-002
  3.000000000000000E-002
  3.000000000000000E-002
  3.000000000000000E-002
  3.000000000000000E-002
  3.000000000000000E-002
  3.000000000000000E-002
  3.000000000000000E-002
  3.000000000000000E-002
  3.000000000000000E-002
  3.000000000000000E-002
  3.000000000000000E-002
  3.000000000000000E-002
  3.000000000000000E-002
  3.000000000000000E-002
  3.000000000000000E-002
  3.000000000000000E-002
  3.000000000000000E-002
  3.000000000000000E-002
  3.000000000000000E-002
  3.000000000000000E-002
  3.000000000000000E-002
  3.000000000000000E-002
  3.000000000000000E-002
  3.000000000000000E-002
  3.000000000000000E-002
  3.000000000000000E-002
  3.000000000000000E-002
  3.000000000000000E-002
  3.000000000000000E-002
  3.000000000000000E-002
  3.000000000000000E-002
