           3
 2 1 2
   9   2  22
  0.000000000  0.000000000  0.000000000  0.250000000  0.250000000  0.500000000  0.500000000  0.750000000  0.750000000  1.000000000  1.000000000  1.000000000
  0.000000000  0.000000000  1.000000000  1.000000000
  0.952219873  0.952219873  0.952219873  0.952684989  0.953150106  0.953615222  0.954080338  0.954545455  0.955010571  0.955475687  0.955940803  0.956405920  0.956871036  0.957336152  0.957801269  0.958266385  0.958731501  0.959196617  0.959661734  0.960126850  0.960591966  0.961057083  0.961522199  0.961522199  0.961522199
 -0.127608704400E+01 -0.521513890200E+01  0.107987677540E+02  0.100000000000E+01
 -0.127608704400E+01 -0.521513890200E+01  0.107987677540E+02  0.707107116307E+00
 -0.127608704400E+01 -0.521513890200E+01  0.107987677540E+02  0.100000000000E+01
 -0.127608704400E+01 -0.521513890200E+01  0.107987677540E+02  0.707106403598E+00
 -0.127608704400E+01 -0.521513890200E+01  0.107987677540E+02  0.100000000000E+01
 -0.127608704400E+01 -0.521513890200E+01  0.107987677540E+02  0.707106607586E+00
 -0.127608704400E+01 -0.521513890200E+01  0.107987677540E+02  0.100000000000E+01
 -0.127608704400E+01 -0.521513890200E+01  0.107987677540E+02  0.707106997254E+00
 -0.127608704400E+01 -0.521513890200E+01  0.107987677540E+02  0.100000000000E+01
 -0.127585513000E+01 -0.526917972100E+01  0.111805494470E+02  0.100000000000E+01
 -0.162524426900E+01 -0.557279577300E+01  0.111814128780E+02  0.707107116307E+00
 -0.149389273500E+01 -0.540062223600E+01  0.107726453540E+02  0.100000000000E+01
 -0.141023702900E+01 -0.530577237200E+01  0.106165102500E+02  0.707106403598E+00
 -0.127624015000E+01 -0.517946259400E+01  0.105467260160E+02  0.100000000000E+01
 -0.962850687000E+00 -0.489217357900E+01  0.104406822340E+02  0.707106607586E+00
 -0.887875878000E+00 -0.488453826400E+01  0.108453284420E+02  0.100000000000E+01
 -0.989522485000E+00 -0.502006897700E+01  0.111777994330E+02  0.707106997254E+00
 -0.127585513000E+01 -0.526917972100E+01  0.111805494470E+02  0.100000000000E+01
 -0.147317903800E+01 -0.499177069400E+01  0.108573678470E+02  0.100000000000E+01
 -0.147317903800E+01 -0.499177069400E+01  0.108573678470E+02  0.707106466936E+00
 -0.147317903800E+01 -0.499177069400E+01  0.108573678470E+02  0.100000000000E+01
 -0.147317903800E+01 -0.499177069400E+01  0.108573678470E+02  0.707107141786E+00
 -0.147317903800E+01 -0.499177069400E+01  0.108573678470E+02  0.100000000000E+01
 -0.147317903800E+01 -0.499177069400E+01  0.108573678470E+02  0.707106973098E+00
 -0.147317903800E+01 -0.499177069400E+01  0.108573678470E+02  0.100000000000E+01
 -0.147317903800E+01 -0.499177069400E+01  0.108573678470E+02  0.707106542927E+00
 -0.147317903800E+01 -0.499177069400E+01  0.108573678470E+02  0.100000000000E+01
 -0.142888960700E+01 -0.509981525300E+01  0.112550275960E+02  0.100000000000E+01
 -0.172774737800E+01 -0.534348102500E+01  0.111932893820E+02  0.707106466936E+00
 -0.171735698100E+01 -0.519879149500E+01  0.108283151520E+02  0.100000000000E+01
 -0.167729338400E+01 -0.508625480800E+01  0.106213290550E+02  0.707107141786E+00
 -0.150249975200E+01 -0.492024235300E+01  0.105941057720E+02  0.100000000000E+01
 -0.124807428000E+01 -0.468928852300E+01  0.105832906710E+02  0.707106973098E+00
 -0.111248657700E+01 -0.468596590900E+01  0.109002827930E+02  0.100000000000E+01
 -0.109070629800E+01 -0.481298997000E+01  0.112949838560E+02  0.707106542927E+00
 -0.142888960700E+01 -0.509981525300E+01  0.112550275960E+02  0.100000000000E+01
 -0.166509865300E+01 -0.477658746000E+01  0.109531924340E+02  0.100000000000E+01
 -0.166509865300E+01 -0.477658746000E+01  0.109531924340E+02  0.707107114585E+00
 -0.166509865300E+01 -0.477658746000E+01  0.109531924340E+02  0.100000000000E+01
 -0.166509865300E+01 -0.477658746000E+01  0.109531924340E+02  0.707106452696E+00
 -0.166509865300E+01 -0.477658746000E+01  0.109531924340E+02  0.100000000000E+01
 -0.166509865300E+01 -0.477658746000E+01  0.109531924340E+02  0.707106558785E+00
 -0.166509865300E+01 -0.477658746000E+01  0.109531924340E+02  0.100000000000E+01
 -0.166509865300E+01 -0.477658746000E+01  0.109531924340E+02  0.707106998680E+00
 -0.166509865300E+01 -0.477658746000E+01  0.109531924340E+02  0.100000000000E+01
 -0.160451654100E+01 -0.489702168600E+01  0.113007605510E+02  0.100000000000E+01
 -0.184150600500E+01 -0.506341134800E+01  0.112134461610E+02  0.707107114585E+00
 -0.187333688500E+01 -0.494941376500E+01  0.109296039790E+02  0.100000000000E+01
 -0.186876485600E+01 -0.484669750300E+01  0.107326972820E+02  0.707106452696E+00
 -0.170783523200E+01 -0.469162935400E+01  0.107080072570E+02  0.100000000000E+01
 -0.148458108500E+01 -0.449909358900E+01  0.107188334680E+02  0.707106558785E+00
 -0.135678046700E+01 -0.452070032100E+01  0.109881182350E+02  0.100000000000E+01
 -0.125928088900E+01 -0.462887726000E+01  0.113765544980E+02  0.707106998680E+00
 -0.160451654100E+01 -0.489702168600E+01  0.113007605510E+02  0.100000000000E+01
 -0.185119254500E+01 -0.456305360800E+01  0.110634117840E+02  0.100000000000E+01
 -0.185119254500E+01 -0.456305360800E+01  0.110634117840E+02  0.707106740934E+00
 -0.185119254500E+01 -0.456305360800E+01  0.110634117840E+02  0.100000000000E+01
 -0.185119254500E+01 -0.456305360800E+01  0.110634117840E+02  0.707106926454E+00
 -0.185119254500E+01 -0.456305360800E+01  0.110634117840E+02  0.100000000000E+01
 -0.185119254500E+01 -0.456305360800E+01  0.110634117840E+02  0.707106778287E+00
 -0.185119254500E+01 -0.456305360800E+01  0.110634117840E+02  0.100000000000E+01
 -0.185119254500E+01 -0.456305360800E+01  0.110634117840E+02  0.707106679072E+00
 -0.185119254500E+01 -0.456305360800E+01  0.110634117840E+02  0.100000000000E+01
 -0.178722827700E+01 -0.468805317700E+01  0.114146957200E+02  0.100000000000E+01
 -0.199548759900E+01 -0.479994687200E+01  0.112865500110E+02  0.707106740934E+00
 -0.205458334000E+01 -0.472563599000E+01  0.110425938790E+02  0.100000000000E+01
 -0.206686950100E+01 -0.462822148700E+01  0.108314456080E+02  0.707106926454E+00
 -0.189832906400E+01 -0.447093916200E+01  0.108045441460E+02  0.100000000000E+01
 -0.166703981700E+01 -0.428284634300E+01  0.108219356870E+02  0.707106778287E+00
 -0.156886483000E+01 -0.433737216400E+01  0.110923090860E+02  0.100000000000E+01
 -0.146260225200E+01 -0.444776153900E+01  0.114855049720E+02  0.707106679072E+00
 -0.178722827700E+01 -0.468805317700E+01  0.114146957200E+02  0.100000000000E+01
 -0.203389483400E+01 -0.434510646500E+01  0.111706318130E+02  0.100000000000E+01
 -0.203389483400E+01 -0.434510646500E+01  0.111706318130E+02  0.707106452745E+00
 -0.203389483400E+01 -0.434510646500E+01  0.111706318130E+02  0.100000000000E+01
 -0.203389483400E+01 -0.434510646500E+01  0.111706318130E+02  0.707107255254E+00
 -0.203389483400E+01 -0.434510646500E+01  0.111706318130E+02  0.100000000000E+01
 -0.203389483400E+01 -0.434510646500E+01  0.111706318130E+02  0.707106988681E+00
 -0.203389483400E+01 -0.434510646500E+01  0.111706318130E+02  0.100000000000E+01
 -0.203389483400E+01 -0.434510646500E+01  0.111706318130E+02  0.707106428067E+00
 -0.203389483400E+01 -0.434510646500E+01  0.111706318130E+02  0.100000000000E+01
 -0.197524499900E+01 -0.446293266400E+01  0.115183245670E+02  0.100000000000E+01
 -0.221394066700E+01 -0.462007630200E+01  0.114298803910E+02  0.707106452745E+00
 -0.226749761200E+01 -0.452938014800E+01  0.111475896120E+02  0.100000000000E+01
 -0.229036375500E+01 -0.443074672700E+01  0.109022326500E+02  0.707107255254E+00
 -0.208125177800E+01 -0.424996746400E+01  0.108898851710E+02  0.100000000000E+01
 -0.183644180200E+01 -0.405650143100E+01  0.109132991170E+02  0.707106988681E+00
 -0.172390351500E+01 -0.410057535400E+01  0.112012079020E+02  0.100000000000E+01
 -0.161916218100E+01 -0.421925535000E+01  0.116309851860E+02  0.707106428067E+00
 -0.197524499900E+01 -0.446293266400E+01  0.115183245670E+02  0.100000000000E+01
 -0.221959131300E+01 -0.412829631700E+01  0.112749593780E+02  0.100000000000E+01
 -0.221959131300E+01 -0.412829631700E+01  0.112749593780E+02  0.707107065901E+00
 -0.221959131300E+01 -0.412829631700E+01  0.112749593780E+02  0.100000000000E+01
 -0.221959131300E+01 -0.412829631700E+01  0.112749593780E+02  0.707106640100E+00
 -0.221959131300E+01 -0.412829631700E+01  0.112749593780E+02  0.100000000000E+01
 -0.221959131300E+01 -0.412829631700E+01  0.112749593780E+02  0.707106550340E+00
 -0.221959131300E+01 -0.412829631700E+01  0.112749593780E+02  0.100000000000E+01
 -0.221959131300E+01 -0.412829631700E+01  0.112749593780E+02  0.707106868405E+00
 -0.221959131300E+01 -0.412829631700E+01  0.112749593780E+02  0.100000000000E+01
 -0.215350699100E+01 -0.426094532500E+01  0.116660914890E+02  0.100000000000E+01
 -0.240492576300E+01 -0.442811546400E+01  0.115509581170E+02  0.707107065901E+00
 -0.243880800000E+01 -0.431098475100E+01  0.112500405420E+02  0.100000000000E+01
 -0.245320017200E+01 -0.421063881600E+01  0.110188314250E+02  0.707106640100E+00
 -0.226528192900E+01 -0.403658327000E+01  0.110045320430E+02  0.100000000000E+01
 -0.202337340600E+01 -0.383043783000E+01  0.110227398350E+02  0.707106550340E+00
 -0.189562571200E+01 -0.385831335700E+01  0.113117857290E+02  0.100000000000E+01
 -0.179430668600E+01 -0.397981865100E+01  0.117441561640E+02  0.707106868405E+00
 -0.215350699100E+01 -0.426094532500E+01  0.116660914890E+02  0.100000000000E+01
 -0.241553244200E+01 -0.392156680100E+01  0.113808610110E+02  0.100000000000E+01
 -0.241553244200E+01 -0.392156680100E+01  0.113808610110E+02  0.707106950136E+00
 -0.241553244200E+01 -0.392156680100E+01  0.113808610110E+02  0.100000000000E+01
 -0.241553244200E+01 -0.392156680100E+01  0.113808610110E+02  0.707106281084E+00
 -0.241553244200E+01 -0.392156680100E+01  0.113808610110E+02  0.100000000000E+01
 -0.241553244200E+01 -0.392156680100E+01  0.113808610110E+02  0.707106762067E+00
 -0.241553244200E+01 -0.392156680100E+01  0.113808610110E+02  0.100000000000E+01
 -0.241553244200E+01 -0.392156680100E+01  0.113808610110E+02  0.707107131459E+00
 -0.241553244200E+01 -0.392156680100E+01  0.113808610110E+02  0.100000000000E+01
 -0.234349886300E+01 -0.406093822600E+01  0.117722603190E+02  0.100000000000E+01
 -0.259750137700E+01 -0.426267375700E+01  0.116649045850E+02  0.707106950136E+00
 -0.262132535000E+01 -0.411541728000E+01  0.113497082720E+02  0.100000000000E+01
 -0.262373909800E+01 -0.400649691400E+01  0.111451746270E+02  0.707106281084E+00
 -0.245798846700E+01 -0.383942197700E+01  0.111501729600E+02  0.100000000000E+01
 -0.226088213500E+01 -0.364129377300E+01  0.111571322610E+02  0.707106762067E+00
 -0.216147831600E+01 -0.368225578700E+01  0.114193200360E+02  0.100000000000E+01
 -0.204576022700E+01 -0.377108099500E+01  0.118000783240E+02  0.707107131459E+00
 -0.234349886300E+01 -0.406093822600E+01  0.117722603190E+02  0.100000000000E+01
 -0.262621005400E+01 -0.373243369600E+01  0.114912267030E+02  0.100000000000E+01
 -0.262621005400E+01 -0.373243369600E+01  0.114912267030E+02  0.707107273612E+00
 -0.262621005400E+01 -0.373243369600E+01  0.114912267030E+02  0.100000000000E+01
 -0.262621005400E+01 -0.373243369600E+01  0.114912267030E+02  0.707106192186E+00
 -0.262621005400E+01 -0.373243369600E+01  0.114912267030E+02  0.100000000000E+01
 -0.262621005400E+01 -0.373243369600E+01  0.114912267030E+02  0.707106345773E+00
 -0.262621005400E+01 -0.373243369600E+01  0.114912267030E+02  0.100000000000E+01
 -0.262621005400E+01 -0.373243369600E+01  0.114912267030E+02  0.707107313175E+00
 -0.262621005400E+01 -0.373243369600E+01  0.114912267030E+02  0.100000000000E+01
 -0.254369289300E+01 -0.388459259500E+01  0.118962638930E+02  0.100000000000E+01
 -0.280352929200E+01 -0.412788337400E+01  0.117853031300E+02  0.707107273612E+00
 -0.282634415100E+01 -0.394791998500E+01  0.114510489680E+02  0.100000000000E+01
 -0.281656333700E+01 -0.381939469300E+01  0.112628205720E+02  0.707106192186E+00
 -0.267039409300E+01 -0.365095972800E+01  0.112743485330E+02  0.100000000000E+01
 -0.250474064400E+01 -0.347488266000E+01  0.113112851360E+02  0.707106345773E+00
 -0.241067880200E+01 -0.350036950500E+01  0.115344963510E+02  0.100000000000E+01
 -0.229556968100E+01 -0.358469519200E+01  0.118933017520E+02  0.707107313175E+00
 -0.254369289300E+01 -0.388459259500E+01  0.118962638930E+02  0.100000000000E+01
 -0.284805030800E+01 -0.355809958400E+01  0.116041736810E+02  0.100000000000E+01
 -0.284805030800E+01 -0.355809958400E+01  0.116041736810E+02  0.707106700026E+00
 -0.284805030800E+01 -0.355809958400E+01  0.116041736810E+02  0.100000000000E+01
 -0.284805030800E+01 -0.355809958400E+01  0.116041736810E+02  0.707106815070E+00
 -0.284805030800E+01 -0.355809958400E+01  0.116041736810E+02  0.100000000000E+01
 -0.284805030800E+01 -0.355809958400E+01  0.116041736810E+02  0.707106874727E+00
 -0.284805030800E+01 -0.355809958400E+01  0.116041736810E+02  0.100000000000E+01
 -0.284805030800E+01 -0.355809958400E+01  0.116041736810E+02  0.707106734924E+00
 -0.284805030800E+01 -0.355809958400E+01  0.116041736810E+02  0.100000000000E+01
 -0.275909190300E+01 -0.371808212000E+01  0.120199241390E+02  0.100000000000E+01
 -0.301720200900E+01 -0.397844274600E+01  0.118938598080E+02  0.707106700026E+00
 -0.303544646800E+01 -0.377852287900E+01  0.115594510730E+02  0.100000000000E+01
 -0.304184252400E+01 -0.365551478000E+01  0.113633156700E+02  0.707106815070E+00
 -0.289293301100E+01 -0.347738268200E+01  0.113944129770E+02  0.100000000000E+01
 -0.273565530500E+01 -0.328961532600E+01  0.114278171230E+02  0.707106874727E+00
 -0.263791483600E+01 -0.331092906700E+01  0.116543230670E+02  0.100000000000E+01
 -0.250592519900E+01 -0.338916538000E+01  0.120339297810E+02  0.707106734924E+00
 -0.275909190300E+01 -0.371808212000E+01  0.120199241390E+02  0.100000000000E+01
 -0.307641531900E+01 -0.339235211600E+01  0.117171048550E+02  0.100000000000E+01
 -0.307641531900E+01 -0.339235211600E+01  0.117171048550E+02  0.707106812595E+00
 -0.307641531900E+01 -0.339235211600E+01  0.117171048550E+02  0.100000000000E+01
 -0.307641531900E+01 -0.339235211600E+01  0.117171048550E+02  0.707106676360E+00
 -0.307641531900E+01 -0.339235211600E+01  0.117171048550E+02  0.100000000000E+01
 -0.307641531900E+01 -0.339235211600E+01  0.117171048550E+02  0.707106777226E+00
 -0.307641531900E+01 -0.339235211600E+01  0.117171048550E+02  0.100000000000E+01
 -0.307641531900E+01 -0.339235211600E+01  0.117171048550E+02  0.707106858564E+00
 -0.307641531900E+01 -0.339235211600E+01  0.117171048550E+02  0.100000000000E+01
 -0.298438275300E+01 -0.355797591400E+01  0.121476969670E+02  0.100000000000E+01
 -0.322434600600E+01 -0.378236323900E+01  0.119823159690E+02  0.707106812595E+00
 -0.324765637200E+01 -0.360294078300E+01  0.116727038330E+02  0.100000000000E+01
 -0.326048045200E+01 -0.348731750000E+01  0.114776960560E+02  0.707106676360E+00
 -0.312251387400E+01 -0.330939207700E+01  0.115014237900E+02  0.100000000000E+01
 -0.296201838400E+01 -0.311117166700E+01  0.115418038840E+02  0.707106777226E+00
 -0.284955064000E+01 -0.311335866500E+01  0.117759286310E+02  0.100000000000E+01
 -0.273449677400E+01 -0.321763591700E+01  0.121642965600E+02  0.707106858564E+00
 -0.298438275300E+01 -0.355797591400E+01  0.121476969670E+02  0.100000000000E+01
 -0.330818783500E+01 -0.322988606900E+01  0.118278506330E+02  0.100000000000E+01
 -0.330818783500E+01 -0.322988606900E+01  0.118278506330E+02  0.707106427450E+00
 -0.330818783500E+01 -0.322988606900E+01  0.118278506330E+02  0.100000000000E+01
 -0.330818783500E+01 -0.322988606900E+01  0.118278506330E+02  0.707107068391E+00
 -0.330818783500E+01 -0.322988606900E+01  0.118278506330E+02  0.100000000000E+01
 -0.330818783500E+01 -0.322988606900E+01  0.118278506330E+02  0.707107074272E+00
 -0.330818783500E+01 -0.322988606900E+01  0.118278506330E+02  0.100000000000E+01
 -0.330818783500E+01 -0.322988606900E+01  0.118278506330E+02  0.707106554633E+00
 -0.330818783500E+01 -0.322988606900E+01  0.118278506330E+02  0.100000000000E+01
 -0.323215988300E+01 -0.336954268200E+01  0.121968562890E+02  0.100000000000E+01
 -0.343236117100E+01 -0.357786258500E+01  0.120759759910E+02  0.707106427450E+00
 -0.346504867900E+01 -0.342827943400E+01  0.117850837010E+02  0.100000000000E+01
 -0.347151888700E+01 -0.332189058900E+01  0.116141064620E+02  0.707107068391E+00
 -0.335114393700E+01 -0.315097918000E+01  0.116193596400E+02  0.100000000000E+01
 -0.319406743200E+01 -0.293350396300E+01  0.116344054790E+02  0.707107074272E+00
 -0.310513643800E+01 -0.297307245600E+01  0.118832103590E+02  0.100000000000E+01
 -0.301658048100E+01 -0.307437447400E+01  0.122223876500E+02  0.707106554633E+00
 -0.323215988300E+01 -0.336954268200E+01  0.121968562890E+02  0.100000000000E+01
 -0.354391316900E+01 -0.307057450000E+01  0.119347575620E+02  0.100000000000E+01
 -0.354391316900E+01 -0.307057450000E+01  0.119347575620E+02  0.707106357506E+00
 -0.354391316900E+01 -0.307057450000E+01  0.119347575620E+02  0.100000000000E+01
 -0.354391316900E+01 -0.307057450000E+01  0.119347575620E+02  0.707107330055E+00
 -0.354391316900E+01 -0.307057450000E+01  0.119347575620E+02  0.100000000000E+01
 -0.354391316900E+01 -0.307057450000E+01  0.119347575620E+02  0.707106986435E+00
 -0.354391316900E+01 -0.307057450000E+01  0.119347575620E+02  0.100000000000E+01
 -0.354391316900E+01 -0.307057450000E+01  0.119347575620E+02  0.707106450751E+00
 -0.354391316900E+01 -0.307057450000E+01  0.119347575620E+02  0.100000000000E+01
 -0.348674587000E+01 -0.317917239500E+01  0.122286018230E+02  0.100000000000E+01
 -0.364332641100E+01 -0.334506216800E+01  0.121213798210E+02  0.707106357506E+00
 -0.367239650100E+01 -0.324011740200E+01  0.118970946190E+02  0.100000000000E+01
 -0.368005569500E+01 -0.314793375200E+01  0.117408379230E+02  0.707107330055E+00
 -0.358373883700E+01 -0.299491953700E+01  0.117300496650E+02  0.100000000000E+01
 -0.343026244700E+01 -0.277467016700E+01  0.117483491810E+02  0.707106986435E+00
 -0.333560980100E+01 -0.279570352000E+01  0.119958176780E+02  0.100000000000E+01
 -0.329257797100E+01 -0.292366140100E+01  0.122865836270E+02  0.707106450751E+00
 -0.348674587000E+01 -0.317917239500E+01  0.122286018230E+02  0.100000000000E+01
 -0.378496996100E+01 -0.291577624900E+01  0.120362523280E+02  0.100000000000E+01
 -0.378496996100E+01 -0.291577624900E+01  0.120362523280E+02  0.707106384277E+00
 -0.378496996100E+01 -0.291577624900E+01  0.120362523280E+02  0.100000000000E+01
 -0.378496996100E+01 -0.291577624900E+01  0.120362523280E+02  0.707107462487E+00
 -0.378496996100E+01 -0.291577624900E+01  0.120362523280E+02  0.100000000000E+01
 -0.378496996100E+01 -0.291577624900E+01  0.120362523280E+02  0.707106879936E+00
 -0.378496996100E+01 -0.291577624900E+01  0.120362523280E+02  0.100000000000E+01
 -0.378496996100E+01 -0.291577624900E+01  0.120362523280E+02  0.707106398045E+00
 -0.378496996100E+01 -0.291577624900E+01  0.120362523280E+02  0.100000000000E+01
 -0.372970282600E+01 -0.302624507400E+01  0.123445490070E+02  0.100000000000E+01
 -0.387403575900E+01 -0.317508369600E+01  0.122162794150E+02  0.707106384277E+00
 -0.389956564500E+01 -0.307594304200E+01  0.119994042600E+02  0.100000000000E+01
 -0.390846552800E+01 -0.299258490700E+01  0.118482766940E+02  0.707107462487E+00
 -0.382014575300E+01 -0.284546659100E+01  0.118400314540E+02  0.100000000000E+01
 -0.366614690800E+01 -0.259287056700E+01  0.118317323650E+02  0.707106879936E+00
 -0.357292157400E+01 -0.261940254700E+01  0.121044353990E+02  0.100000000000E+01
 -0.351296914000E+01 -0.274173271700E+01  0.124427317740E+02  0.707106398045E+00
 -0.372970282600E+01 -0.302624507400E+01  0.123445490070E+02  0.100000000000E+01
 -0.403225278000E+01 -0.276633947000E+01  0.121305359220E+02  0.100000000000E+01
 -0.403225278000E+01 -0.276633947000E+01  0.121305359220E+02  0.707107067170E+00
 -0.403225278000E+01 -0.276633947000E+01  0.121305359220E+02  0.100000000000E+01
 -0.403225278000E+01 -0.276633947000E+01  0.121305359220E+02  0.707106574248E+00
 -0.403225278000E+01 -0.276633947000E+01  0.121305359220E+02  0.100000000000E+01
 -0.403225278000E+01 -0.276633947000E+01  0.121305359220E+02  0.707106568016E+00
 -0.403225278000E+01 -0.276633947000E+01  0.121305359220E+02  0.100000000000E+01
 -0.403225278000E+01 -0.276633947000E+01  0.121305359220E+02  0.707106915313E+00
 -0.403225278000E+01 -0.276633947000E+01  0.121305359220E+02  0.100000000000E+01
 -0.397019685300E+01 -0.290166792400E+01  0.125248993150E+02  0.100000000000E+01
 -0.416049694000E+01 -0.313190293000E+01  0.123722303830E+02  0.707107067170E+00
 -0.415922269100E+01 -0.295485270900E+01  0.120858261670E+02  0.100000000000E+01
 -0.414779595300E+01 -0.285058536900E+01  0.119468774240E+02  0.707106574248E+00
 -0.406259335700E+01 -0.270017438800E+01  0.119377228410E+02  0.100000000000E+01
 -0.391990246300E+01 -0.246790467600E+01  0.119545346000E+02  0.707106568016E+00
 -0.382363014600E+01 -0.245659596300E+01  0.122039983690E+02  0.100000000000E+01
 -0.371877878400E+01 -0.254644644500E+01  0.126430088770E+02  0.707106915313E+00
 -0.397019685300E+01 -0.290166792400E+01  0.125248993150E+02  0.100000000000E+01
 -0.428495613300E+01 -0.262045134200E+01  0.122155525230E+02  0.100000000000E+01
 -0.428495613300E+01 -0.262045134200E+01  0.122155525230E+02  0.707106654291E+00
 -0.428495613300E+01 -0.262045134200E+01  0.122155525230E+02  0.100000000000E+01
 -0.428495613300E+01 -0.262045134200E+01  0.122155525230E+02  0.707107018284E+00
 -0.428495613300E+01 -0.262045134200E+01  0.122155525230E+02  0.100000000000E+01
 -0.428495613300E+01 -0.262045134200E+01  0.122155525230E+02  0.707106816315E+00
 -0.428495613300E+01 -0.262045134200E+01  0.122155525230E+02  0.100000000000E+01
 -0.428495613300E+01 -0.262045134200E+01  0.122155525230E+02  0.707106635857E+00
 -0.428495613300E+01 -0.262045134200E+01  0.122155525230E+02  0.100000000000E+01
 -0.422335859600E+01 -0.277507802000E+01  0.126916937770E+02  0.100000000000E+01
 -0.446379471100E+01 -0.310587274700E+01  0.125251950940E+02  0.707106654291E+00
 -0.443286914400E+01 -0.284992807700E+01  0.121601651810E+02  0.100000000000E+01
 -0.439826724600E+01 -0.272029443800E+01  0.120355801060E+02  0.707107018284E+00
 -0.430849893700E+01 -0.256135208500E+01  0.120335677380E+02  0.100000000000E+01
 -0.418619481600E+01 -0.237213993500E+01  0.120803322780E+02  0.707106816315E+00
 -0.409386149100E+01 -0.232398208400E+01  0.122871090670E+02  0.100000000000E+01
 -0.397071866200E+01 -0.236205042300E+01  0.127481315330E+02  0.707106635857E+00
 -0.422335859600E+01 -0.277507802000E+01  0.126916937770E+02  0.100000000000E+01
 -0.454141538900E+01 -0.247571367100E+01  0.122907309550E+02  0.100000000000E+01
 -0.454141538900E+01 -0.247571367100E+01  0.122907309550E+02  0.707107213091E+00
 -0.454141538900E+01 -0.247571367100E+01  0.122907309550E+02  0.100000000000E+01
 -0.454141538900E+01 -0.247571367100E+01  0.122907309550E+02  0.707105974221E+00
 -0.454141538900E+01 -0.247571367100E+01  0.122907309550E+02  0.100000000000E+01
 -0.454141538900E+01 -0.247571367100E+01  0.122907309550E+02  0.707106560041E+00
 -0.454141538900E+01 -0.247571367100E+01  0.122907309550E+02  0.100000000000E+01
 -0.454141538900E+01 -0.247571367100E+01  0.122907309550E+02  0.707107377392E+00
 -0.454141538900E+01 -0.247571367100E+01  0.122907309550E+02  0.100000000000E+01
 -0.449351987700E+01 -0.262111587000E+01  0.127647444730E+02  0.100000000000E+01
 -0.471703744800E+01 -0.293694716800E+01  0.125960511190E+02  0.707107213091E+00
 -0.470626986100E+01 -0.273813399700E+01  0.122268920360E+02  0.100000000000E+01
 -0.466010132400E+01 -0.259434840400E+01  0.121003215940E+02  0.707105974221E+00
 -0.455775171200E+01 -0.242611889300E+01  0.121290515380E+02  0.100000000000E+01
 -0.444253068500E+01 -0.223500633000E+01  0.121578464160E+02  0.707106560041E+00
 -0.436865199900E+01 -0.220070433600E+01  0.123576333710E+02  0.100000000000E+01
 -0.427665520000E+01 -0.224267218200E+01  0.127804337430E+02  0.707107377392E+00
 -0.449351987700E+01 -0.262111587000E+01  0.127647444730E+02  0.100000000000E+01
 -0.479971571400E+01 -0.232952929900E+01  0.123561476380E+02  0.100000000000E+01
 -0.479971571400E+01 -0.232952929900E+01  0.123561476380E+02  0.707106816858E+00
 -0.479971571400E+01 -0.232952929900E+01  0.123561476380E+02  0.100000000000E+01
 -0.479971571400E+01 -0.232952929900E+01  0.123561476380E+02  0.707106356415E+00
 -0.479971571400E+01 -0.232952929900E+01  0.123561476380E+02  0.100000000000E+01
 -0.479971571400E+01 -0.232952929900E+01  0.123561476380E+02  0.707107006931E+00
 -0.479971571400E+01 -0.232952929900E+01  0.123561476380E+02  0.100000000000E+01
 -0.479971571400E+01 -0.232952929900E+01  0.123561476380E+02  0.707107020188E+00
 -0.479971571400E+01 -0.232952929900E+01  0.123561476380E+02  0.100000000000E+01
 -0.476949063100E+01 -0.246105413900E+01  0.128187299190E+02  0.100000000000E+01
 -0.498921230900E+01 -0.281583881100E+01  0.126668986990E+02  0.707106816858E+00
 -0.496829776200E+01 -0.262007003500E+01  0.122845541030E+02  0.100000000000E+01
 -0.491600707800E+01 -0.246582733600E+01  0.121496986390E+02  0.707106356415E+00
 -0.480950972700E+01 -0.228690941800E+01  0.122062506900E+02  0.100000000000E+01
 -0.467096849600E+01 -0.212998776100E+01  0.122315266660E+02  0.707107006931E+00
 -0.458083715000E+01 -0.208695610800E+01  0.124108165830E+02  0.100000000000E+01
 -0.449353662200E+01 -0.213424312400E+01  0.128297942790E+02  0.707107020188E+00
 -0.476949063100E+01 -0.246105413900E+01  0.128187299190E+02  0.100000000000E+01
 -0.505607625900E+01 -0.217494486600E+01  0.124084588350E+02  0.100000000000E+01
 -0.505607625900E+01 -0.217494486600E+01  0.124084588350E+02  0.707106621589E+00
 -0.505607625900E+01 -0.217494486600E+01  0.124084588350E+02  0.100000000000E+01
 -0.505607625900E+01 -0.217494486600E+01  0.124084588350E+02  0.707106738947E+00
 -0.505607625900E+01 -0.217494486600E+01  0.124084588350E+02  0.100000000000E+01
 -0.505607625900E+01 -0.217494486600E+01  0.124084588350E+02  0.707107236469E+00
 -0.505607625900E+01 -0.217494486600E+01  0.124084588350E+02  0.100000000000E+01
 -0.505607625900E+01 -0.217494486600E+01  0.124084588350E+02  0.707106770922E+00
 -0.505607625900E+01 -0.217494486600E+01  0.124084588350E+02  0.100000000000E+01
 -0.504675033900E+01 -0.229921367600E+01  0.128974032960E+02  0.100000000000E+01
 -0.526626871100E+01 -0.266678560900E+01  0.127226164760E+02  0.707106621589E+00
 -0.521326237000E+01 -0.245471785000E+01  0.123403504340E+02  0.100000000000E+01
 -0.515781336800E+01 -0.231248993300E+01  0.122145161150E+02  0.707106738947E+00
 -0.505878229100E+01 -0.213888313400E+01  0.122665711700E+02  0.100000000000E+01
 -0.489099913700E+01 -0.201004089000E+01  0.122808594660E+02  0.707107236469E+00
 -0.478230783100E+01 -0.197098938200E+01  0.124550738590E+02  0.100000000000E+01
 -0.463154067800E+01 -0.198682240800E+01  0.129567262790E+02  0.707106770922E+00
 -0.504675033900E+01 -0.229921367600E+01  0.128974032960E+02  0.100000000000E+01
 -0.530812832500E+01 -0.200985517400E+01  0.124481542020E+02  0.100000000000E+01
 -0.530812832500E+01 -0.200985517400E+01  0.124481542020E+02  0.707107019122E+00
 -0.530812832500E+01 -0.200985517400E+01  0.124481542020E+02  0.100000000000E+01
 -0.530812832500E+01 -0.200985517400E+01  0.124481542020E+02  0.707106680790E+00
 -0.530812832500E+01 -0.200985517400E+01  0.124481542020E+02  0.100000000000E+01
 -0.530812832500E+01 -0.200985517400E+01  0.124481542020E+02  0.707106444690E+00
 -0.530812832500E+01 -0.200985517400E+01  0.124481542020E+02  0.100000000000E+01
 -0.530812832500E+01 -0.200985517400E+01  0.124481542020E+02  0.707106996050E+00
 -0.530812832500E+01 -0.200985517400E+01  0.124481542020E+02  0.100000000000E+01
 -0.531779336100E+01 -0.213502117500E+01  0.129953570930E+02  0.100000000000E+01
 -0.556044105400E+01 -0.257123821600E+01  0.128409072570E+02  0.707107019122E+00
 -0.551705381500E+01 -0.239353877600E+01  0.123567013850E+02  0.100000000000E+01
 -0.544531134200E+01 -0.221207986700E+01  0.121329312780E+02  0.707106680790E+00
 -0.530549968800E+01 -0.197581289600E+01  0.122993273620E+02  0.100000000000E+01
 -0.511010076500E+01 -0.188705428000E+01  0.123413318440E+02  0.707106444690E+00
 -0.496443293600E+01 -0.184701338700E+01  0.124914730780E+02  0.100000000000E+01
 -0.481599900100E+01 -0.188313610100E+01  0.129943106610E+02  0.707106996050E+00
 -0.531779336100E+01 -0.213502117500E+01  0.129953570930E+02  0.100000000000E+01
 -0.555575738400E+01 -0.183624687800E+01  0.124783061050E+02  0.100000000000E+01
 -0.555575738400E+01 -0.183624687800E+01  0.124783061050E+02  0.707106665034E+00
 -0.555575738400E+01 -0.183624687800E+01  0.124783061050E+02  0.100000000000E+01
 -0.555575738400E+01 -0.183624687800E+01  0.124783061050E+02  0.707107159996E+00
 -0.555575738400E+01 -0.183624687800E+01  0.124783061050E+02  0.100000000000E+01
 -0.555575738400E+01 -0.183624687800E+01  0.124783061050E+02  0.707106673262E+00
 -0.555575738400E+01 -0.183624687800E+01  0.124783061050E+02  0.100000000000E+01
 -0.555575738400E+01 -0.183624687800E+01  0.124783061050E+02  0.707106461077E+00
 -0.555575738400E+01 -0.183624687800E+01  0.124783061050E+02  0.100000000000E+01
 -0.558041207700E+01 -0.195385149000E+01  0.130394769820E+02  0.100000000000E+01
 -0.585360028700E+01 -0.247919181400E+01  0.129259886960E+02  0.707106665034E+00
 -0.580325734500E+01 -0.231125441300E+01  0.123678848090E+02  0.100000000000E+01
 -0.569754838100E+01 -0.207766415600E+01  0.121650432420E+02  0.707107159996E+00
 -0.554911534900E+01 -0.180456306000E+01  0.123271210810E+02  0.100000000000E+01
 -0.534204153500E+01 -0.176067019900E+01  0.123926317590E+02  0.707106673262E+00
 -0.516253519300E+01 -0.173589198100E+01  0.125166130810E+02  0.100000000000E+01
 -0.496410427800E+01 -0.178449013700E+01  0.130383941430E+02  0.707106461077E+00
 -0.558041207700E+01 -0.195385149000E+01  0.130394769820E+02  0.100000000000E+01
 -0.579957073800E+01 -0.165627558600E+01  0.125015334040E+02  0.100000000000E+01
 -0.579957073800E+01 -0.165627558600E+01  0.125015334040E+02  0.707106797007E+00
 -0.579957073800E+01 -0.165627558600E+01  0.125015334040E+02  0.100000000000E+01
 -0.579957073800E+01 -0.165627558600E+01  0.125015334040E+02  0.707106587439E+00
 -0.579957073800E+01 -0.165627558600E+01  0.125015334040E+02  0.100000000000E+01
 -0.579957073800E+01 -0.165627558600E+01  0.125015334040E+02  0.707107147116E+00
 -0.579957073800E+01 -0.165627558600E+01  0.125015334040E+02  0.100000000000E+01
 -0.579957073800E+01 -0.165627558600E+01  0.125015334040E+02  0.707106955158E+00
 -0.579957073800E+01 -0.165627558600E+01  0.125015334040E+02  0.100000000000E+01
 -0.583796708500E+01 -0.177558266000E+01  0.131127269040E+02  0.100000000000E+01
 -0.613930582000E+01 -0.239041526600E+01  0.130107979740E+02  0.707106797007E+00
 -0.607686756400E+01 -0.221984757000E+01  0.123741019250E+02  0.100000000000E+01
 -0.594927080100E+01 -0.194390789800E+01  0.121795783550E+02  0.707106587439E+00
 -0.579080178000E+01 -0.162902894700E+01  0.123619525350E+02  0.100000000000E+01
 -0.550136556200E+01 -0.160338002600E+01  0.123443008620E+02  0.707107147116E+00
 -0.528871678700E+01 -0.162423623300E+01  0.125398806780E+02  0.100000000000E+01
 -0.509818003200E+01 -0.172052311900E+01  0.131227566490E+02  0.707106955158E+00
 -0.583796708500E+01 -0.177558266000E+01  0.131127269040E+02  0.100000000000E+01
 -0.604023246600E+01 -0.147153154000E+01  0.125196545740E+02  0.100000000000E+01
 -0.604023246600E+01 -0.147153154000E+01  0.125196545740E+02  0.707106704721E+00
 -0.604023246600E+01 -0.147153154000E+01  0.125196545740E+02  0.100000000000E+01
 -0.604023246600E+01 -0.147153154000E+01  0.125196545740E+02  0.707107251988E+00
 -0.604023246600E+01 -0.147153154000E+01  0.125196545740E+02  0.100000000000E+01
 -0.604023246600E+01 -0.147153154000E+01  0.125196545740E+02  0.707106253282E+00
 -0.604023246600E+01 -0.147153154000E+01  0.125196545740E+02  0.100000000000E+01
 -0.604023246600E+01 -0.147153154000E+01  0.125196545740E+02  0.707106562901E+00
 -0.604023246600E+01 -0.147153154000E+01  0.125196545740E+02  0.100000000000E+01
 -0.609081319900E+01 -0.159245974600E+01  0.131766201540E+02  0.100000000000E+01
 -0.642488381400E+01 -0.232107705000E+01  0.130936190850E+02  0.707106704721E+00
 -0.633650904200E+01 -0.211664186900E+01  0.123780976510E+02  0.100000000000E+01
 -0.618891273800E+01 -0.179176853900E+01  0.122278891430E+02  0.707107251988E+00
 -0.603155243500E+01 -0.145077879400E+01  0.124069111550E+02  0.100000000000E+01
 -0.561192246600E+01 -0.147988726300E+01  0.123174696110E+02  0.707106253282E+00
 -0.528678115900E+01 -0.156266252300E+01  0.125608888480E+02  0.100000000000E+01
 -0.524085272400E+01 -0.169435939000E+01  0.132184405830E+02  0.707106562901E+00
 -0.609081319900E+01 -0.159245974600E+01  0.131766201540E+02  0.100000000000E+01
           1
           2
           3
           4
           5
           6
           7
           8
           9
          10
          11
          12
          13
          14
          15
          16
          17
          18
          19
          20
          21
          22
          23
          24
          25
          26
          27
          28
          29
          30
          31
          32
          33
          34
          35
          36
          37
          38
          39
          40
          41
          42
          43
          44
          45
          46
          47
          48
          49
          50
          51
          52
          53
          54
          55
          56
          57
          58
          59
          60
          61
          62
          63
          64
          65
          66
          67
          68
          69
          70
          71
          72
          73
          74
          75
          76
          77
          78
          79
          80
          81
          82
          83
          84
          85
          86
          87
          88
          89
          90
          91
          92
          93
          94
          95
          96
          97
          98
          99
         100
         101
         102
         103
         104
         105
         106
         107
         108
         109
         110
         111
         112
         113
         114
         115
         116
         117
         118
         119
         120
         121
         122
         123
         124
         125
         126
         127
         128
         129
         130
         131
         132
         133
         134
         135
         136
         137
         138
         139
         140
         141
         142
         143
         144
         145
         146
         147
         148
         149
         150
         151
         152
         153
         154
         155
         156
         157
         158
         159
         160
         161
         162
         163
         164
         165
         166
         167
         168
         169
         170
         171
         172
         173
         174
         175
         176
         177
         178
         179
         180
         181
         182
         183
         184
         185
         186
         187
         188
         189
         190
         191
         192
         193
         194
         195
         196
         197
         198
         199
         200
         201
         202
         203
         204
         205
         206
         207
         208
         209
         210
         211
         212
         213
         214
         215
         216
         217
         218
         219
         220
         221
         222
         223
         224
         225
         226
         227
         228
         229
         230
         231
         232
         233
         234
         235
         236
         237
         238
         239
         240
         241
         242
         243
         244
         245
         246
         247
         248
         249
         250
         251
         252
         253
         254
         255
         256
         257
         258
         259
         260
         261
         262
         263
         264
         265
         266
         267
         268
         269
         270
         271
         272
         273
         274
         275
         276
         277
         278
         279
         280
         281
         282
         283
         284
         285
         286
         287
         288
         289
         290
         291
         292
         293
         294
         295
         296
         297
         298
         299
         300
         301
         302
         303
         304
         305
         306
         307
         308
         309
         310
         311
         312
         313
         314
         315
         316
         317
         318
         319
         320
         321
         322
         323
         324
         325
         326
         327
         328
         329
         330
         331
         332
         333
         334
         335
         336
         337
         338
         339
         340
         341
         342
         343
         344
         345
         346
         347
         348
         349
         350
         351
         352
         353
         354
         355
         356
         357
         358
         359
         360
         361
         362
         363
         364
         365
         366
         367
         368
         369
         370
         371
         372
         373
         374
         375
         376
         377
         378
         379
         380
         381
         382
         383
         384
         385
         386
         387
         388
         389
         390
         391
         392
         393
         394
         395
         396
 1 0 0
 0 0 0
 0 0 0
 0 0 0
 0 0 0
 0 0 0
 0 0 0
 0 0 0
 0 0 0
 0 0 0
 0 0 0
 0 0 0
 0 0 0
 0 0 0
 0 0 0
 0 0 0
 0 0 0
 0 0 0
 0 0 0
 0 0 0
 0 0 0
 0 0 0
 0 0 0
 0 0 0
 0 0 0
 0 0 0
 0 0 0
 0 0 0
 0 0 0
 0 0 0
 0 0 0
 0 0 0
 0 0 0
 0 0 0
 0 0 0
 0 0 0
 0 0 0
 0 0 0
 0 0 0
 0 0 0
 0 0 0
 0 0 0
 0 0 0
 0 0 0
 0 0 0
 0 0 0
 0 0 0
 0 0 0
 0 0 0
 0 0 0
 0 0 0
 0 0 0
 0 0 0
 0 0 0
 0 0 0
 0 0 0
 0 0 0
 0 0 0
 0 0 0
 0 0 0
 0 0 0
 0 0 0
 0 0 0
 0 0 0
 0 0 0
 0 0 0
 0 0 0
 0 0 0
 0 0 0
 0 0 0
 0 0 0
 0 0 0
 0 0 0
 0 0 0
 0 0 0
 0 0 0
 0 0 0
 0 0 0
 0 0 0
 0 0 0
 0 0 0
 0 0 0
 0 0 0
 0 0 0
 0 0 0
 0 0 0
 0 0 0
 0 0 0
 0 0 0
 0 0 0
 0 0 0
 0 0 0
 0 0 0
 0 0 0
 0 0 0
 0 0 0
 0 0 0
 0 0 0
 0 0 0
 0 0 0
 0 0 0
 0 0 0
 0 0 0
 0 0 0
 0 0 0
 0 0 0
 0 0 0
 0 0 0
 0 0 0
 0 0 0
 0 0 0
 0 0 0
 0 0 0
 0 0 0
 0 0 0
 0 0 0
 0 0 0
 0 0 0
 0 0 0
 0 0 0
 0 0 0
 0 0 0
 0 0 0
 0 0 0
 0 0 0
 0 0 0
 0 0 0
 0 0 0
 0 0 0
 0 0 0
 0 0 0
 0 0 0
 0 0 0
 0 0 0
 0 0 0
 0 0 0
 0 0 0
 0 0 0
 0 0 0
 0 0 0
 0 0 0
 0 0 0
 0 0 0
 0 0 0
 0 0 0
 0 0 0
 0 0 0
 0 0 0
 0 0 0
 0 0 0
 0 0 0
 0 0 0
 0 0 0
 0 0 0
 0 0 0
 0 0 0
 0 0 0
 0 0 0
 0 0 0
 0 0 0
 0 0 0
 0 0 0
 0 0 0
 0 0 0
 0 0 0
 0 0 0
 0 0 0
 0 0 0
 0 0 0
 0 0 0
 0 0 0
 0 0 0
 0 0 0
 0 0 0
 0 0 0
 0 0 0
 0 0 0
 0 0 0
 0 0 0
 0 0 0
 0 0 0
 0 0 0
 0 0 0
 0 0 0
 0 0 0
 0 0 0
 0 0 0
 0 0 0
 0 0 0
 0 0 0
 0 0 0
 0 0 0
 0 0 0
 0 0 0
 0 0 0
 0 0 0
 0 0 0
 0 0 0
 0 0 0
 0 0 0
 0 0 0
 0 0 0
 0 0 0
 0 0 0
 0 0 0
 0 0 0
 0 0 0
 0 0 0
 0 0 0
 0 0 0
 0 0 0
 0 0 0
 0 0 0
 0 0 0
 0 0 0
 0 0 0
 0 0 0
 0 0 0
 0 0 0
 0 0 0
 0 0 0
 0 0 0
 0 0 0
 0 0 0
 0 0 0
 0 0 0
 0 0 0
 0 0 0
 0 0 0
 0 0 0
 0 0 0
 0 0 0
 0 0 0
 0 0 0
 0 0 0
 0 0 0
 0 0 0
 0 0 0
 0 0 0
 0 0 0
 0 0 0
 0 0 0
 0 0 0
 0 0 0
 0 0 0
 0 0 0
 0 0 0
 0 0 0
 0 0 0
 0 0 0
 0 0 0
 0 0 0
 0 0 0
 0 0 0
 0 0 0
 0 0 0
 0 0 0
 0 0 0
 0 0 0
 0 0 0
 0 0 0
 0 0 0
 0 0 0
 0 0 0
 0 0 0
 0 0 0
 0 0 0
 0 0 0
 0 0 0
 0 0 0
 0 0 0
 0 0 0
 0 0 0
 0 0 0
 0 0 0
 0 0 0
 0 0 0
 0 0 0
 0 0 0
 0 0 0
 0 0 0
 0 0 0
 0 0 0
 0 0 0
 0 0 0
 0 0 0
 0 0 0
 0 0 0
 0 0 0
 0 0 0
 0 0 0
 0 0 0
 0 0 0
 0 0 0
 0 0 0
 0 0 0
 0 0 0
 0 0 0
 0 0 0
 0 0 0
 0 0 0
 0 0 0
 0 0 0
 0 0 0
 0 0 0
 0 0 0
 0 0 0
 0 0 0
 0 0 0
 0 0 0
 0 0 0
 0 0 0
 0 0 0
 0 0 0
 0 0 0
 0 0 0
 0 0 0
 0 0 0
 0 0 0
 0 0 0
 0 0 0
 0 0 0
 0 0 0
 0 0 0
 0 0 0
 0 0 0
 0 0 0
 0 0 0
 0 0 0
 0 0 0
 0 0 0
 0 0 0
 0 0 0
 0 0 0
 0 0 0
 0 0 0
 0 0 0
 0 0 0
 0 0 0
 0 0 0
 0 0 0
 0 0 0
 0 0 0
 0 0 0
 0 0 0
 0 0 0
 0 0 0
 0 0 0
 0 0 0
 0 0 0
 0 0 0
 0 0 0
 0 0 0
 0 0 0
 0 0 0
 0 0 0
 0 0 0
 0 0 0
 0 0 0
 0 0 0
 0 0 0
 0 0 0
 0 0 0
 0 0 0
 0 0 0
 0 0 0
 0 0 0
 0 0 0
 0 0 0
 0 0 0
 0 0 0
 0 0 0
 0 0 0
 0 0 0
 0 0 0
 0 0 0
 0 0 0
 0 0 0
 0 0 0
 0 0 0
 0 0 0
 0 0 0
 0 0 0
 0 0 0
 0 0 0
 0 0 0
 0 0 0
 0 0 0
 0 0 0
 0 0 0
 0 0 0
 0 0 0
 0 0 0
 0 0 0
 0 0 0
 0 0 0
 0 0 0
  0.000000000  0.000000000  0.000000000
  0.000000000  0.000000000  0.000000000
  0.000000000  0.000000000  0.000000000
  0.000000000  0.000000000  0.000000000
  0.000000000  0.000000000  0.000000000
  0.000000000  0.000000000  0.000000000
  0.000000000  0.000000000  0.000000000
  0.000000000  0.000000000  0.000000000
  0.000000000  0.000000000  0.000000000
  0.000000000  0.000000000  0.000000000
  0.000000000  0.000000000  0.000000000
  0.000000000  0.000000000  0.000000000
  0.000000000  0.000000000  0.000000000
  0.000000000  0.000000000  0.000000000
  0.000000000  0.000000000  0.000000000
  0.000000000  0.000000000  0.000000000
  0.000000000  0.000000000  0.000000000
  0.000000000  0.000000000  0.000000000
  0.000000000  0.000000000  0.000000000
  0.000000000  0.000000000  0.000000000
  0.000000000  0.000000000  0.000000000
  0.000000000  0.000000000  0.000000000
  0.000000000  0.000000000  0.000000000
  0.000000000  0.000000000  0.000000000
  0.000000000  0.000000000  0.000000000
  0.000000000  0.000000000  0.000000000
  0.000000000  0.000000000  0.000000000
  0.000000000  0.000000000  0.000000000
  0.000000000  0.000000000  0.000000000
  0.000000000  0.000000000  0.000000000
  0.000000000  0.000000000  0.000000000
  0.000000000  0.000000000  0.000000000
  0.000000000  0.000000000  0.000000000
  0.000000000  0.000000000  0.000000000
  0.000000000  0.000000000  0.000000000
  0.000000000  0.000000000  0.000000000
  0.000000000  0.000000000  0.000000000
  0.000000000  0.000000000  0.000000000
  0.000000000  0.000000000  0.000000000
  0.000000000  0.000000000  0.000000000
  0.000000000  0.000000000  0.000000000
  0.000000000  0.000000000  0.000000000
  0.000000000  0.000000000  0.000000000
  0.000000000  0.000000000  0.000000000
  0.000000000  0.000000000  0.000000000
  0.000000000  0.000000000  0.000000000
  0.000000000  0.000000000  0.000000000
  0.000000000  0.000000000  0.000000000
  0.000000000  0.000000000  0.000000000
  0.000000000  0.000000000  0.000000000
  0.000000000  0.000000000  0.000000000
  0.000000000  0.000000000  0.000000000
  0.000000000  0.000000000  0.000000000
  0.000000000  0.000000000  0.000000000
  0.000000000  0.000000000  0.000000000
  0.000000000  0.000000000  0.000000000
  0.000000000  0.000000000  0.000000000
  0.000000000  0.000000000  0.000000000
  0.000000000  0.000000000  0.000000000
  0.000000000  0.000000000  0.000000000
  0.000000000  0.000000000  0.000000000
  0.000000000  0.000000000  0.000000000
  0.000000000  0.000000000  0.000000000
  0.000000000  0.000000000  0.000000000
  0.000000000  0.000000000  0.000000000
  0.000000000  0.000000000  0.000000000
  0.000000000  0.000000000  0.000000000
  0.000000000  0.000000000  0.000000000
  0.000000000  0.000000000  0.000000000
  0.000000000  0.000000000  0.000000000
  0.000000000  0.000000000  0.000000000
  0.000000000  0.000000000  0.000000000
  0.000000000  0.000000000  0.000000000
  0.000000000  0.000000000  0.000000000
  0.000000000  0.000000000  0.000000000
  0.000000000  0.000000000  0.000000000
  0.000000000  0.000000000  0.000000000
  0.000000000  0.000000000  0.000000000
  0.000000000  0.000000000  0.000000000
  0.000000000  0.000000000  0.000000000
  0.000000000  0.000000000  0.000000000
  0.000000000  0.000000000  0.000000000
  0.000000000  0.000000000  0.000000000
  0.000000000  0.000000000  0.000000000
  0.000000000  0.000000000  0.000000000
  0.000000000  0.000000000  0.000000000
  0.000000000  0.000000000  0.000000000
  0.000000000  0.000000000  0.000000000
  0.000000000  0.000000000  0.000000000
  0.000000000  0.000000000  0.000000000
  0.000000000  0.000000000  0.000000000
  0.000000000  0.000000000  0.000000000
  0.000000000  0.000000000  0.000000000
  0.000000000  0.000000000  0.000000000
  0.000000000  0.000000000  0.000000000
  0.000000000  0.000000000  0.000000000
  0.000000000  0.000000000  0.000000000
  0.000000000  0.000000000  0.000000000
  0.000000000  0.000000000  0.000000000
  0.000000000  0.000000000  0.000000000
  0.000000000  0.000000000  0.000000000
  0.000000000  0.000000000  0.000000000
  0.000000000  0.000000000  0.000000000
  0.000000000  0.000000000  0.000000000
  0.000000000  0.000000000  0.000000000
  0.000000000  0.000000000  0.000000000
  0.000000000  0.000000000  0.000000000
  0.000000000  0.000000000  0.000000000
  0.000000000  0.000000000  0.000000000
  0.000000000  0.000000000  0.000000000
  0.000000000  0.000000000  0.000000000
  0.000000000  0.000000000  0.000000000
  0.000000000  0.000000000  0.000000000
  0.000000000  0.000000000  0.000000000
  0.000000000  0.000000000  0.000000000
  0.000000000  0.000000000  0.000000000
  0.000000000  0.000000000  0.000000000
  0.000000000  0.000000000  0.000000000
  0.000000000  0.000000000  0.000000000
  0.000000000  0.000000000  0.000000000
  0.000000000  0.000000000  0.000000000
  0.000000000  0.000000000  0.000000000
  0.000000000  0.000000000  0.000000000
  0.000000000  0.000000000  0.000000000
  0.000000000  0.000000000  0.000000000
  0.000000000  0.000000000  0.000000000
  0.000000000  0.000000000  0.000000000
  0.000000000  0.000000000  0.000000000
  0.000000000  0.000000000  0.000000000
  0.000000000  0.000000000  0.000000000
  0.000000000  0.000000000  0.000000000
  0.000000000  0.000000000  0.000000000
  0.000000000  0.000000000  0.000000000
  0.000000000  0.000000000  0.000000000
  0.000000000  0.000000000  0.000000000
  0.000000000  0.000000000  0.000000000
  0.000000000  0.000000000  0.000000000
  0.000000000  0.000000000  0.000000000
  0.000000000  0.000000000  0.000000000
  0.000000000  0.000000000  0.000000000
  0.000000000  0.000000000  0.000000000
  0.000000000  0.000000000  0.000000000
  0.000000000  0.000000000  0.000000000
  0.000000000  0.000000000  0.000000000
  0.000000000  0.000000000  0.000000000
  0.000000000  0.000000000  0.000000000
  0.000000000  0.000000000  0.000000000
  0.000000000  0.000000000  0.000000000
  0.000000000  0.000000000  0.000000000
  0.000000000  0.000000000  0.000000000
  0.000000000  0.000000000  0.000000000
  0.000000000  0.000000000  0.000000000
  0.000000000  0.000000000  0.000000000
  0.000000000  0.000000000  0.000000000
  0.000000000  0.000000000  0.000000000
  0.000000000  0.000000000  0.000000000
  0.000000000  0.000000000  0.000000000
  0.000000000  0.000000000  0.000000000
  0.000000000  0.000000000  0.000000000
  0.000000000  0.000000000  0.000000000
  0.000000000  0.000000000  0.000000000
  0.000000000  0.000000000  0.000000000
  0.000000000  0.000000000  0.000000000
  0.000000000  0.000000000  0.000000000
  0.000000000  0.000000000  0.000000000
  0.000000000  0.000000000  0.000000000
  0.000000000  0.000000000  0.000000000
  0.000000000  0.000000000  0.000000000
  0.000000000  0.000000000  0.000000000
  0.000000000  0.000000000  0.000000000
  0.000000000  0.000000000  0.000000000
  0.000000000  0.000000000  0.000000000
  0.000000000  0.000000000  0.000000000
  0.000000000  0.000000000  0.000000000
  0.000000000  0.000000000  0.000000000
  0.000000000  0.000000000  0.000000000
  0.000000000  0.000000000  0.000000000
  0.000000000  0.000000000  0.000000000
  0.000000000  0.000000000  0.000000000
  0.000000000  0.000000000  0.000000000
  0.000000000  0.000000000  0.000000000
  0.000000000  0.000000000  0.000000000
  0.000000000  0.000000000  0.000000000
  0.000000000  0.000000000  0.000000000
  0.000000000  0.000000000  0.000000000
  0.000000000  0.000000000  0.000000000
  0.000000000  0.000000000  0.000000000
  0.000000000  0.000000000  0.000000000
  0.000000000  0.000000000  0.000000000
  0.000000000  0.000000000  0.000000000
  0.000000000  0.000000000  0.000000000
  0.000000000  0.000000000  0.000000000
  0.000000000  0.000000000  0.000000000
  0.000000000  0.000000000  0.000000000
  0.000000000  0.000000000  0.000000000
  0.000000000  0.000000000  0.000000000
  0.000000000  0.000000000  0.000000000
  0.000000000  0.000000000  0.000000000
  0.000000000  0.000000000  0.000000000
  0.000000000  0.000000000  0.000000000
  0.000000000  0.000000000  0.000000000
  0.000000000  0.000000000  0.000000000
  0.000000000  0.000000000  0.000000000
  0.000000000  0.000000000  0.000000000
  0.000000000  0.000000000  0.000000000
  0.000000000  0.000000000  0.000000000
  0.000000000  0.000000000  0.000000000
  0.000000000  0.000000000  0.000000000
  0.000000000  0.000000000  0.000000000
  0.000000000  0.000000000  0.000000000
  0.000000000  0.000000000  0.000000000
  0.000000000  0.000000000  0.000000000
  0.000000000  0.000000000  0.000000000
  0.000000000  0.000000000  0.000000000
  0.000000000  0.000000000  0.000000000
  0.000000000  0.000000000  0.000000000
  0.000000000  0.000000000  0.000000000
  0.000000000  0.000000000  0.000000000
  0.000000000  0.000000000  0.000000000
  0.000000000  0.000000000  0.000000000
  0.000000000  0.000000000  0.000000000
  0.000000000  0.000000000  0.000000000
  0.000000000  0.000000000  0.000000000
  0.000000000  0.000000000  0.000000000
  0.000000000  0.000000000  0.000000000
  0.000000000  0.000000000  0.000000000
  0.000000000  0.000000000  0.000000000
  0.000000000  0.000000000  0.000000000
  0.000000000  0.000000000  0.000000000
  0.000000000  0.000000000  0.000000000
  0.000000000  0.000000000  0.000000000
  0.000000000  0.000000000  0.000000000
  0.000000000  0.000000000  0.000000000
  0.000000000  0.000000000  0.000000000
  0.000000000  0.000000000  0.000000000
  0.000000000  0.000000000  0.000000000
  0.000000000  0.000000000  0.000000000
  0.000000000  0.000000000  0.000000000
  0.000000000  0.000000000  0.000000000
  0.000000000  0.000000000  0.000000000
  0.000000000  0.000000000  0.000000000
  0.000000000  0.000000000  0.000000000
  0.000000000  0.000000000  0.000000000
  0.000000000  0.000000000  0.000000000
  0.000000000  0.000000000  0.000000000
  0.000000000  0.000000000  0.000000000
  0.000000000  0.000000000  0.000000000
  0.000000000  0.000000000  0.000000000
  0.000000000  0.000000000  0.000000000
  0.000000000  0.000000000  0.000000000
  0.000000000  0.000000000  0.000000000
  0.000000000  0.000000000  0.000000000
  0.000000000  0.000000000  0.000000000
  0.000000000  0.000000000  0.000000000
  0.000000000  0.000000000  0.000000000
  0.000000000  0.000000000  0.000000000
  0.000000000  0.000000000  0.000000000
  0.000000000  0.000000000  0.000000000
  0.000000000  0.000000000  0.000000000
  0.000000000  0.000000000  0.000000000
  0.000000000  0.000000000  0.000000000
  0.000000000  0.000000000  0.000000000
  0.000000000  0.000000000  0.000000000
  0.000000000  0.000000000  0.000000000
  0.000000000  0.000000000  0.000000000
  0.000000000  0.000000000  0.000000000
  0.000000000  0.000000000  0.000000000
  0.000000000  0.000000000  0.000000000
  0.000000000  0.000000000  0.000000000
  0.000000000  0.000000000  0.000000000
  0.000000000  0.000000000  0.000000000
  0.000000000  0.000000000  0.000000000
  0.000000000  0.000000000  0.000000000
  0.000000000  0.000000000  0.000000000
  0.000000000  0.000000000  0.000000000
  0.000000000  0.000000000  0.000000000
  0.000000000  0.000000000  0.000000000
  0.000000000  0.000000000  0.000000000
  0.000000000  0.000000000  0.000000000
  0.000000000  0.000000000  0.000000000
  0.000000000  0.000000000  0.000000000
  0.000000000  0.000000000  0.000000000
  0.000000000  0.000000000  0.000000000
  0.000000000  0.000000000  0.000000000
  0.000000000  0.000000000  0.000000000
  0.000000000  0.000000000  0.000000000
  0.000000000  0.000000000  0.000000000
  0.000000000  0.000000000  0.000000000
  0.000000000  0.000000000  0.000000000
  0.000000000  0.000000000  0.000000000
  0.000000000  0.000000000  0.000000000
  0.000000000  0.000000000  0.000000000
  0.000000000  0.000000000  0.000000000
  0.000000000  0.000000000  0.000000000
  0.000000000  0.000000000  0.000000000
  0.000000000  0.000000000  0.000000000
  0.000000000  0.000000000  0.000000000
  0.000000000  0.000000000  0.000000000
  0.000000000  0.000000000  0.000000000
  0.000000000  0.000000000  0.000000000
  0.000000000  0.000000000  0.000000000
  0.000000000  0.000000000  0.000000000
  0.000000000  0.000000000  0.000000000
  0.000000000  0.000000000  0.000000000
  0.000000000  0.000000000  0.000000000
  0.000000000  0.000000000  0.000000000
  0.000000000  0.000000000  0.000000000
  0.000000000  0.000000000  0.000000000
  0.000000000  0.000000000  0.000000000
  0.000000000  0.000000000  0.000000000
  0.000000000  0.000000000  0.000000000
  0.000000000  0.000000000  0.000000000
  0.000000000  0.000000000  0.000000000
  0.000000000  0.000000000  0.000000000
  0.000000000  0.000000000  0.000000000
  0.000000000  0.000000000  0.000000000
  0.000000000  0.000000000  0.000000000
  0.000000000  0.000000000  0.000000000
  0.000000000  0.000000000  0.000000000
  0.000000000  0.000000000  0.000000000
  0.000000000  0.000000000  0.000000000
  0.000000000  0.000000000  0.000000000
  0.000000000  0.000000000  0.000000000
  0.000000000  0.000000000  0.000000000
  0.000000000  0.000000000  0.000000000
  0.000000000  0.000000000  0.000000000
  0.000000000  0.000000000  0.000000000
  0.000000000  0.000000000  0.000000000
  0.000000000  0.000000000  0.000000000
  0.000000000  0.000000000  0.000000000
  0.000000000  0.000000000  0.000000000
  0.000000000  0.000000000  0.000000000
  0.000000000  0.000000000  0.000000000
  0.000000000  0.000000000  0.000000000
  0.000000000  0.000000000  0.000000000
  0.000000000  0.000000000  0.000000000
  0.000000000  0.000000000  0.000000000
  0.000000000  0.000000000  0.000000000
  0.000000000  0.000000000  0.000000000
  0.000000000  0.000000000  0.000000000
  0.000000000  0.000000000  0.000000000
  0.000000000  0.000000000  0.000000000
  0.000000000  0.000000000  0.000000000
  0.000000000  0.000000000  0.000000000
  0.000000000  0.000000000  0.000000000
  0.000000000  0.000000000  0.000000000
  0.000000000  0.000000000  0.000000000
  0.000000000  0.000000000  0.000000000
  0.000000000  0.000000000  0.000000000
  0.000000000  0.000000000  0.000000000
  0.000000000  0.000000000  0.000000000
  0.000000000  0.000000000  0.000000000
  0.000000000  0.000000000  0.000000000
  0.000000000  0.000000000  0.000000000
  0.000000000  0.000000000  0.000000000
  0.000000000  0.000000000  0.000000000
  0.000000000  0.000000000  0.000000000
  0.000000000  0.000000000  0.000000000
  0.000000000  0.000000000  0.000000000
  0.000000000  0.000000000  0.000000000
  0.000000000  0.000000000  0.000000000
  0.000000000  0.000000000  0.000000000
  0.000000000  0.000000000  0.000000000
  0.000000000  0.000000000  0.000000000
  0.000000000  0.000000000  0.000000000
  0.000000000  0.000000000  0.000000000
  0.000000000  0.000000000  0.000000000
  0.000000000  0.000000000  0.000000000
  0.000000000  0.000000000  0.000000000
  0.000000000  0.000000000  0.000000000
  0.000000000  0.000000000  0.000000000
  0.000000000  0.000000000  0.000000000
  0.000000000  0.000000000  0.000000000
  0.000000000  0.000000000  0.000000000
  0.000000000  0.000000000  0.000000000
  0.000000000  0.000000000  0.000000000
  0.000000000  0.000000000  0.000000000
  0.000000000  0.000000000  0.000000000
  0.000000000  0.000000000  0.000000000
  0.000000000  0.000000000  0.000000000
  0.000000000  0.000000000  0.000000000
  0.000000000  0.000000000  0.000000000
  0.000000000  0.000000000  0.000000000
  0.000000000  0.000000000  0.000000000
  0.000000000  0.000000000  0.000000000
  0.000000000  0.000000000  0.000000000
  0.000000000  0.000000000  0.000000000
  0.000000000  0.000000000  0.000000000
  0.000000000  0.000000000  0.000000000
  0.000000000  0.000000000  0.000000000
  0.000000000  0.000000000  0.000000000
  0.000000000  0.000000000  0.000000000
  0.000000000  0.000000000  0.000000000
  0.000000000  0.000000000  0.000000000
  0.000000000  0.000000000  0.000000000
  0.000000000  0.000000000  0.000000000
 0 0 0
 0 0 0
 0 0 0
 0 0 0
 0 0 0
 0 0 0
 0 0 0
 0 0 0
 0 0 0
 0 0 0
 0 0 0
 0 0 0
 0 0 0
 0 0 0
 0 0 0
 0 0 0
 0 0 0
 0 0 0
 0 0 0
 0 0 0
 0 0 0
 0 0 0
 0 0 0
 0 0 0
 0 0 0
 0 0 0
 0 0 0
 0 0 0
 0 0 0
 0 0 0
 0 0 0
 0 0 0
 0 0 0
 0 0 0
 0 0 0
 0 0 0
 0 0 0
 0 0 0
 0 0 0
 0 0 0
 0 0 0
 0 0 0
 0 0 0
 0 0 0
 0 0 0
 0 0 0
 0 0 0
 0 0 0
 0 0 0
 0 0 0
 0 0 0
 0 0 0
 0 0 0
 0 0 0
 0 0 0
 0 0 0
 0 0 0
 0 0 0
 0 0 0
 0 0 0
 0 0 0
 0 0 0
 0 0 0
 0 0 0
 0 0 0
 0 0 0
 0 0 0
 0 0 0
 0 0 0
 0 0 0
 0 0 0
 0 0 0
 0 0 0
 0 0 0
 0 0 0
 0 0 0
 0 0 0
 0 0 0
 0 0 0
 0 0 0
 0 0 0
 0 0 0
 0 0 0
 0 0 0
 0 0 0
 0 0 0
 0 0 0
 0 0 0
 0 0 0
 0 0 0
 0 0 0
 0 0 0
 0 0 0
 0 0 0
 0 0 0
 0 0 0
 0 0 0
 0 0 0
 0 0 0
 0 0 0
 0 0 0
 0 0 0
 0 0 0
 0 0 0
 0 0 0
 0 0 0
 0 0 0
 0 0 0
 0 0 0
 0 0 0
 0 0 0
 0 0 0
 0 0 0
 0 0 0
 0 0 0
 0 0 0
 0 0 0
 0 0 0
 0 0 0
 0 0 0
 0 0 0
 0 0 0
 0 0 0
 0 0 0
 0 0 0
 0 0 0
 0 0 0
 0 0 0
 0 0 0
 0 0 0
 0 0 0
 0 0 0
 0 0 0
 0 0 0
 0 0 0
 0 0 0
 0 0 0
 0 0 0
 0 0 0
 0 0 0
 0 0 0
 0 0 0
 0 0 0
 0 0 0
 0 0 0
 0 0 0
 0 0 0
 0 0 0
 0 0 0
 0 0 0
 0 0 0
 0 0 0
 0 0 0
 0 0 0
 0 0 0
 0 0 0
 0 0 0
 0 0 0
 0 0 0
 0 0 0
 0 0 0
 0 0 0
 0 0 0
 0 0 0
 0 0 0
 0 0 0
 0 0 0
 0 0 0
 0 0 0
 0 0 0
 0 0 0
 0 0 0
 0 0 0
 0 0 0
 0 0 0
 0 0 0
 0 0 0
 0 0 0
 0 0 0
 0 0 0
 0 0 0
 0 0 0
 0 0 0
 0 0 0
 0 0 0
 0 0 0
 0 0 0
 0 0 0
 0 0 0
 0 0 0
 0 0 0
 0 0 0
 0 0 0
 0 0 0
 0 0 0
 0 0 0
 0 0 0
 0 0 0
 0 0 0
 0 0 0
 0 0 0
 0 0 0
 0 0 0
 0 0 0
 0 0 0
 0 0 0
 0 0 0
 0 0 0
 0 0 0
 0 0 0
 0 0 0
 0 0 0
 0 0 0
 0 0 0
 0 0 0
 0 0 0
 0 0 0
 0 0 0
 0 0 0
 0 0 0
 0 0 0
 0 0 0
 0 0 0
 0 0 0
 0 0 0
 0 0 0
 0 0 0
 0 0 0
 0 0 0
 0 0 0
 0 0 0
 0 0 0
 0 0 0
 0 0 0
 0 0 0
 0 0 0
 0 0 0
 0 0 0
 0 0 0
 0 0 0
 0 0 0
 0 0 0
 0 0 0
 0 0 0
 0 0 0
 0 0 0
 0 0 0
 0 0 0
 0 0 0
 0 0 0
 0 0 0
 0 0 0
 0 0 0
 0 0 0
 0 0 0
 0 0 0
 0 0 0
 0 0 0
 0 0 0
 0 0 0
 0 0 0
 0 0 0
 0 0 0
 0 0 0
 0 0 0
 0 0 0
 0 0 0
 0 0 0
 0 0 0
 0 0 0
 0 0 0
 0 0 0
 0 0 0
 0 0 0
 0 0 0
 0 0 0
 0 0 0
 0 0 0
 0 0 0
 0 0 0
 0 0 0
 0 0 0
 0 0 0
 0 0 0
 0 0 0
 0 0 0
 0 0 0
 0 0 0
 0 0 0
 0 0 0
 0 0 0
 0 0 0
 0 0 0
 0 0 0
  0.000000000  0.000000000  0.000000000
  0.000000000  0.000000000  0.000000000
  0.000000000  0.000000000  0.000000000
  0.000000000  0.000000000  0.000000000
  0.000000000  0.000000000  0.000000000
  0.000000000  0.000000000  0.000000000
  0.000000000  0.000000000  0.000000000
  0.000000000  0.000000000  0.000000000
  0.000000000  0.000000000  0.000000000
  0.000000000  0.000000000  0.000000000
  0.000000000  0.000000000  0.000000000
  0.000000000  0.000000000  0.000000000
  0.000000000  0.000000000  0.000000000
  0.000000000  0.000000000  0.000000000
  0.000000000  0.000000000  0.000000000
  0.000000000  0.000000000  0.000000000
  0.000000000  0.000000000  0.000000000
  0.000000000  0.000000000  0.000000000
  0.000000000  0.000000000  0.000000000
  0.000000000  0.000000000  0.000000000
  0.000000000  0.000000000  0.000000000
  0.000000000  0.000000000  0.000000000
  0.000000000  0.000000000  0.000000000
  0.000000000  0.000000000  0.000000000
  0.000000000  0.000000000  0.000000000
  0.000000000  0.000000000  0.000000000
  0.000000000  0.000000000  0.000000000
  0.000000000  0.000000000  0.000000000
  0.000000000  0.000000000  0.000000000
  0.000000000  0.000000000  0.000000000
  0.000000000  0.000000000  0.000000000
  0.000000000  0.000000000  0.000000000
  0.000000000  0.000000000  0.000000000
  0.000000000  0.000000000  0.000000000
  0.000000000  0.000000000  0.000000000
  0.000000000  0.000000000  0.000000000
  0.000000000  0.000000000  0.000000000
  0.000000000  0.000000000  0.000000000
  0.000000000  0.000000000  0.000000000
  0.000000000  0.000000000  0.000000000
  0.000000000  0.000000000  0.000000000
  0.000000000  0.000000000  0.000000000
  0.000000000  0.000000000  0.000000000
  0.000000000  0.000000000  0.000000000
  0.000000000  0.000000000  0.000000000
  0.000000000  0.000000000  0.000000000
  0.000000000  0.000000000  0.000000000
  0.000000000  0.000000000  0.000000000
  0.000000000  0.000000000  0.000000000
  0.000000000  0.000000000  0.000000000
  0.000000000  0.000000000  0.000000000
  0.000000000  0.000000000  0.000000000
  0.000000000  0.000000000  0.000000000
  0.000000000  0.000000000  0.000000000
  0.000000000  0.000000000  0.000000000
  0.000000000  0.000000000  0.000000000
  0.000000000  0.000000000  0.000000000
  0.000000000  0.000000000  0.000000000
  0.000000000  0.000000000  0.000000000
  0.000000000  0.000000000  0.000000000
  0.000000000  0.000000000  0.000000000
  0.000000000  0.000000000  0.000000000
  0.000000000  0.000000000  0.000000000
  0.000000000  0.000000000  0.000000000
  0.000000000  0.000000000  0.000000000
  0.000000000  0.000000000  0.000000000
  0.000000000  0.000000000  0.000000000
  0.000000000  0.000000000  0.000000000
  0.000000000  0.000000000  0.000000000
  0.000000000  0.000000000  0.000000000
  0.000000000  0.000000000  0.000000000
  0.000000000  0.000000000  0.000000000
  0.000000000  0.000000000  0.000000000
  0.000000000  0.000000000  0.000000000
  0.000000000  0.000000000  0.000000000
  0.000000000  0.000000000  0.000000000
  0.000000000  0.000000000  0.000000000
  0.000000000  0.000000000  0.000000000
  0.000000000  0.000000000  0.000000000
  0.000000000  0.000000000  0.000000000
  0.000000000  0.000000000  0.000000000
  0.000000000  0.000000000  0.000000000
  0.000000000  0.000000000  0.000000000
  0.000000000  0.000000000  0.000000000
  0.000000000  0.000000000  0.000000000
  0.000000000  0.000000000  0.000000000
  0.000000000  0.000000000  0.000000000
  0.000000000  0.000000000  0.000000000
  0.000000000  0.000000000  0.000000000
  0.000000000  0.000000000  0.000000000
  0.000000000  0.000000000  0.000000000
  0.000000000  0.000000000  0.000000000
  0.000000000  0.000000000  0.000000000
  0.000000000  0.000000000  0.000000000
  0.000000000  0.000000000  0.000000000
  0.000000000  0.000000000  0.000000000
  0.000000000  0.000000000  0.000000000
  0.000000000  0.000000000  0.000000000
  0.000000000  0.000000000  0.000000000
  0.000000000  0.000000000  0.000000000
  0.000000000  0.000000000  0.000000000
  0.000000000  0.000000000  0.000000000
  0.000000000  0.000000000  0.000000000
  0.000000000  0.000000000  0.000000000
  0.000000000  0.000000000  0.000000000
  0.000000000  0.000000000  0.000000000
  0.000000000  0.000000000  0.000000000
  0.000000000  0.000000000  0.000000000
  0.000000000  0.000000000  0.000000000
  0.000000000  0.000000000  0.000000000
  0.000000000  0.000000000  0.000000000
  0.000000000  0.000000000  0.000000000
  0.000000000  0.000000000  0.000000000
  0.000000000  0.000000000  0.000000000
  0.000000000  0.000000000  0.000000000
  0.000000000  0.000000000  0.000000000
  0.000000000  0.000000000  0.000000000
  0.000000000  0.000000000  0.000000000
  0.000000000  0.000000000  0.000000000
  0.000000000  0.000000000  0.000000000
  0.000000000  0.000000000  0.000000000
  0.000000000  0.000000000  0.000000000
  0.000000000  0.000000000  0.000000000
  0.000000000  0.000000000  0.000000000
  0.000000000  0.000000000  0.000000000
  0.000000000  0.000000000  0.000000000
  0.000000000  0.000000000  0.000000000
  0.000000000  0.000000000  0.000000000
  0.000000000  0.000000000  0.000000000
  0.000000000  0.000000000  0.000000000
  0.000000000  0.000000000  0.000000000
  0.000000000  0.000000000  0.000000000
  0.000000000  0.000000000  0.000000000
  0.000000000  0.000000000  0.000000000
  0.000000000  0.000000000  0.000000000
  0.000000000  0.000000000  0.000000000
  0.000000000  0.000000000  0.000000000
  0.000000000  0.000000000  0.000000000
  0.000000000  0.000000000  0.000000000
  0.000000000  0.000000000  0.000000000
  0.000000000  0.000000000  0.000000000
  0.000000000  0.000000000  0.000000000
  0.000000000  0.000000000  0.000000000
  0.000000000  0.000000000  0.000000000
  0.000000000  0.000000000  0.000000000
  0.000000000  0.000000000  0.000000000
  0.000000000  0.000000000  0.000000000
  0.000000000  0.000000000  0.000000000
  0.000000000  0.000000000  0.000000000
  0.000000000  0.000000000  0.000000000
  0.000000000  0.000000000  0.000000000
  0.000000000  0.000000000  0.000000000
  0.000000000  0.000000000  0.000000000
  0.000000000  0.000000000  0.000000000
  0.000000000  0.000000000  0.000000000
  0.000000000  0.000000000  0.000000000
  0.000000000  0.000000000  0.000000000
  0.000000000  0.000000000  0.000000000
  0.000000000  0.000000000  0.000000000
  0.000000000  0.000000000  0.000000000
  0.000000000  0.000000000  0.000000000
  0.000000000  0.000000000  0.000000000
  0.000000000  0.000000000  0.000000000
  0.000000000  0.000000000  0.000000000
  0.000000000  0.000000000  0.000000000
  0.000000000  0.000000000  0.000000000
  0.000000000  0.000000000  0.000000000
  0.000000000  0.000000000  0.000000000
  0.000000000  0.000000000  0.000000000
  0.000000000  0.000000000  0.000000000
  0.000000000  0.000000000  0.000000000
  0.000000000  0.000000000  0.000000000
  0.000000000  0.000000000  0.000000000
  0.000000000  0.000000000  0.000000000
  0.000000000  0.000000000  0.000000000
  0.000000000  0.000000000  0.000000000
  0.000000000  0.000000000  0.000000000
  0.000000000  0.000000000  0.000000000
  0.000000000  0.000000000  0.000000000
  0.000000000  0.000000000  0.000000000
  0.000000000  0.000000000  0.000000000
  0.000000000  0.000000000  0.000000000
  0.000000000  0.000000000  0.000000000
  0.000000000  0.000000000  0.000000000
  0.000000000  0.000000000  0.000000000
  0.000000000  0.000000000  0.000000000
  0.000000000  0.000000000  0.000000000
  0.000000000  0.000000000  0.000000000
  0.000000000  0.000000000  0.000000000
  0.000000000  0.000000000  0.000000000
  0.000000000  0.000000000  0.000000000
  0.000000000  0.000000000  0.000000000
  0.000000000  0.000000000  0.000000000
  0.000000000  0.000000000  0.000000000
  0.000000000  0.000000000  0.000000000
  0.000000000  0.000000000  0.000000000
  0.000000000  0.000000000  0.000000000
  0.000000000  0.000000000  0.000000000
  0.000000000  0.000000000  0.000000000
  0.000000000  0.000000000  0.000000000
  0.000000000  0.000000000  0.000000000
  0.000000000  0.000000000  0.000000000
  0.000000000  0.000000000  0.000000000
  0.000000000  0.000000000  0.000000000
  0.000000000  0.000000000  0.000000000
  0.000000000  0.000000000  0.000000000
  0.000000000  0.000000000  0.000000000
  0.000000000  0.000000000  0.000000000
  0.000000000  0.000000000  0.000000000
  0.000000000  0.000000000  0.000000000
  0.000000000  0.000000000  0.000000000
  0.000000000  0.000000000  0.000000000
  0.000000000  0.000000000  0.000000000
  0.000000000  0.000000000  0.000000000
  0.000000000  0.000000000  0.000000000
  0.000000000  0.000000000  0.000000000
  0.000000000  0.000000000  0.000000000
  0.000000000  0.000000000  0.000000000
  0.000000000  0.000000000  0.000000000
  0.000000000  0.000000000  0.000000000
  0.000000000  0.000000000  0.000000000
  0.000000000  0.000000000  0.000000000
  0.000000000  0.000000000  0.000000000
  0.000000000  0.000000000  0.000000000
  0.000000000  0.000000000  0.000000000
  0.000000000  0.000000000  0.000000000
  0.000000000  0.000000000  0.000000000
  0.000000000  0.000000000  0.000000000
  0.000000000  0.000000000  0.000000000
  0.000000000  0.000000000  0.000000000
  0.000000000  0.000000000  0.000000000
  0.000000000  0.000000000  0.000000000
  0.000000000  0.000000000  0.000000000
  0.000000000  0.000000000  0.000000000
  0.000000000  0.000000000  0.000000000
  0.000000000  0.000000000  0.000000000
  0.000000000  0.000000000  0.000000000
  0.000000000  0.000000000  0.000000000
  0.000000000  0.000000000  0.000000000
  0.000000000  0.000000000  0.000000000
  0.000000000  0.000000000  0.000000000
  0.000000000  0.000000000  0.000000000
  0.000000000  0.000000000  0.000000000
  0.000000000  0.000000000  0.000000000
  0.000000000  0.000000000  0.000000000
  0.000000000  0.000000000  0.000000000
  0.000000000  0.000000000  0.000000000
  0.000000000  0.000000000  0.000000000
  0.000000000  0.000000000  0.000000000
  0.000000000  0.000000000  0.000000000
  0.000000000  0.000000000  0.000000000
  0.000000000  0.000000000  0.000000000
  0.000000000  0.000000000  0.000000000
  0.000000000  0.000000000  0.000000000
  0.000000000  0.000000000  0.000000000
  0.000000000  0.000000000  0.000000000
  0.000000000  0.000000000  0.000000000
  0.000000000  0.000000000  0.000000000
  0.000000000  0.000000000  0.000000000
  0.000000000  0.000000000  0.000000000
  0.000000000  0.000000000  0.000000000
  0.000000000  0.000000000  0.000000000
  0.000000000  0.000000000  0.000000000
  0.000000000  0.000000000  0.000000000
  0.000000000  0.000000000  0.000000000
  0.000000000  0.000000000  0.000000000
  0.000000000  0.000000000  0.000000000
  0.000000000  0.000000000  0.000000000
  0.000000000  0.000000000  0.000000000
  0.000000000  0.000000000  0.000000000
  0.000000000  0.000000000  0.000000000
  0.000000000  0.000000000  0.000000000
  0.000000000  0.000000000  0.000000000
  0.000000000  0.000000000  0.000000000
  0.000000000  0.000000000  0.000000000
  0.000000000  0.000000000  0.000000000
  0.000000000  0.000000000  0.000000000
  0.000000000  0.000000000  0.000000000
  0.000000000  0.000000000  0.000000000
  0.000000000  0.000000000  0.000000000
  0.000000000  0.000000000  0.000000000
  0.000000000  0.000000000  0.000000000
  0.000000000  0.000000000  0.000000000
  0.000000000  0.000000000  0.000000000
  0.000000000  0.000000000  0.000000000
  0.000000000  0.000000000  0.000000000
  0.000000000  0.000000000  0.000000000
  0.000000000  0.000000000  0.000000000
  0.000000000  0.000000000  0.000000000
  0.000000000  0.000000000  0.000000000
  0.000000000  0.000000000  0.000000000
  0.000000000  0.000000000  0.000000000
  0.000000000  0.000000000  0.000000000
  0.000000000  0.000000000  0.000000000
  0.000000000  0.000000000  0.000000000
  0.000000000  0.000000000  0.000000000
  0.000000000  0.000000000  0.000000000
  0.000000000  0.000000000  0.000000000
  0.000000000  0.000000000  0.000000000
  0.000000000  0.000000000  0.000000000
  0.000000000  0.000000000  0.000000000
  0.000000000  0.000000000  0.000000000
  0.000000000  0.000000000  0.000000000
  0.000000000  0.000000000  0.000000000
  0.000000000  0.000000000  0.000000000
  0.000000000  0.000000000  0.000000000
  0.000000000  0.000000000  0.000000000
  0.000000000  0.000000000  0.000000000
  0.000000000  0.000000000  0.000000000
  0.000000000  0.000000000  0.000000000
  0.000000000  0.000000000  0.000000000
  0.000000000  0.000000000  0.000000000
  0.000000000  0.000000000  0.000000000
  0.000000000  0.000000000  0.000000000
  0.000000000  0.000000000  0.000000000
  0.000000000  0.000000000  0.000000000
  0.000000000  0.000000000  0.000000000
  0.000000000  0.000000000  0.000000000
  0.000000000  0.000000000  0.000000000
  0.000000000  0.000000000  0.000000000
  0.000000000  0.000000000  0.000000000
  0.000000000  0.000000000  0.000000000
  0.000000000  0.000000000  0.000000000
  0.000000000  0.000000000  0.000000000
  0.000000000  0.000000000  0.000000000
  0.000000000  0.000000000  0.000000000
  0.000000000  0.000000000  0.000000000
  0.000000000  0.000000000  0.000000000
  0.000000000  0.000000000  0.000000000
  0.000000000  0.000000000  0.000000000
  0.000000000  0.000000000  0.000000000
  0.000000000  0.000000000  0.000000000
  0.000000000  0.000000000  0.000000000
  0.000000000  0.000000000  0.000000000
  0.000000000  0.000000000  0.000000000
  0.000000000  0.000000000  0.000000000
  0.000000000  0.000000000  0.000000000
  0.000000000  0.000000000  0.000000000
  0.000000000  0.000000000  0.000000000
  0.000000000  0.000000000  0.000000000
  0.000000000  0.000000000  0.000000000
  0.000000000  0.000000000  0.000000000
  0.000000000  0.000000000  0.000000000
  0.000000000  0.000000000  0.000000000
  0.000000000  0.000000000  0.000000000
  0.000000000  0.000000000  0.000000000
  0.000000000  0.000000000  0.000000000
  0.000000000  0.000000000  0.000000000
  0.000000000  0.000000000  0.000000000
  0.000000000  0.000000000  0.000000000
  0.000000000  0.000000000  0.000000000
  0.000000000  0.000000000  0.000000000
  0.000000000  0.000000000  0.000000000
  0.000000000  0.000000000  0.000000000
  0.000000000  0.000000000  0.000000000
  0.000000000  0.000000000  0.000000000
  0.000000000  0.000000000  0.000000000
  0.000000000  0.000000000  0.000000000
  0.000000000  0.000000000  0.000000000
  0.000000000  0.000000000  0.000000000
  0.000000000  0.000000000  0.000000000
  0.000000000  0.000000000  0.000000000
  0.000000000  0.000000000  0.000000000
  0.000000000  0.000000000  0.000000000
  0.000000000  0.000000000  0.000000000
  0.000000000  0.000000000  0.000000000
  0.000000000  0.000000000  0.000000000
  0.000000000  0.000000000  0.000000000
  0.000000000  0.000000000  0.000000000
  0.000000000  0.000000000  0.000000000
  0.000000000  0.000000000  0.000000000
  0.000000000  0.000000000  0.000000000
  0.000000000  0.000000000  0.000000000
  0.000000000  0.000000000  0.000000000
  0.000000000  0.000000000  0.000000000
  0.000000000  0.000000000  0.000000000
  0.000000000  0.000000000  0.000000000
  0.000000000  0.000000000  0.000000000
  0.000000000  0.000000000  0.000000000
  0.000000000  0.000000000  0.000000000
  0.000000000  0.000000000  0.000000000
  0.000000000  0.000000000  0.000000000
  0.000000000  0.000000000  0.000000000
  0.000000000  0.000000000  0.000000000
  0.000000000  0.000000000  0.000000000
  0.000000000  0.000000000  0.000000000
  0.000000000  0.000000000  0.000000000
  0.000000000  0.000000000  0.000000000
  0.000000000  0.000000000  0.000000000
  0.000000000  0.000000000  0.000000000
  0.000000000  0.000000000  0.000000000
  0.000000000  0.000000000  0.000000000
  0.000000000  0.000000000  0.000000000
  0.000000000  0.000000000  0.000000000
  0.000000000  0.000000000  0.000000000
  0.000000000  0.000000000  0.000000000
  0.000000000  0.000000000  0.000000000
  0.000000000  0.000000000  0.000000000
  0.000000000  0.000000000  0.000000000
  0.000000000  0.000000000  0.000000000
  0.000000000  0.000000000  0.000000000
  0.000000000  0.000000000  0.000000000
  0.000000000  0.000000000  0.000000000
  0.000000000  0.000000000  0.000000000
  0.000000000  0.000000000  0.000000000
  0.000000000  0.000000000  0.000000000
  0.000000000  0.000000000  0.000000000
  0.000000000  0.000000000  0.000000000
  0.000000000  0.000000000  0.000000000
  0.000000000  0.000000000  0.000000000
  0.000000000  0.000000000  0.000000000
  0.000000000  0.000000000  0.000000000
  0.000000000  0.000000000  0.000000000
  0.000000000  0.000000000  0.000000000
  0.000000000  0.000000000  0.000000000
  0.000000000  0.000000000  0.000000000
  0.000000000  0.000000000  0.000000000
  0.000000000  0.000000000  0.000000000
  0.000000000  0.000000000  0.000000000
  0.000000000  0.000000000  0.000000000
  0.000000000  0.000000000  0.000000000
  0.000000000  0.000000000  0.000000000
  0.000000000  0.000000000  0.000000000
  0.000000000  0.000000000  0.000000000
  0.000000000  0.000000000  0.000000000
  0.000000000  0.000000000  0.000000000
  0.000000000  0.000000000  0.000000000
  0.000000000  0.000000000  0.000000000
  0.000000000  0.000000000  0.000000000
  0.000000000  0.000000000  0.000000000
  0.000000000  0.000000000  0.000000000
  0.000000000  0.000000000  0.000000000
  0.000000000  0.000000000  0.000000000
  0.000000000  0.000000000  0.000000000
   1.06000000000000     
   1.06000000000000     
   1.06000000000000     
   1.06000000000000     
   1.06000000000000     
   1.06000000000000     
   1.06000000000000     
   1.06000000000000     
   1.06000000000000     
   1.06000000000000     
   1.06000000000000     
   1.06000000000000     
   1.06000000000000     
   1.06000000000000     
   1.06000000000000     
   1.06000000000000     
   1.06000000000000     
   1.06000000000000     
   1.06000000000000     
   1.06000000000000     
   1.06000000000000     
   1.06000000000000     
   1.06000000000000     
   1.06000000000000     
   1.06000000000000     
   1.06000000000000     
   1.06000000000000     
   1.06000000000000     
   1.06000000000000     
   1.06000000000000     
   1.06000000000000     
   1.06000000000000     
   1.06000000000000     
   1.06000000000000     
   1.06000000000000     
   1.06000000000000     
   1.06000000000000     
   1.06000000000000     
   1.06000000000000     
   1.06000000000000     
   1.06000000000000     
   1.06000000000000     
   1.06000000000000     
   1.06000000000000     
   1.06000000000000     
   1.06000000000000     
   1.06000000000000     
   1.06000000000000     
   1.06000000000000     
   1.06000000000000     
   1.06000000000000     
   1.06000000000000     
   1.06000000000000     
   1.06000000000000     
   1.06000000000000     
   1.06000000000000     
   1.06000000000000     
   1.06000000000000     
   1.06000000000000     
   1.06000000000000     
   1.06000000000000     
   1.06000000000000     
   1.06000000000000     
   1.06000000000000     
   1.06000000000000     
   1.06000000000000     
   1.06000000000000     
   1.06000000000000     
   1.06000000000000     
   1.06000000000000     
   1.06000000000000     
   1.06000000000000     
   1.06000000000000     
   1.06000000000000     
   1.06000000000000     
   1.06000000000000     
   1.06000000000000     
   1.06000000000000     
   1.06000000000000     
   1.06000000000000     
   1.06000000000000     
   1.06000000000000     
   1.06000000000000     
   1.06000000000000     
   1.06000000000000     
   1.06000000000000     
   1.06000000000000     
   1.06000000000000     
   1.06000000000000     
   1.06000000000000     
   1.06000000000000     
   1.06000000000000     
   1.06000000000000     
   1.06000000000000     
   1.06000000000000     
   1.06000000000000     
   1.06000000000000     
   1.06000000000000     
   1.06000000000000     
   1.06000000000000     
   1.06000000000000     
   1.06000000000000     
   1.06000000000000     
   1.06000000000000     
   1.06000000000000     
   1.06000000000000     
   1.06000000000000     
   1.06000000000000     
   1.06000000000000     
   1.06000000000000     
   1.06000000000000     
   1.06000000000000     
   1.06000000000000     
   1.06000000000000     
   1.06000000000000     
   1.06000000000000     
   1.06000000000000     
   1.06000000000000     
   1.06000000000000     
   1.06000000000000     
   1.06000000000000     
   1.06000000000000     
   1.06000000000000     
   1.06000000000000     
   1.06000000000000     
   1.06000000000000     
   1.06000000000000     
   1.06000000000000     
   1.06000000000000     
   1.06000000000000     
   1.06000000000000     
   1.06000000000000     
   1.06000000000000     
   1.06000000000000     
   1.06000000000000     
   1.06000000000000     
   1.06000000000000     
   1.06000000000000     
   1.06000000000000     
   1.06000000000000     
  3.000000000000000E-002
  3.000000000000000E-002
  3.000000000000000E-002
  3.000000000000000E-002
  3.000000000000000E-002
  3.000000000000000E-002
  3.000000000000000E-002
  3.000000000000000E-002
  3.000000000000000E-002
  3.000000000000000E-002
  3.000000000000000E-002
  3.000000000000000E-002
  3.000000000000000E-002
  3.000000000000000E-002
  3.000000000000000E-002
  3.000000000000000E-002
  3.000000000000000E-002
  3.000000000000000E-002
  3.000000000000000E-002
  3.000000000000000E-002
  3.000000000000000E-002
  3.000000000000000E-002
  3.000000000000000E-002
  3.000000000000000E-002
  3.000000000000000E-002
  3.000000000000000E-002
  3.000000000000000E-002
  3.000000000000000E-002
  3.000000000000000E-002
  3.000000000000000E-002
  3.000000000000000E-002
  3.000000000000000E-002
  3.000000000000000E-002
  3.000000000000000E-002
  3.000000000000000E-002
  3.000000000000000E-002
  3.000000000000000E-002
  3.000000000000000E-002
  3.000000000000000E-002
  3.000000000000000E-002
  3.000000000000000E-002
  3.000000000000000E-002
  3.000000000000000E-002
  3.000000000000000E-002
  3.000000000000000E-002
  3.000000000000000E-002
  3.000000000000000E-002
  3.000000000000000E-002
  3.000000000000000E-002
  3.000000000000000E-002
  3.000000000000000E-002
  3.000000000000000E-002
  3.000000000000000E-002
  3.000000000000000E-002
  3.000000000000000E-002
  3.000000000000000E-002
  3.000000000000000E-002
  3.000000000000000E-002
  3.000000000000000E-002
  3.000000000000000E-002
  3.000000000000000E-002
  3.000000000000000E-002
  3.000000000000000E-002
  3.000000000000000E-002
  3.000000000000000E-002
  3.000000000000000E-002
  3.000000000000000E-002
  3.000000000000000E-002
  3.000000000000000E-002
  3.000000000000000E-002
  3.000000000000000E-002
  3.000000000000000E-002
  3.000000000000000E-002
  3.000000000000000E-002
  3.000000000000000E-002
  3.000000000000000E-002
  3.000000000000000E-002
  3.000000000000000E-002
  3.000000000000000E-002
  3.000000000000000E-002
  3.000000000000000E-002
  3.000000000000000E-002
  3.000000000000000E-002
  3.000000000000000E-002
  3.000000000000000E-002
  3.000000000000000E-002
  3.000000000000000E-002
  3.000000000000000E-002
  3.000000000000000E-002
  3.000000000000000E-002
  3.000000000000000E-002
  3.000000000000000E-002
  3.000000000000000E-002
  3.000000000000000E-002
  3.000000000000000E-002
  3.000000000000000E-002
  3.000000000000000E-002
  3.000000000000000E-002
  3.000000000000000E-002
  3.000000000000000E-002
  3.000000000000000E-002
  3.000000000000000E-002
  3.000000000000000E-002
  3.000000000000000E-002
  3.000000000000000E-002
  3.000000000000000E-002
  3.000000000000000E-002
  3.000000000000000E-002
  3.000000000000000E-002
  3.000000000000000E-002
  3.000000000000000E-002
  3.000000000000000E-002
  3.000000000000000E-002
  3.000000000000000E-002
  3.000000000000000E-002
  3.000000000000000E-002
  3.000000000000000E-002
  3.000000000000000E-002
  3.000000000000000E-002
  3.000000000000000E-002
  3.000000000000000E-002
  3.000000000000000E-002
  3.000000000000000E-002
  3.000000000000000E-002
  3.000000000000000E-002
  3.000000000000000E-002
  3.000000000000000E-002
  3.000000000000000E-002
  3.000000000000000E-002
  3.000000000000000E-002
  3.000000000000000E-002
  3.000000000000000E-002
  3.000000000000000E-002
  3.000000000000000E-002
  3.000000000000000E-002
  3.000000000000000E-002
  3.000000000000000E-002
  3.000000000000000E-002
  3.000000000000000E-002
  3.000000000000000E-002
