           3
 2 1 2
   9   2  26
  0.000000000  0.000000000  0.000000000  0.250000000  0.250000000  0.500000000  0.500000000  0.750000000  0.750000000  1.000000000  1.000000000  1.000000000
  0.000000000  0.000000000  1.000000000  1.000000000
  0.349682875  0.349682875  0.349682875  0.350140944  0.350599013  0.351057083  0.351515152  0.351973221  0.352431290  0.352889359  0.353347428  0.353805497  0.354263566  0.354721635  0.355179704  0.355637773  0.356095842  0.356553911  0.357011981  0.357470050  0.357928119  0.358386188  0.358844257  0.359302326  0.359760395  0.360218464  0.360676533  0.360676533  0.360676533
 -0.175433298910E+02 -0.195016667180E+02  0.414695744120E+02  0.100000000000E+01
 -0.175433298910E+02 -0.195016667180E+02  0.414695744120E+02  0.707106707895E+00
 -0.175433298910E+02 -0.195016667180E+02  0.414695744120E+02  0.100000000000E+01
 -0.175433298910E+02 -0.195016667180E+02  0.414695744120E+02  0.707107282235E+00
 -0.175433298910E+02 -0.195016667180E+02  0.414695744120E+02  0.100000000000E+01
 -0.175433298910E+02 -0.195016667180E+02  0.414695744120E+02  0.707106894536E+00
 -0.175433298910E+02 -0.195016667180E+02  0.414695744120E+02  0.100000000000E+01
 -0.175433298910E+02 -0.195016667180E+02  0.414695744120E+02  0.707106633396E+00
 -0.175433298910E+02 -0.195016667180E+02  0.414695744120E+02  0.100000000000E+01
 -0.181838113730E+02 -0.198180496620E+02  0.417550901700E+02  0.100000000000E+01
 -0.177409553870E+02 -0.201121793430E+02  0.416754955760E+02  0.707106707895E+00
 -0.172286493440E+02 -0.201074776230E+02  0.415041739610E+02  0.100000000000E+01
 -0.167332131700E+02 -0.198465788160E+02  0.412796032580E+02  0.707107282235E+00
 -0.168964636160E+02 -0.191821309150E+02  0.411812120810E+02  0.100000000000E+01
 -0.170797387360E+02 -0.185265092980E+02  0.399327291570E+02  0.707106894536E+00
 -0.183577106390E+02 -0.189922165250E+02  0.402072449730E+02  0.100000000000E+01
 -0.194460721150E+02 -0.196848765590E+02  0.409688030830E+02  0.707106633396E+00
 -0.181838113730E+02 -0.198180496620E+02  0.417550901700E+02  0.100000000000E+01
 -0.174689957830E+02 -0.197571808390E+02  0.413264883040E+02  0.100000000000E+01
 -0.174689957830E+02 -0.197571808390E+02  0.413264883040E+02  0.707107166525E+00
 -0.174689957830E+02 -0.197571808390E+02  0.413264883040E+02  0.100000000000E+01
 -0.174689957830E+02 -0.197571808390E+02  0.413264883040E+02  0.707106566106E+00
 -0.174689957830E+02 -0.197571808390E+02  0.413264883040E+02  0.100000000000E+01
 -0.174689957830E+02 -0.197571808390E+02  0.413264883040E+02  0.707106653209E+00
 -0.174689957830E+02 -0.197571808390E+02  0.413264883040E+02  0.100000000000E+01
 -0.174689957830E+02 -0.197571808390E+02  0.413264883040E+02  0.707106774425E+00
 -0.174689957830E+02 -0.197571808390E+02  0.413264883040E+02  0.100000000000E+01
 -0.180421669330E+02 -0.200646925040E+02  0.415594777790E+02  0.100000000000E+01
 -0.176407924930E+02 -0.202289506650E+02  0.414842000350E+02  0.707107166525E+00
 -0.172279001620E+02 -0.201833720080E+02  0.413570934110E+02  0.100000000000E+01
 -0.167365985500E+02 -0.199941727830E+02  0.411746043510E+02  0.707106566106E+00
 -0.168557259170E+02 -0.194281562360E+02  0.410771992020E+02  0.100000000000E+01
 -0.169732962320E+02 -0.186804888000E+02  0.398475373240E+02  0.707106653209E+00
 -0.182852369240E+02 -0.191874024290E+02  0.400704985770E+02  0.100000000000E+01
 -0.193697182830E+02 -0.199645546170E+02  0.408190850470E+02  0.707106774425E+00
 -0.180421669330E+02 -0.200646925040E+02  0.415594777790E+02  0.100000000000E+01
 -0.173939060970E+02 -0.200057676800E+02  0.411720441530E+02  0.100000000000E+01
 -0.173939060970E+02 -0.200057676800E+02  0.411720441530E+02  0.707106271651E+00
 -0.173939060970E+02 -0.200057676800E+02  0.411720441530E+02  0.100000000000E+01
 -0.173939060970E+02 -0.200057676800E+02  0.411720441530E+02  0.707107551583E+00
 -0.173939060970E+02 -0.200057676800E+02  0.411720441530E+02  0.100000000000E+01
 -0.173939060970E+02 -0.200057676800E+02  0.411720441530E+02  0.707107218948E+00
 -0.173939060970E+02 -0.200057676800E+02  0.411720441530E+02  0.100000000000E+01
 -0.173939060970E+02 -0.200057676800E+02  0.411720441530E+02  0.707107045584E+00
 -0.173939060970E+02 -0.200057676800E+02  0.411720441530E+02  0.100000000000E+01
 -0.178952255090E+02 -0.202827609140E+02  0.413600774180E+02  0.100000000000E+01
 -0.175510337060E+02 -0.204282407890E+02  0.413107123140E+02  0.707106271651E+00
 -0.172050598600E+02 -0.203270084830E+02  0.412023070470E+02  0.100000000000E+01
 -0.167458455300E+02 -0.201787724910E+02  0.410551248720E+02  0.707107551583E+00
 -0.167925897650E+02 -0.196735241400E+02  0.409465020780E+02  0.100000000000E+01
 -0.168464787460E+02 -0.188498314940E+02  0.397427809400E+02  0.707107218948E+00
 -0.182192567150E+02 -0.193673230610E+02  0.399120611960E+02  0.100000000000E+01
 -0.193440206900E+02 -0.202441487640E+02  0.407001442460E+02  0.707107045584E+00
 -0.178952255090E+02 -0.202827609140E+02  0.413600774180E+02  0.100000000000E+01
 -0.173184169130E+02 -0.202470556160E+02  0.410066092530E+02  0.100000000000E+01
 -0.173184169130E+02 -0.202470556160E+02  0.410066092530E+02  0.707106636831E+00
 -0.173184169130E+02 -0.202470556160E+02  0.410066092530E+02  0.100000000000E+01
 -0.173184169130E+02 -0.202470556160E+02  0.410066092530E+02  0.707106792076E+00
 -0.173184169130E+02 -0.202470556160E+02  0.410066092530E+02  0.100000000000E+01
 -0.173184169130E+02 -0.202470556160E+02  0.410066092530E+02  0.707106216193E+00
 -0.173184169130E+02 -0.202470556160E+02  0.410066092530E+02  0.100000000000E+01
 -0.173184169130E+02 -0.202470556160E+02  0.410066092530E+02  0.707106088942E+00
 -0.173184169130E+02 -0.202470556160E+02  0.410066092530E+02  0.100000000000E+01
 -0.178207519790E+02 -0.205310800600E+02  0.411793731450E+02  0.100000000000E+01
 -0.174723513980E+02 -0.207161869490E+02  0.411524523280E+02  0.707106636831E+00
 -0.171219165540E+02 -0.205713122760E+02  0.410448817730E+02  0.100000000000E+01
 -0.167363162330E+02 -0.203682515240E+02  0.409159043670E+02  0.707106792076E+00
 -0.167361909700E+02 -0.199178594550E+02  0.408063728700E+02  0.100000000000E+01
 -0.167077274360E+02 -0.190005227970E+02  0.396155306520E+02  0.707106216193E+00
 -0.181517854840E+02 -0.195388847380E+02  0.397476981430E+02  0.100000000000E+01
 -0.192495073220E+02 -0.204608182500E+02  0.405200323680E+02  0.707106088942E+00
 -0.178207519790E+02 -0.205310800600E+02  0.411793731450E+02  0.100000000000E+01
 -0.172429067650E+02 -0.204807453630E+02  0.408306121120E+02  0.100000000000E+01
 -0.172429067650E+02 -0.204807453630E+02  0.408306121120E+02  0.707106686295E+00
 -0.172429067650E+02 -0.204807453630E+02  0.408306121120E+02  0.100000000000E+01
 -0.172429067650E+02 -0.204807453630E+02  0.408306121120E+02  0.707106948488E+00
 -0.172429067650E+02 -0.204807453630E+02  0.408306121120E+02  0.100000000000E+01
 -0.172429067650E+02 -0.204807453630E+02  0.408306121120E+02  0.707106699370E+00
 -0.172429067650E+02 -0.204807453630E+02  0.408306121120E+02  0.100000000000E+01
 -0.172429067650E+02 -0.204807453630E+02  0.408306121120E+02  0.707106733115E+00
 -0.172429067650E+02 -0.204807453630E+02  0.408306121120E+02  0.100000000000E+01
 -0.178145852460E+02 -0.208094658330E+02  0.410097440730E+02  0.100000000000E+01
 -0.174203964430E+02 -0.210169668620E+02  0.409942323920E+02  0.707106686295E+00
 -0.170285313950E+02 -0.208265788670E+02  0.408801351490E+02  0.100000000000E+01
 -0.166550397820E+02 -0.205994086890E+02  0.407600169700E+02  0.707106948488E+00
 -0.166612264590E+02 -0.201462738810E+02  0.406483464050E+02  0.100000000000E+01
 -0.166091828390E+02 -0.191591153360E+02  0.394815465390E+02  0.707106699370E+00
 -0.180773492960E+02 -0.197076685050E+02  0.395862400530E+02  0.100000000000E+01
 -0.191571194110E+02 -0.206285841520E+02  0.402851933810E+02  0.707106733115E+00
 -0.178145852460E+02 -0.208094658330E+02  0.410097440730E+02  0.100000000000E+01
 -0.171677751140E+02 -0.207066144450E+02  0.406445297640E+02  0.100000000000E+01
 -0.171677751140E+02 -0.207066144450E+02  0.406445297640E+02  0.707106040320E+00
 -0.171677751140E+02 -0.207066144450E+02  0.406445297640E+02  0.100000000000E+01
 -0.171677751140E+02 -0.207066144450E+02  0.406445297640E+02  0.707107466075E+00
 -0.171677751140E+02 -0.207066144450E+02  0.406445297640E+02  0.100000000000E+01
 -0.171677751140E+02 -0.207066144450E+02  0.406445297640E+02  0.707106378386E+00
 -0.171677751140E+02 -0.207066144450E+02  0.406445297640E+02  0.100000000000E+01
 -0.171677751140E+02 -0.207066144450E+02  0.406445297640E+02  0.707106103044E+00
 -0.171677751140E+02 -0.207066144450E+02  0.406445297640E+02  0.100000000000E+01
 -0.177754916400E+02 -0.210598433160E+02  0.408169444550E+02  0.100000000000E+01
 -0.173520439720E+02 -0.212617437710E+02  0.408110228150E+02  0.707106040320E+00
 -0.169511685740E+02 -0.210507794850E+02  0.407029106500E+02  0.100000000000E+01
 -0.165902281320E+02 -0.208143265590E+02  0.405937133070E+02  0.707107466075E+00
 -0.166039893380E+02 -0.203789191720E+02  0.404845819490E+02  0.100000000000E+01
 -0.165510289020E+02 -0.193606492460E+02  0.393773983130E+02  0.707106378386E+00
 -0.179899389510E+02 -0.198816103020E+02  0.394368043850E+02  0.100000000000E+01
 -0.191007745240E+02 -0.207997789440E+02  0.400533467540E+02  0.707106103044E+00
 -0.177754916400E+02 -0.210598433160E+02  0.408169444550E+02  0.100000000000E+01
 -0.170934422200E+02 -0.209245190540E+02  0.404488742840E+02  0.100000000000E+01
 -0.170934422200E+02 -0.209245190540E+02  0.404488742840E+02  0.707107025455E+00
 -0.170934422200E+02 -0.209245190540E+02  0.404488742840E+02  0.100000000000E+01
 -0.170934422200E+02 -0.209245190540E+02  0.404488742840E+02  0.707106027184E+00
 -0.170934422200E+02 -0.209245190540E+02  0.404488742840E+02  0.100000000000E+01
 -0.170934422200E+02 -0.209245190540E+02  0.404488742840E+02  0.707106495090E+00
 -0.170934422200E+02 -0.209245190540E+02  0.404488742840E+02  0.100000000000E+01
 -0.170934422200E+02 -0.209245190540E+02  0.404488742840E+02  0.707106811202E+00
 -0.170934422200E+02 -0.209245190540E+02  0.404488742840E+02  0.100000000000E+01
 -0.177421181430E+02 -0.213033887930E+02  0.406145240570E+02  0.100000000000E+01
 -0.172897348020E+02 -0.215469374930E+02  0.406320747270E+02  0.707107025455E+00
 -0.168647784050E+02 -0.212849500050E+02  0.405199432670E+02  0.100000000000E+01
 -0.165313568300E+02 -0.210214763650E+02  0.404167862070E+02  0.707106027184E+00
 -0.165269586110E+02 -0.205936535500E+02  0.403042154690E+02  0.100000000000E+01
 -0.165350559990E+02 -0.195995820430E+02  0.392866005850E+02  0.707106495090E+00
 -0.178954882270E+02 -0.200577494520E+02  0.392905566510E+02  0.100000000000E+01
 -0.190453627580E+02 -0.209763417510E+02  0.398363455220E+02  0.707106811202E+00
 -0.177421181430E+02 -0.213033887930E+02  0.406145240570E+02  0.100000000000E+01
 -0.170203510400E+02 -0.211343935470E+02  0.402441794700E+02  0.100000000000E+01
 -0.170203510400E+02 -0.211343935470E+02  0.402441794700E+02  0.707106895588E+00
 -0.170203510400E+02 -0.211343935470E+02  0.402441794700E+02  0.100000000000E+01
 -0.170203510400E+02 -0.211343935470E+02  0.402441794700E+02  0.707106478534E+00
 -0.170203510400E+02 -0.211343935470E+02  0.402441794700E+02  0.100000000000E+01
 -0.170203510400E+02 -0.211343935470E+02  0.402441794700E+02  0.707107063127E+00
 -0.170203510400E+02 -0.211343935470E+02  0.402441794700E+02  0.100000000000E+01
 -0.170203510400E+02 -0.211343935470E+02  0.402441794700E+02  0.707107036595E+00
 -0.170203510400E+02 -0.211343935470E+02  0.402441794700E+02  0.100000000000E+01
 -0.177485248820E+02 -0.215592859170E+02  0.404106983090E+02  0.100000000000E+01
 -0.172389276790E+02 -0.218807852720E+02  0.404616478290E+02  0.707106895588E+00
 -0.167785839030E+02 -0.215150601410E+02  0.403300934810E+02  0.100000000000E+01
 -0.164405619380E+02 -0.212431486180E+02  0.402325845490E+02  0.707106478534E+00
 -0.164689415280E+02 -0.208126437660E+02  0.401180817430E+02  0.100000000000E+01
 -0.164863059180E+02 -0.198389333780E+02  0.391922157870E+02  0.707107063127E+00
 -0.177844757160E+02 -0.202493377100E+02  0.391610519360E+02  0.100000000000E+01
 -0.189528464780E+02 -0.211222464800E+02  0.396089027450E+02  0.707107036595E+00
 -0.177485248820E+02 -0.215592859170E+02  0.404106983090E+02  0.100000000000E+01
 -0.169487868560E+02 -0.213363576550E+02  0.400311513590E+02  0.100000000000E+01
 -0.169487868560E+02 -0.213363576550E+02  0.400311513590E+02  0.707106710474E+00
 -0.169487868560E+02 -0.213363576550E+02  0.400311513590E+02  0.100000000000E+01
 -0.169487868560E+02 -0.213363576550E+02  0.400311513590E+02  0.707106062995E+00
 -0.169487868560E+02 -0.213363576550E+02  0.400311513590E+02  0.100000000000E+01
 -0.169487868560E+02 -0.213363576550E+02  0.400311513590E+02  0.707107222209E+00
 -0.169487868560E+02 -0.213363576550E+02  0.400311513590E+02  0.100000000000E+01
 -0.169487868560E+02 -0.213363576550E+02  0.400311513590E+02  0.707107157151E+00
 -0.169487868560E+02 -0.213363576550E+02  0.400311513590E+02  0.100000000000E+01
 -0.177823033200E+02 -0.218204298480E+02  0.402004144170E+02  0.100000000000E+01
 -0.171969886960E+02 -0.222133705230E+02  0.402900157620E+02  0.707106710474E+00
 -0.166762756760E+02 -0.217664245740E+02  0.401431605400E+02  0.100000000000E+01
 -0.163856965000E+02 -0.214423190290E+02  0.400399637190E+02  0.707106062995E+00
 -0.163817732150E+02 -0.210070578260E+02  0.399160063470E+02  0.100000000000E+01
 -0.164723925590E+02 -0.200861507740E+02  0.390745566170E+02  0.707107222209E+00
 -0.176673746790E+02 -0.204504828730E+02  0.390260540110E+02  0.100000000000E+01
 -0.188190369230E+02 -0.212653084710E+02  0.393888631470E+02  0.707107157151E+00
 -0.177823033200E+02 -0.218204298480E+02  0.402004144170E+02  0.100000000000E+01
 -0.168762615360E+02 -0.215325126880E+02  0.398130638840E+02  0.100000000000E+01
 -0.168762615360E+02 -0.215325126880E+02  0.398130638840E+02  0.707106605538E+00
 -0.168762615360E+02 -0.215325126880E+02  0.398130638840E+02  0.100000000000E+01
 -0.168762615360E+02 -0.215325126880E+02  0.398130638840E+02  0.707107414088E+00
 -0.168762615360E+02 -0.215325126880E+02  0.398130638840E+02  0.100000000000E+01
 -0.168762615360E+02 -0.215325126880E+02  0.398130638840E+02  0.707106489454E+00
 -0.168762615360E+02 -0.215325126880E+02  0.398130638840E+02  0.100000000000E+01
 -0.168762615360E+02 -0.215325126880E+02  0.398130638840E+02  0.707106453133E+00
 -0.168762615360E+02 -0.215325126880E+02  0.398130638840E+02  0.100000000000E+01
 -0.178127650620E+02 -0.220757800750E+02  0.399773640590E+02  0.100000000000E+01
 -0.171620106640E+02 -0.225316272790E+02  0.401298106070E+02  0.707106605538E+00
 -0.165712456860E+02 -0.220110690690E+02  0.399692659340E+02  0.100000000000E+01
 -0.163285474750E+02 -0.216495665030E+02  0.398560745260E+02  0.707107414088E+00
 -0.163358137560E+02 -0.212189986020E+02  0.397182488240E+02  0.100000000000E+01
 -0.164453571940E+02 -0.203873178610E+02  0.389678531880E+02  0.707106489454E+00
 -0.175389890430E+02 -0.206772356790E+02  0.388635578720E+02  0.100000000000E+01
 -0.187143359950E+02 -0.214280922990E+02  0.391291094000E+02  0.707106453133E+00
 -0.178127650620E+02 -0.220757800750E+02  0.399773640590E+02  0.100000000000E+01
 -0.167986776610E+02 -0.217268159910E+02  0.395950632300E+02  0.100000000000E+01
 -0.167986776610E+02 -0.217268159910E+02  0.395950632300E+02  0.707106594902E+00
 -0.167986776610E+02 -0.217268159910E+02  0.395950632300E+02  0.100000000000E+01
 -0.167986776610E+02 -0.217268159910E+02  0.395950632300E+02  0.707106868328E+00
 -0.167986776610E+02 -0.217268159910E+02  0.395950632300E+02  0.100000000000E+01
 -0.167986776610E+02 -0.217268159910E+02  0.395950632300E+02  0.707107131069E+00
 -0.167986776610E+02 -0.217268159910E+02  0.395950632300E+02  0.100000000000E+01
 -0.167986776610E+02 -0.217268159910E+02  0.395950632300E+02  0.707106861156E+00
 -0.167986776610E+02 -0.217268159910E+02  0.395950632300E+02  0.100000000000E+01
 -0.178444513220E+02 -0.223339087620E+02  0.397490154430E+02  0.100000000000E+01
 -0.171190353370E+02 -0.228548443950E+02  0.399989287130E+02  0.707106594902E+00
 -0.164776272490E+02 -0.222260112320E+02  0.398073878020E+02  0.100000000000E+01
 -0.162541955930E+02 -0.218549456020E+02  0.396831057100E+02  0.707106868328E+00
 -0.162915561600E+02 -0.214324220870E+02  0.395204065900E+02  0.100000000000E+01
 -0.164334681180E+02 -0.207277008250E+02  0.388546168710E+02  0.707107131069E+00
 -0.173873081610E+02 -0.209404432860E+02  0.386975592650E+02  0.100000000000E+01
 -0.185820050880E+02 -0.216185589310E+02  0.388599743720E+02  0.707106861156E+00
 -0.178444513220E+02 -0.223339087620E+02  0.397490154430E+02  0.100000000000E+01
 -0.167136250410E+02 -0.219225064730E+02  0.393811370780E+02  0.100000000000E+01
 -0.167136250410E+02 -0.219225064730E+02  0.393811370780E+02  0.707106798297E+00
 -0.167136250410E+02 -0.219225064730E+02  0.393811370780E+02  0.100000000000E+01
 -0.167136250410E+02 -0.219225064730E+02  0.393811370780E+02  0.707106958923E+00
 -0.167136250410E+02 -0.219225064730E+02  0.393811370780E+02  0.100000000000E+01
 -0.167136250410E+02 -0.219225064730E+02  0.393811370780E+02  0.707106496455E+00
 -0.167136250410E+02 -0.219225064730E+02  0.393811370780E+02  0.100000000000E+01
 -0.167136250410E+02 -0.219225064730E+02  0.393811370780E+02  0.707106690126E+00
 -0.167136250410E+02 -0.219225064730E+02  0.393811370780E+02  0.100000000000E+01
 -0.178295546430E+02 -0.225704401300E+02  0.395151268040E+02  0.100000000000E+01
 -0.170674241250E+02 -0.231194179630E+02  0.398756393950E+02  0.707106798297E+00
 -0.163852165380E+02 -0.224304135870E+02  0.396601935340E+02  0.100000000000E+01
 -0.161633932210E+02 -0.220565268210E+02  0.395218220320E+02  0.707106958923E+00
 -0.162319739620E+02 -0.216428489800E+02  0.393233061560E+02  0.100000000000E+01
 -0.163946885980E+02 -0.210526529960E+02  0.387197576680E+02  0.707106496455E+00
 -0.172225749750E+02 -0.212209507350E+02  0.385348697520E+02  0.100000000000E+01
 -0.184833657000E+02 -0.218205551720E+02  0.385657262240E+02  0.707106690126E+00
 -0.178295546430E+02 -0.225704401300E+02  0.395151268040E+02  0.100000000000E+01
 -0.166205556260E+02 -0.221213058090E+02  0.391735117160E+02  0.100000000000E+01
 -0.166205556260E+02 -0.221213058090E+02  0.391735117160E+02  0.707106700480E+00
 -0.166205556260E+02 -0.221213058090E+02  0.391735117160E+02  0.100000000000E+01
 -0.166205556260E+02 -0.221213058090E+02  0.391735117160E+02  0.707106483277E+00
 -0.166205556260E+02 -0.221213058090E+02  0.391735117160E+02  0.100000000000E+01
 -0.166205556260E+02 -0.221213058090E+02  0.391735117160E+02  0.707107019232E+00
 -0.166205556260E+02 -0.221213058090E+02  0.391735117160E+02  0.100000000000E+01
 -0.166205556260E+02 -0.221213058090E+02  0.391735117160E+02  0.707106908001E+00
 -0.166205556260E+02 -0.221213058090E+02  0.391735117160E+02  0.100000000000E+01
 -0.177998624580E+02 -0.228048787950E+02  0.392852313620E+02  0.100000000000E+01
 -0.170237277860E+02 -0.233634500350E+02  0.397636193190E+02  0.707106700480E+00
 -0.162982646810E+02 -0.226209169870E+02  0.395186523900E+02  0.100000000000E+01
 -0.160412728920E+02 -0.222516885380E+02  0.393737576250E+02  0.707106483277E+00
 -0.161561422570E+02 -0.218521128410E+02  0.391295159750E+02  0.100000000000E+01
 -0.163252562940E+02 -0.213402884030E+02  0.385592769580E+02  0.707107019232E+00
 -0.170685057030E+02 -0.214826920120E+02  0.383524306100E+02  0.100000000000E+01
 -0.183677636300E+02 -0.220369863040E+02  0.382843964590E+02  0.707106908001E+00
 -0.177998624580E+02 -0.228048787950E+02  0.392852313620E+02  0.100000000000E+01
 -0.165200577550E+02 -0.223237282480E+02  0.389729687640E+02  0.100000000000E+01
 -0.165200577550E+02 -0.223237282480E+02  0.389729687640E+02  0.707106875920E+00
 -0.165200577550E+02 -0.223237282480E+02  0.389729687640E+02  0.100000000000E+01
 -0.165200577550E+02 -0.223237282480E+02  0.389729687640E+02  0.707107000234E+00
 -0.165200577550E+02 -0.223237282480E+02  0.389729687640E+02  0.100000000000E+01
 -0.165200577550E+02 -0.223237282480E+02  0.389729687640E+02  0.707106509996E+00
 -0.165200577550E+02 -0.223237282480E+02  0.389729687640E+02  0.100000000000E+01
 -0.165200577550E+02 -0.223237282480E+02  0.389729687640E+02  0.707106754969E+00
 -0.165200577550E+02 -0.223237282480E+02  0.389729687640E+02  0.100000000000E+01
 -0.177538798220E+02 -0.230360973300E+02  0.390608264650E+02  0.100000000000E+01
 -0.169712457290E+02 -0.235975266620E+02  0.396647624090E+02  0.707106875920E+00
 -0.162286814740E+02 -0.227807492370E+02  0.393592652080E+02  0.100000000000E+01
 -0.159739054960E+02 -0.224282791080E+02  0.392074251940E+02  0.707107000234E+00
 -0.160765480340E+02 -0.220676604970E+02  0.389413876690E+02  0.100000000000E+01
 -0.162634988660E+02 -0.216363867050E+02  0.384056328300E+02  0.707106509996E+00
 -0.169213758710E+02 -0.217289199270E+02  0.381599244460E+02  0.100000000000E+01
 -0.182512799420E+02 -0.222609079230E+02  0.380144584140E+02  0.707106754969E+00
 -0.177538798220E+02 -0.230360973300E+02  0.390608264650E+02  0.100000000000E+01
 -0.164131480640E+02 -0.225296471350E+02  0.387794186840E+02  0.100000000000E+01
 -0.164131480640E+02 -0.225296471350E+02  0.387794186840E+02  0.707107406708E+00
 -0.164131480640E+02 -0.225296471350E+02  0.387794186840E+02  0.100000000000E+01
 -0.164131480640E+02 -0.225296471350E+02  0.387794186840E+02  0.707106447665E+00
 -0.164131480640E+02 -0.225296471350E+02  0.387794186840E+02  0.100000000000E+01
 -0.164131480640E+02 -0.225296471350E+02  0.387794186840E+02  0.707106228387E+00
 -0.164131480640E+02 -0.225296471350E+02  0.387794186840E+02  0.100000000000E+01
 -0.164131480640E+02 -0.225296471350E+02  0.387794186840E+02  0.707107036863E+00
 -0.164131480640E+02 -0.225296471350E+02  0.387794186840E+02  0.100000000000E+01
 -0.177132774140E+02 -0.232758052350E+02  0.388433804800E+02  0.100000000000E+01
 -0.169167361170E+02 -0.238308506820E+02  0.395814359630E+02  0.707107406708E+00
 -0.161573047200E+02 -0.229398514780E+02  0.391945702370E+02  0.100000000000E+01
 -0.159468893380E+02 -0.226185657590E+02  0.390302380320E+02  0.707106447665E+00
 -0.160414821840E+02 -0.223163443820E+02  0.387611343160E+02  0.100000000000E+01
 -0.161707608690E+02 -0.218987339550E+02  0.382381697660E+02  0.707106228387E+00
 -0.167790998470E+02 -0.219621907260E+02  0.379606282570E+02  0.100000000000E+01
 -0.181175223990E+02 -0.224830220730E+02  0.377603032230E+02  0.707107036863E+00
 -0.177132774140E+02 -0.232758052350E+02  0.388433804800E+02  0.100000000000E+01
 -0.163008738190E+02 -0.227386903860E+02  0.385923596280E+02  0.100000000000E+01
 -0.163008738190E+02 -0.227386903860E+02  0.385923596280E+02  0.707107738067E+00
 -0.163008738190E+02 -0.227386903860E+02  0.385923596280E+02  0.100000000000E+01
 -0.163008738190E+02 -0.227386903860E+02  0.385923596280E+02  0.707107569120E+00
 -0.163008738190E+02 -0.227386903860E+02  0.385923596280E+02  0.100000000000E+01
 -0.163008738190E+02 -0.227386903860E+02  0.385923596280E+02  0.707104802997E+00
 -0.163008738190E+02 -0.227386903860E+02  0.385923596280E+02  0.100000000000E+01
 -0.163008738190E+02 -0.227386903860E+02  0.385923596280E+02  0.707106898949E+00
 -0.163008738190E+02 -0.227386903860E+02  0.385923596280E+02  0.100000000000E+01
 -0.176479630050E+02 -0.235058342170E+02  0.386305698970E+02  0.100000000000E+01
 -0.168632107660E+02 -0.240387418010E+02  0.394910525860E+02  0.707107738067E+00
 -0.160680485030E+02 -0.231245925350E+02  0.390528828650E+02  0.100000000000E+01
 -0.159081703100E+02 -0.228241066820E+02  0.388596588150E+02  0.707107569120E+00
 -0.159836598440E+02 -0.225580430580E+02  0.385833639310E+02  0.100000000000E+01
 -0.161018644710E+02 -0.221913610660E+02  0.380949983370E+02  0.707104802997E+00
 -0.166300673390E+02 -0.222010867480E+02  0.377801909030E+02  0.100000000000E+01
 -0.179773565750E+02 -0.226997439670E+02  0.375140815020E+02  0.707106898949E+00
 -0.176479630050E+02 -0.235058342170E+02  0.386305698970E+02  0.100000000000E+01
 -0.161841563790E+02 -0.229504380650E+02  0.384111495840E+02  0.100000000000E+01
 -0.161841563790E+02 -0.229504380650E+02  0.384111495840E+02  0.707106386961E+00
 -0.161841563790E+02 -0.229504380650E+02  0.384111495840E+02  0.100000000000E+01
 -0.161841563790E+02 -0.229504380650E+02  0.384111495840E+02  0.707105376076E+00
 -0.161841563790E+02 -0.229504380650E+02  0.384111495840E+02  0.100000000000E+01
 -0.161841563790E+02 -0.229504380650E+02  0.384111495840E+02  0.707108420984E+00
 -0.161841563790E+02 -0.229504380650E+02  0.384111495840E+02  0.100000000000E+01
 -0.161841563790E+02 -0.229504380650E+02  0.384111495840E+02  0.707106980779E+00
 -0.161841563790E+02 -0.229504380650E+02  0.384111495840E+02  0.100000000000E+01
 -0.175794170260E+02 -0.237377840400E+02  0.384229078500E+02  0.100000000000E+01
 -0.168056501120E+02 -0.242138920090E+02  0.393796344540E+02  0.707106386961E+00
 -0.159791193230E+02 -0.233063766130E+02  0.389071582480E+02  0.100000000000E+01
 -0.158321794910E+02 -0.230270432020E+02  0.386986366560E+02  0.707105376076E+00
 -0.159002228360E+02 -0.227902136840E+02  0.384087550720E+02  0.100000000000E+01
 -0.159852315350E+02 -0.224409029410E+02  0.379377590510E+02  0.707108420984E+00
 -0.164765733790E+02 -0.224441125620E+02  0.376165006560E+02  0.100000000000E+01
 -0.178439709180E+02 -0.229097132000E+02  0.372646687110E+02  0.707106980779E+00
 -0.175794170260E+02 -0.237377840400E+02  0.384229078500E+02  0.100000000000E+01
 -0.160637562180E+02 -0.231645014560E+02  0.382351412730E+02  0.100000000000E+01
 -0.160637562180E+02 -0.231645014560E+02  0.382351412730E+02  0.707107109612E+00
 -0.160637562180E+02 -0.231645014560E+02  0.382351412730E+02  0.100000000000E+01
 -0.160637562180E+02 -0.231645014560E+02  0.382351412730E+02  0.707106556909E+00
 -0.160637562180E+02 -0.231645014560E+02  0.382351412730E+02  0.100000000000E+01
 -0.160637562180E+02 -0.231645014560E+02  0.382351412730E+02  0.707106549939E+00
 -0.160637562180E+02 -0.231645014560E+02  0.382351412730E+02  0.100000000000E+01
 -0.160637562180E+02 -0.231645014560E+02  0.382351412730E+02  0.707106908288E+00
 -0.160637562180E+02 -0.231645014560E+02  0.382351412730E+02  0.100000000000E+01
 -0.174844268170E+02 -0.239580159080E+02  0.382197614760E+02  0.100000000000E+01
 -0.167342811350E+02 -0.243880363280E+02  0.392798122600E+02  0.707107109612E+00
 -0.158974641050E+02 -0.234718707530E+02  0.387328555250E+02  0.100000000000E+01
 -0.157385370010E+02 -0.232178440140E+02  0.385298210010E+02  0.707106556909E+00
 -0.157910011030E+02 -0.230121535320E+02  0.382380946330E+02  0.100000000000E+01
 -0.158828526970E+02 -0.227086933270E+02  0.377975470930E+02  0.707106549939E+00
 -0.163169216880E+02 -0.226965606530E+02  0.374774205050E+02  0.100000000000E+01
 -0.177454053080E+02 -0.231030325080E+02  0.369770015060E+02  0.707106908288E+00
 -0.174844268170E+02 -0.239580159080E+02  0.382197614760E+02  0.100000000000E+01
 -0.159402853590E+02 -0.233805461980E+02  0.380637392440E+02  0.100000000000E+01
 -0.159402853590E+02 -0.233805461980E+02  0.380637392440E+02  0.707107096788E+00
 -0.159402853590E+02 -0.233805461980E+02  0.380637392440E+02  0.100000000000E+01
 -0.159402853590E+02 -0.233805461980E+02  0.380637392440E+02  0.707107146280E+00
 -0.159402853590E+02 -0.233805461980E+02  0.380637392440E+02  0.100000000000E+01
 -0.159402853590E+02 -0.233805461980E+02  0.380637392440E+02  0.707106005945E+00
 -0.159402853590E+02 -0.233805461980E+02  0.380637392440E+02  0.100000000000E+01
 -0.159402853590E+02 -0.233805461980E+02  0.380637392440E+02  0.707106875733E+00
 -0.159402853590E+02 -0.233805461980E+02  0.380637392440E+02  0.100000000000E+01
 -0.173871451970E+02 -0.241797532230E+02  0.380209739660E+02  0.100000000000E+01
 -0.166379712000E+02 -0.246350751830E+02  0.391569569590E+02  0.707107096788E+00
 -0.157969054710E+02 -0.236653026120E+02  0.385343987800E+02  0.100000000000E+01
 -0.156436546890E+02 -0.234294973170E+02  0.383452199600E+02  0.707107146280E+00
 -0.156835331260E+02 -0.232387232970E+02  0.380713286930E+02  0.100000000000E+01
 -0.157548702260E+02 -0.229537167470E+02  0.376534763910E+02  0.707106005945E+00
 -0.161598478130E+02 -0.229444913990E+02  0.373430062480E+02  0.100000000000E+01
 -0.176128780550E+02 -0.232778905450E+02  0.366987423780E+02  0.707106875733E+00
 -0.173871451970E+02 -0.241797532230E+02  0.380209739660E+02  0.100000000000E+01
 -0.158142325980E+02 -0.235982934350E+02  0.378964177230E+02  0.100000000000E+01
 -0.158142325980E+02 -0.235982934350E+02  0.378964177230E+02  0.707107095418E+00
 -0.158142325980E+02 -0.235982934350E+02  0.378964177230E+02  0.100000000000E+01
 -0.158142325980E+02 -0.235982934350E+02  0.378964177230E+02  0.707108561515E+00
 -0.158142325980E+02 -0.235982934350E+02  0.378964177230E+02  0.100000000000E+01
 -0.158142325980E+02 -0.235982934350E+02  0.378964177230E+02  0.707105072710E+00
 -0.158142325980E+02 -0.235982934350E+02  0.378964177230E+02  0.100000000000E+01
 -0.158142325980E+02 -0.235982934350E+02  0.378964177230E+02  0.707106535949E+00
 -0.158142325980E+02 -0.235982934350E+02  0.378964177230E+02  0.100000000000E+01
 -0.172764748640E+02 -0.243897111580E+02  0.378304505150E+02  0.100000000000E+01
 -0.165514124410E+02 -0.248747843070E+02  0.390251078890E+02  0.707107095418E+00
 -0.156883586210E+02 -0.238687005530E+02  0.383503695250E+02  0.100000000000E+01
 -0.155507635360E+02 -0.236258171640E+02  0.381853848950E+02  0.707108561515E+00
 -0.155801096010E+02 -0.234383545520E+02  0.379267720460E+02  0.100000000000E+01
 -0.156838432530E+02 -0.231474855400E+02  0.374691392560E+02  0.707105072710E+00
 -0.160492939340E+02 -0.230933270370E+02  0.370487000880E+02  0.100000000000E+01
 -0.174565760170E+02 -0.235398052630E+02  0.365678476120E+02  0.707106535949E+00
 -0.172764748640E+02 -0.243897111580E+02  0.378304505150E+02  0.100000000000E+01
 -0.156859890260E+02 -0.238175128870E+02  0.377327214030E+02  0.100000000000E+01
 -0.156859890260E+02 -0.238175128870E+02  0.377327214030E+02  0.707107054508E+00
 -0.156859890260E+02 -0.238175128870E+02  0.377327214030E+02  0.100000000000E+01
 -0.156859890260E+02 -0.238175128870E+02  0.377327214030E+02  0.707108507414E+00
 -0.156859890260E+02 -0.238175128870E+02  0.377327214030E+02  0.100000000000E+01
 -0.156859890260E+02 -0.238175128870E+02  0.377327214030E+02  0.707105322030E+00
 -0.156859890260E+02 -0.238175128870E+02  0.377327214030E+02  0.100000000000E+01
 -0.156859890260E+02 -0.238175128870E+02  0.377327214030E+02  0.707106550654E+00
 -0.156859890260E+02 -0.238175128870E+02  0.377327214030E+02  0.100000000000E+01
 -0.171365611970E+02 -0.245860970990E+02  0.376451000240E+02  0.100000000000E+01
 -0.164617676670E+02 -0.251224215890E+02  0.389046352890E+02  0.707107054508E+00
 -0.155698065190E+02 -0.240894245590E+02  0.381944261880E+02  0.100000000000E+01
 -0.154536413780E+02 -0.238332399190E+02  0.380359410240E+02  0.707108507414E+00
 -0.154662796680E+02 -0.236334529950E+02  0.377858341930E+02  0.100000000000E+01
 -0.155783079740E+02 -0.232113330550E+02  0.371528270250E+02  0.707105322030E+00
 -0.159355952520E+02 -0.232333399120E+02  0.367408057440E+02  0.100000000000E+01
 -0.172662591670E+02 -0.237819913490E+02  0.364471761530E+02  0.707106550654E+00
 -0.171365611970E+02 -0.245860970990E+02  0.376451000240E+02  0.100000000000E+01
 -0.155558693570E+02 -0.240380147530E+02  0.375722589850E+02  0.100000000000E+01
 -0.155558693570E+02 -0.240380147530E+02  0.375722589850E+02  0.707106722868E+00
 -0.155558693570E+02 -0.240380147530E+02  0.375722589850E+02  0.100000000000E+01
 -0.155558693570E+02 -0.240380147530E+02  0.375722589850E+02  0.707105898521E+00
 -0.155558693570E+02 -0.240380147530E+02  0.375722589850E+02  0.100000000000E+01
 -0.155558693570E+02 -0.240380147530E+02  0.375722589850E+02  0.707107257715E+00
 -0.155558693570E+02 -0.240380147530E+02  0.375722589850E+02  0.100000000000E+01
 -0.155558693570E+02 -0.240380147530E+02  0.375722589850E+02  0.707106921662E+00
 -0.155558693570E+02 -0.240380147530E+02  0.375722589850E+02  0.100000000000E+01
 -0.169995408960E+02 -0.247862553020E+02  0.374632969320E+02  0.100000000000E+01
 -0.163798699230E+02 -0.253102387650E+02  0.386930749020E+02  0.707106722868E+00
 -0.154372096240E+02 -0.243429585670E+02  0.380941453800E+02  0.100000000000E+01
 -0.153335297980E+02 -0.240506497120E+02  0.379253643110E+02  0.707105898521E+00
 -0.153588286350E+02 -0.238352472920E+02  0.376459367710E+02  0.100000000000E+01
 -0.153177388460E+02 -0.232375404720E+02  0.370402434510E+02  0.707107257715E+00
 -0.157749829360E+02 -0.234749141610E+02  0.366085528880E+02  0.100000000000E+01
 -0.170836902600E+02 -0.239981510560E+02  0.362927420350E+02  0.707106921662E+00
 -0.169995408960E+02 -0.247862553020E+02  0.374632969320E+02  0.100000000000E+01
 -0.154241289280E+02 -0.242596419940E+02  0.374146948570E+02  0.100000000000E+01
 -0.154241289280E+02 -0.242596419940E+02  0.374146948570E+02  0.707106607538E+00
 -0.154241289280E+02 -0.242596419940E+02  0.374146948570E+02  0.100000000000E+01
 -0.154241289280E+02 -0.242596419940E+02  0.374146948570E+02  0.707107814079E+00
 -0.154241289280E+02 -0.242596419940E+02  0.374146948570E+02  0.100000000000E+01
 -0.154241289280E+02 -0.242596419940E+02  0.374146948570E+02  0.707106331972E+00
 -0.154241289280E+02 -0.242596419940E+02  0.374146948570E+02  0.100000000000E+01
 -0.154241289280E+02 -0.242596419940E+02  0.374146948570E+02  0.707106500270E+00
 -0.154241289280E+02 -0.242596419940E+02  0.374146948570E+02  0.100000000000E+01
 -0.168337976510E+02 -0.249737965600E+02  0.372873237340E+02  0.100000000000E+01
 -0.162906511340E+02 -0.254990007830E+02  0.384834551830E+02  0.707106607538E+00
 -0.153049541210E+02 -0.245989672570E+02  0.379982982670E+02  0.100000000000E+01
 -0.152065546430E+02 -0.242600304020E+02  0.378264780420E+02  0.707107814079E+00
 -0.152360999130E+02 -0.240190562170E+02  0.375161835630E+02  0.100000000000E+01
 -0.151073609430E+02 -0.232454553520E+02  0.369427870730E+02  0.707106331972E+00
 -0.156155429990E+02 -0.237146269170E+02  0.364773301940E+02  0.100000000000E+01
 -0.168877110240E+02 -0.242227081380E+02  0.361668804200E+02  0.707106500270E+00
 -0.168337976510E+02 -0.249737965600E+02  0.372873237340E+02  0.100000000000E+01
 -0.152909767280E+02 -0.244822639520E+02  0.372597407230E+02  0.100000000000E+01
 -0.152909767280E+02 -0.244822639520E+02  0.372597407230E+02  0.707106326547E+00
 -0.152909767280E+02 -0.244822639520E+02  0.372597407230E+02  0.100000000000E+01
 -0.152909767280E+02 -0.244822639520E+02  0.372597407230E+02  0.707105087320E+00
 -0.152909767280E+02 -0.244822639520E+02  0.372597407230E+02  0.100000000000E+01
 -0.152909767280E+02 -0.244822639520E+02  0.372597407230E+02  0.707108231613E+00
 -0.152909767280E+02 -0.244822639520E+02  0.372597407230E+02  0.100000000000E+01
 -0.152909767280E+02 -0.244822639520E+02  0.372597407230E+02  0.707107102185E+00
 -0.152909767280E+02 -0.244822639520E+02  0.372597407230E+02  0.100000000000E+01
 -0.166915974510E+02 -0.251753673630E+02  0.371125705830E+02  0.100000000000E+01
 -0.161948697750E+02 -0.256988447040E+02  0.382909096130E+02  0.707106326547E+00
 -0.151813632570E+02 -0.248316867170E+02  0.378621770210E+02  0.100000000000E+01
 -0.150588013150E+02 -0.244330512430E+02  0.377609876200E+02  0.707105087320E+00
 -0.151077438170E+02 -0.241831793780E+02  0.373998731950E+02  0.100000000000E+01
 -0.149289992630E+02 -0.231998031760E+02  0.368576989610E+02  0.707108231613E+00
 -0.154559092890E+02 -0.239564941100E+02  0.363532632280E+02  0.100000000000E+01
 -0.166964180970E+02 -0.244504282170E+02  0.360473438040E+02  0.707107102185E+00
 -0.166915974510E+02 -0.251753673630E+02  0.371125705830E+02  0.100000000000E+01
 -0.151565854130E+02 -0.247057710870E+02  0.371071481790E+02  0.100000000000E+01
 -0.151565854130E+02 -0.247057710870E+02  0.371071481790E+02  0.707106620548E+00
 -0.151565854130E+02 -0.247057710870E+02  0.371071481790E+02  0.100000000000E+01
 -0.151565854130E+02 -0.247057710870E+02  0.371071481790E+02  0.707106006334E+00
 -0.151565854130E+02 -0.247057710870E+02  0.371071481790E+02  0.100000000000E+01
 -0.151565854130E+02 -0.247057710870E+02  0.371071481790E+02  0.707107563925E+00
 -0.151565854130E+02 -0.247057710870E+02  0.371071481790E+02  0.100000000000E+01
 -0.151565854130E+02 -0.247057710870E+02  0.371071481790E+02  0.707107020373E+00
 -0.151565854130E+02 -0.247057710870E+02  0.371071481790E+02  0.100000000000E+01
 -0.165542008630E+02 -0.253808841960E+02  0.369399240830E+02  0.100000000000E+01
 -0.160863232600E+02 -0.259081428830E+02  0.381198647190E+02  0.707106620548E+00
 -0.150600619470E+02 -0.250546172310E+02  0.377087864470E+02  0.100000000000E+01
 -0.149349169970E+02 -0.246007367020E+02  0.376873943710E+02  0.707106006334E+00
 -0.149675057700E+02 -0.242929202970E+02  0.373161940810E+02  0.100000000000E+01
 -0.148135279730E+02 -0.231004414630E+02  0.367291297070E+02  0.707107563925E+00
 -0.152894944040E+02 -0.242254247560E+02  0.362787181260E+02  0.100000000000E+01
 -0.165174134720E+02 -0.246594055940E+02  0.358943105840E+02  0.707107020373E+00
 -0.165542008630E+02 -0.253808841960E+02  0.369399240830E+02  0.100000000000E+01
 -0.150210988180E+02 -0.249300710030E+02  0.369567022030E+02  0.100000000000E+01
 -0.150210988180E+02 -0.249300710030E+02  0.369567022030E+02  0.707106961910E+00
 -0.150210988180E+02 -0.249300710030E+02  0.369567022030E+02  0.100000000000E+01
 -0.150210988180E+02 -0.249300710030E+02  0.369567022030E+02  0.707107349797E+00
 -0.150210988180E+02 -0.249300710030E+02  0.369567022030E+02  0.100000000000E+01
 -0.150210988180E+02 -0.249300710030E+02  0.369567022030E+02  0.707106632567E+00
 -0.150210988180E+02 -0.249300710030E+02  0.369567022030E+02  0.100000000000E+01
 -0.150210988180E+02 -0.249300710030E+02  0.369567022030E+02  0.707106686299E+00
 -0.150210988180E+02 -0.249300710030E+02  0.369567022030E+02  0.100000000000E+01
 -0.164212136580E+02 -0.256039327020E+02  0.367903910540E+02  0.100000000000E+01
 -0.159373741490E+02 -0.260987605580E+02  0.379462143630E+02  0.707106961910E+00
 -0.149296740240E+02 -0.252631942920E+02  0.375367792210E+02  0.100000000000E+01
 -0.148160447960E+02 -0.247478846170E+02  0.376294686170E+02  0.707107349797E+00
 -0.148395397230E+02 -0.243435393290E+02  0.372649183500E+02  0.100000000000E+01
 -0.147793713160E+02 -0.229470374330E+02  0.365543756580E+02  0.707106632567E+00
 -0.151376532380E+02 -0.245053852090E+02  0.362171874000E+02  0.100000000000E+01
 -0.163666594860E+02 -0.248668727870E+02  0.357240161060E+02  0.707106686299E+00
 -0.164212136580E+02 -0.256039327020E+02  0.367903910540E+02  0.100000000000E+01
           1
           2
           3
           4
           5
           6
           7
           8
           9
          10
          11
          12
          13
          14
          15
          16
          17
          18
          19
          20
          21
          22
          23
          24
          25
          26
          27
          28
          29
          30
          31
          32
          33
          34
          35
          36
          37
          38
          39
          40
          41
          42
          43
          44
          45
          46
          47
          48
          49
          50
          51
          52
          53
          54
          55
          56
          57
          58
          59
          60
          61
          62
          63
          64
          65
          66
          67
          68
          69
          70
          71
          72
          73
          74
          75
          76
          77
          78
          79
          80
          81
          82
          83
          84
          85
          86
          87
          88
          89
          90
          91
          92
          93
          94
          95
          96
          97
          98
          99
         100
         101
         102
         103
         104
         105
         106
         107
         108
         109
         110
         111
         112
         113
         114
         115
         116
         117
         118
         119
         120
         121
         122
         123
         124
         125
         126
         127
         128
         129
         130
         131
         132
         133
         134
         135
         136
         137
         138
         139
         140
         141
         142
         143
         144
         145
         146
         147
         148
         149
         150
         151
         152
         153
         154
         155
         156
         157
         158
         159
         160
         161
         162
         163
         164
         165
         166
         167
         168
         169
         170
         171
         172
         173
         174
         175
         176
         177
         178
         179
         180
         181
         182
         183
         184
         185
         186
         187
         188
         189
         190
         191
         192
         193
         194
         195
         196
         197
         198
         199
         200
         201
         202
         203
         204
         205
         206
         207
         208
         209
         210
         211
         212
         213
         214
         215
         216
         217
         218
         219
         220
         221
         222
         223
         224
         225
         226
         227
         228
         229
         230
         231
         232
         233
         234
         235
         236
         237
         238
         239
         240
         241
         242
         243
         244
         245
         246
         247
         248
         249
         250
         251
         252
         253
         254
         255
         256
         257
         258
         259
         260
         261
         262
         263
         264
         265
         266
         267
         268
         269
         270
         271
         272
         273
         274
         275
         276
         277
         278
         279
         280
         281
         282
         283
         284
         285
         286
         287
         288
         289
         290
         291
         292
         293
         294
         295
         296
         297
         298
         299
         300
         301
         302
         303
         304
         305
         306
         307
         308
         309
         310
         311
         312
         313
         314
         315
         316
         317
         318
         319
         320
         321
         322
         323
         324
         325
         326
         327
         328
         329
         330
         331
         332
         333
         334
         335
         336
         337
         338
         339
         340
         341
         342
         343
         344
         345
         346
         347
         348
         349
         350
         351
         352
         353
         354
         355
         356
         357
         358
         359
         360
         361
         362
         363
         364
         365
         366
         367
         368
         369
         370
         371
         372
         373
         374
         375
         376
         377
         378
         379
         380
         381
         382
         383
         384
         385
         386
         387
         388
         389
         390
         391
         392
         393
         394
         395
         396
         397
         398
         399
         400
         401
         402
         403
         404
         405
         406
         407
         408
         409
         410
         411
         412
         413
         414
         415
         416
         417
         418
         419
         420
         421
         422
         423
         424
         425
         426
         427
         428
         429
         430
         431
         432
         433
         434
         435
         436
         437
         438
         439
         440
         441
         442
         443
         444
         445
         446
         447
         448
         449
         450
         451
         452
         453
         454
         455
         456
         457
         458
         459
         460
         461
         462
         463
         464
         465
         466
         467
         468
 1 0 0
 0 0 0
 0 0 0
 0 0 0
 0 0 0
 0 0 0
 0 0 0
 0 0 0
 0 0 0
 0 0 0
 0 0 0
 0 0 0
 0 0 0
 0 0 0
 0 0 0
 0 0 0
 0 0 0
 0 0 0
 0 0 0
 0 0 0
 0 0 0
 0 0 0
 0 0 0
 0 0 0
 0 0 0
 0 0 0
 0 0 0
 0 0 0
 0 0 0
 0 0 0
 0 0 0
 0 0 0
 0 0 0
 0 0 0
 0 0 0
 0 0 0
 0 0 0
 0 0 0
 0 0 0
 0 0 0
 0 0 0
 0 0 0
 0 0 0
 0 0 0
 0 0 0
 0 0 0
 0 0 0
 0 0 0
 0 0 0
 0 0 0
 0 0 0
 0 0 0
 0 0 0
 0 0 0
 0 0 0
 0 0 0
 0 0 0
 0 0 0
 0 0 0
 0 0 0
 0 0 0
 0 0 0
 0 0 0
 0 0 0
 0 0 0
 0 0 0
 0 0 0
 0 0 0
 0 0 0
 0 0 0
 0 0 0
 0 0 0
 0 0 0
 0 0 0
 0 0 0
 0 0 0
 0 0 0
 0 0 0
 0 0 0
 0 0 0
 0 0 0
 0 0 0
 0 0 0
 0 0 0
 0 0 0
 0 0 0
 0 0 0
 0 0 0
 0 0 0
 0 0 0
 0 0 0
 0 0 0
 0 0 0
 0 0 0
 0 0 0
 0 0 0
 0 0 0
 0 0 0
 0 0 0
 0 0 0
 0 0 0
 0 0 0
 0 0 0
 0 0 0
 0 0 0
 0 0 0
 0 0 0
 0 0 0
 0 0 0
 0 0 0
 0 0 0
 0 0 0
 0 0 0
 0 0 0
 0 0 0
 0 0 0
 0 0 0
 0 0 0
 0 0 0
 0 0 0
 0 0 0
 0 0 0
 0 0 0
 0 0 0
 0 0 0
 0 0 0
 0 0 0
 0 0 0
 0 0 0
 0 0 0
 0 0 0
 0 0 0
 0 0 0
 0 0 0
 0 0 0
 0 0 0
 0 0 0
 0 0 0
 0 0 0
 0 0 0
 0 0 0
 0 0 0
 0 0 0
 0 0 0
 0 0 0
 0 0 0
 0 0 0
 0 0 0
 0 0 0
 0 0 0
 0 0 0
 0 0 0
 0 0 0
 0 0 0
 0 0 0
 0 0 0
 0 0 0
 0 0 0
 0 0 0
 0 0 0
 0 0 0
 0 0 0
 0 0 0
 0 0 0
 0 0 0
 0 0 0
 0 0 0
 0 0 0
 0 0 0
 0 0 0
 0 0 0
 0 0 0
 0 0 0
 0 0 0
 0 0 0
 0 0 0
 0 0 0
 0 0 0
 0 0 0
 0 0 0
 0 0 0
 0 0 0
 0 0 0
 0 0 0
 0 0 0
 0 0 0
 0 0 0
 0 0 0
 0 0 0
 0 0 0
 0 0 0
 0 0 0
 0 0 0
 0 0 0
 0 0 0
 0 0 0
 0 0 0
 0 0 0
 0 0 0
 0 0 0
 0 0 0
 0 0 0
 0 0 0
 0 0 0
 0 0 0
 0 0 0
 0 0 0
 0 0 0
 0 0 0
 0 0 0
 0 0 0
 0 0 0
 0 0 0
 0 0 0
 0 0 0
 0 0 0
 0 0 0
 0 0 0
 0 0 0
 0 0 0
 0 0 0
 0 0 0
 0 0 0
 0 0 0
 0 0 0
 0 0 0
 0 0 0
 0 0 0
 0 0 0
 0 0 0
 0 0 0
 0 0 0
 0 0 0
 0 0 0
 0 0 0
 0 0 0
 0 0 0
 0 0 0
 0 0 0
 0 0 0
 0 0 0
 0 0 0
 0 0 0
 0 0 0
 0 0 0
 0 0 0
 0 0 0
 0 0 0
 0 0 0
 0 0 0
 0 0 0
 0 0 0
 0 0 0
 0 0 0
 0 0 0
 0 0 0
 0 0 0
 0 0 0
 0 0 0
 0 0 0
 0 0 0
 0 0 0
 0 0 0
 0 0 0
 0 0 0
 0 0 0
 0 0 0
 0 0 0
 0 0 0
 0 0 0
 0 0 0
 0 0 0
 0 0 0
 0 0 0
 0 0 0
 0 0 0
 0 0 0
 0 0 0
 0 0 0
 0 0 0
 0 0 0
 0 0 0
 0 0 0
 0 0 0
 0 0 0
 0 0 0
 0 0 0
 0 0 0
 0 0 0
 0 0 0
 0 0 0
 0 0 0
 0 0 0
 0 0 0
 0 0 0
 0 0 0
 0 0 0
 0 0 0
 0 0 0
 0 0 0
 0 0 0
 0 0 0
 0 0 0
 0 0 0
 0 0 0
 0 0 0
 0 0 0
 0 0 0
 0 0 0
 0 0 0
 0 0 0
 0 0 0
 0 0 0
 0 0 0
 0 0 0
 0 0 0
 0 0 0
 0 0 0
 0 0 0
 0 0 0
 0 0 0
 0 0 0
 0 0 0
 0 0 0
 0 0 0
 0 0 0
 0 0 0
 0 0 0
 0 0 0
 0 0 0
 0 0 0
 0 0 0
 0 0 0
 0 0 0
 0 0 0
 0 0 0
 0 0 0
 0 0 0
 0 0 0
 0 0 0
 0 0 0
 0 0 0
 0 0 0
 0 0 0
 0 0 0
 0 0 0
 0 0 0
 0 0 0
 0 0 0
 0 0 0
 0 0 0
 0 0 0
 0 0 0
 0 0 0
 0 0 0
 0 0 0
 0 0 0
 0 0 0
 0 0 0
 0 0 0
 0 0 0
 0 0 0
 0 0 0
 0 0 0
 0 0 0
 0 0 0
 0 0 0
 0 0 0
 0 0 0
 0 0 0
 0 0 0
 0 0 0
 0 0 0
 0 0 0
 0 0 0
 0 0 0
 0 0 0
 0 0 0
 0 0 0
 0 0 0
 0 0 0
 0 0 0
 0 0 0
 0 0 0
 0 0 0
 0 0 0
 0 0 0
 0 0 0
 0 0 0
 0 0 0
 0 0 0
 0 0 0
 0 0 0
 0 0 0
 0 0 0
 0 0 0
 0 0 0
 0 0 0
 0 0 0
 0 0 0
 0 0 0
 0 0 0
 0 0 0
 0 0 0
 0 0 0
 0 0 0
 0 0 0
 0 0 0
 0 0 0
 0 0 0
 0 0 0
 0 0 0
 0 0 0
 0 0 0
 0 0 0
 0 0 0
 0 0 0
 0 0 0
 0 0 0
 0 0 0
 0 0 0
 0 0 0
 0 0 0
 0 0 0
 0 0 0
 0 0 0
 0 0 0
 0 0 0
 0 0 0
 0 0 0
 0 0 0
 0 0 0
 0 0 0
 0 0 0
 0 0 0
 0 0 0
 0 0 0
 0 0 0
 0 0 0
 0 0 0
 0 0 0
 0 0 0
 0 0 0
 0 0 0
 0 0 0
 0 0 0
 0 0 0
 0 0 0
 0 0 0
 0 0 0
 0 0 0
 0 0 0
 0 0 0
 0 0 0
 0 0 0
 0 0 0
 0 0 0
 0 0 0
 0 0 0
 0 0 0
 0 0 0
 0 0 0
 0 0 0
 0 0 0
 0 0 0
 0 0 0
 0 0 0
 0 0 0
 0 0 0
  0.000000000  0.000000000  0.000000000
  0.000000000  0.000000000  0.000000000
  0.000000000  0.000000000  0.000000000
  0.000000000  0.000000000  0.000000000
  0.000000000  0.000000000  0.000000000
  0.000000000  0.000000000  0.000000000
  0.000000000  0.000000000  0.000000000
  0.000000000  0.000000000  0.000000000
  0.000000000  0.000000000  0.000000000
  0.000000000  0.000000000  0.000000000
  0.000000000  0.000000000  0.000000000
  0.000000000  0.000000000  0.000000000
  0.000000000  0.000000000  0.000000000
  0.000000000  0.000000000  0.000000000
  0.000000000  0.000000000  0.000000000
  0.000000000  0.000000000  0.000000000
  0.000000000  0.000000000  0.000000000
  0.000000000  0.000000000  0.000000000
  0.000000000  0.000000000  0.000000000
  0.000000000  0.000000000  0.000000000
  0.000000000  0.000000000  0.000000000
  0.000000000  0.000000000  0.000000000
  0.000000000  0.000000000  0.000000000
  0.000000000  0.000000000  0.000000000
  0.000000000  0.000000000  0.000000000
  0.000000000  0.000000000  0.000000000
  0.000000000  0.000000000  0.000000000
  0.000000000  0.000000000  0.000000000
  0.000000000  0.000000000  0.000000000
  0.000000000  0.000000000  0.000000000
  0.000000000  0.000000000  0.000000000
  0.000000000  0.000000000  0.000000000
  0.000000000  0.000000000  0.000000000
  0.000000000  0.000000000  0.000000000
  0.000000000  0.000000000  0.000000000
  0.000000000  0.000000000  0.000000000
  0.000000000  0.000000000  0.000000000
  0.000000000  0.000000000  0.000000000
  0.000000000  0.000000000  0.000000000
  0.000000000  0.000000000  0.000000000
  0.000000000  0.000000000  0.000000000
  0.000000000  0.000000000  0.000000000
  0.000000000  0.000000000  0.000000000
  0.000000000  0.000000000  0.000000000
  0.000000000  0.000000000  0.000000000
  0.000000000  0.000000000  0.000000000
  0.000000000  0.000000000  0.000000000
  0.000000000  0.000000000  0.000000000
  0.000000000  0.000000000  0.000000000
  0.000000000  0.000000000  0.000000000
  0.000000000  0.000000000  0.000000000
  0.000000000  0.000000000  0.000000000
  0.000000000  0.000000000  0.000000000
  0.000000000  0.000000000  0.000000000
  0.000000000  0.000000000  0.000000000
  0.000000000  0.000000000  0.000000000
  0.000000000  0.000000000  0.000000000
  0.000000000  0.000000000  0.000000000
  0.000000000  0.000000000  0.000000000
  0.000000000  0.000000000  0.000000000
  0.000000000  0.000000000  0.000000000
  0.000000000  0.000000000  0.000000000
  0.000000000  0.000000000  0.000000000
  0.000000000  0.000000000  0.000000000
  0.000000000  0.000000000  0.000000000
  0.000000000  0.000000000  0.000000000
  0.000000000  0.000000000  0.000000000
  0.000000000  0.000000000  0.000000000
  0.000000000  0.000000000  0.000000000
  0.000000000  0.000000000  0.000000000
  0.000000000  0.000000000  0.000000000
  0.000000000  0.000000000  0.000000000
  0.000000000  0.000000000  0.000000000
  0.000000000  0.000000000  0.000000000
  0.000000000  0.000000000  0.000000000
  0.000000000  0.000000000  0.000000000
  0.000000000  0.000000000  0.000000000
  0.000000000  0.000000000  0.000000000
  0.000000000  0.000000000  0.000000000
  0.000000000  0.000000000  0.000000000
  0.000000000  0.000000000  0.000000000
  0.000000000  0.000000000  0.000000000
  0.000000000  0.000000000  0.000000000
  0.000000000  0.000000000  0.000000000
  0.000000000  0.000000000  0.000000000
  0.000000000  0.000000000  0.000000000
  0.000000000  0.000000000  0.000000000
  0.000000000  0.000000000  0.000000000
  0.000000000  0.000000000  0.000000000
  0.000000000  0.000000000  0.000000000
  0.000000000  0.000000000  0.000000000
  0.000000000  0.000000000  0.000000000
  0.000000000  0.000000000  0.000000000
  0.000000000  0.000000000  0.000000000
  0.000000000  0.000000000  0.000000000
  0.000000000  0.000000000  0.000000000
  0.000000000  0.000000000  0.000000000
  0.000000000  0.000000000  0.000000000
  0.000000000  0.000000000  0.000000000
  0.000000000  0.000000000  0.000000000
  0.000000000  0.000000000  0.000000000
  0.000000000  0.000000000  0.000000000
  0.000000000  0.000000000  0.000000000
  0.000000000  0.000000000  0.000000000
  0.000000000  0.000000000  0.000000000
  0.000000000  0.000000000  0.000000000
  0.000000000  0.000000000  0.000000000
  0.000000000  0.000000000  0.000000000
  0.000000000  0.000000000  0.000000000
  0.000000000  0.000000000  0.000000000
  0.000000000  0.000000000  0.000000000
  0.000000000  0.000000000  0.000000000
  0.000000000  0.000000000  0.000000000
  0.000000000  0.000000000  0.000000000
  0.000000000  0.000000000  0.000000000
  0.000000000  0.000000000  0.000000000
  0.000000000  0.000000000  0.000000000
  0.000000000  0.000000000  0.000000000
  0.000000000  0.000000000  0.000000000
  0.000000000  0.000000000  0.000000000
  0.000000000  0.000000000  0.000000000
  0.000000000  0.000000000  0.000000000
  0.000000000  0.000000000  0.000000000
  0.000000000  0.000000000  0.000000000
  0.000000000  0.000000000  0.000000000
  0.000000000  0.000000000  0.000000000
  0.000000000  0.000000000  0.000000000
  0.000000000  0.000000000  0.000000000
  0.000000000  0.000000000  0.000000000
  0.000000000  0.000000000  0.000000000
  0.000000000  0.000000000  0.000000000
  0.000000000  0.000000000  0.000000000
  0.000000000  0.000000000  0.000000000
  0.000000000  0.000000000  0.000000000
  0.000000000  0.000000000  0.000000000
  0.000000000  0.000000000  0.000000000
  0.000000000  0.000000000  0.000000000
  0.000000000  0.000000000  0.000000000
  0.000000000  0.000000000  0.000000000
  0.000000000  0.000000000  0.000000000
  0.000000000  0.000000000  0.000000000
  0.000000000  0.000000000  0.000000000
  0.000000000  0.000000000  0.000000000
  0.000000000  0.000000000  0.000000000
  0.000000000  0.000000000  0.000000000
  0.000000000  0.000000000  0.000000000
  0.000000000  0.000000000  0.000000000
  0.000000000  0.000000000  0.000000000
  0.000000000  0.000000000  0.000000000
  0.000000000  0.000000000  0.000000000
  0.000000000  0.000000000  0.000000000
  0.000000000  0.000000000  0.000000000
  0.000000000  0.000000000  0.000000000
  0.000000000  0.000000000  0.000000000
  0.000000000  0.000000000  0.000000000
  0.000000000  0.000000000  0.000000000
  0.000000000  0.000000000  0.000000000
  0.000000000  0.000000000  0.000000000
  0.000000000  0.000000000  0.000000000
  0.000000000  0.000000000  0.000000000
  0.000000000  0.000000000  0.000000000
  0.000000000  0.000000000  0.000000000
  0.000000000  0.000000000  0.000000000
  0.000000000  0.000000000  0.000000000
  0.000000000  0.000000000  0.000000000
  0.000000000  0.000000000  0.000000000
  0.000000000  0.000000000  0.000000000
  0.000000000  0.000000000  0.000000000
  0.000000000  0.000000000  0.000000000
  0.000000000  0.000000000  0.000000000
  0.000000000  0.000000000  0.000000000
  0.000000000  0.000000000  0.000000000
  0.000000000  0.000000000  0.000000000
  0.000000000  0.000000000  0.000000000
  0.000000000  0.000000000  0.000000000
  0.000000000  0.000000000  0.000000000
  0.000000000  0.000000000  0.000000000
  0.000000000  0.000000000  0.000000000
  0.000000000  0.000000000  0.000000000
  0.000000000  0.000000000  0.000000000
  0.000000000  0.000000000  0.000000000
  0.000000000  0.000000000  0.000000000
  0.000000000  0.000000000  0.000000000
  0.000000000  0.000000000  0.000000000
  0.000000000  0.000000000  0.000000000
  0.000000000  0.000000000  0.000000000
  0.000000000  0.000000000  0.000000000
  0.000000000  0.000000000  0.000000000
  0.000000000  0.000000000  0.000000000
  0.000000000  0.000000000  0.000000000
  0.000000000  0.000000000  0.000000000
  0.000000000  0.000000000  0.000000000
  0.000000000  0.000000000  0.000000000
  0.000000000  0.000000000  0.000000000
  0.000000000  0.000000000  0.000000000
  0.000000000  0.000000000  0.000000000
  0.000000000  0.000000000  0.000000000
  0.000000000  0.000000000  0.000000000
  0.000000000  0.000000000  0.000000000
  0.000000000  0.000000000  0.000000000
  0.000000000  0.000000000  0.000000000
  0.000000000  0.000000000  0.000000000
  0.000000000  0.000000000  0.000000000
  0.000000000  0.000000000  0.000000000
  0.000000000  0.000000000  0.000000000
  0.000000000  0.000000000  0.000000000
  0.000000000  0.000000000  0.000000000
  0.000000000  0.000000000  0.000000000
  0.000000000  0.000000000  0.000000000
  0.000000000  0.000000000  0.000000000
  0.000000000  0.000000000  0.000000000
  0.000000000  0.000000000  0.000000000
  0.000000000  0.000000000  0.000000000
  0.000000000  0.000000000  0.000000000
  0.000000000  0.000000000  0.000000000
  0.000000000  0.000000000  0.000000000
  0.000000000  0.000000000  0.000000000
  0.000000000  0.000000000  0.000000000
  0.000000000  0.000000000  0.000000000
  0.000000000  0.000000000  0.000000000
  0.000000000  0.000000000  0.000000000
  0.000000000  0.000000000  0.000000000
  0.000000000  0.000000000  0.000000000
  0.000000000  0.000000000  0.000000000
  0.000000000  0.000000000  0.000000000
  0.000000000  0.000000000  0.000000000
  0.000000000  0.000000000  0.000000000
  0.000000000  0.000000000  0.000000000
  0.000000000  0.000000000  0.000000000
  0.000000000  0.000000000  0.000000000
  0.000000000  0.000000000  0.000000000
  0.000000000  0.000000000  0.000000000
  0.000000000  0.000000000  0.000000000
  0.000000000  0.000000000  0.000000000
  0.000000000  0.000000000  0.000000000
  0.000000000  0.000000000  0.000000000
  0.000000000  0.000000000  0.000000000
  0.000000000  0.000000000  0.000000000
  0.000000000  0.000000000  0.000000000
  0.000000000  0.000000000  0.000000000
  0.000000000  0.000000000  0.000000000
  0.000000000  0.000000000  0.000000000
  0.000000000  0.000000000  0.000000000
  0.000000000  0.000000000  0.000000000
  0.000000000  0.000000000  0.000000000
  0.000000000  0.000000000  0.000000000
  0.000000000  0.000000000  0.000000000
  0.000000000  0.000000000  0.000000000
  0.000000000  0.000000000  0.000000000
  0.000000000  0.000000000  0.000000000
  0.000000000  0.000000000  0.000000000
  0.000000000  0.000000000  0.000000000
  0.000000000  0.000000000  0.000000000
  0.000000000  0.000000000  0.000000000
  0.000000000  0.000000000  0.000000000
  0.000000000  0.000000000  0.000000000
  0.000000000  0.000000000  0.000000000
  0.000000000  0.000000000  0.000000000
  0.000000000  0.000000000  0.000000000
  0.000000000  0.000000000  0.000000000
  0.000000000  0.000000000  0.000000000
  0.000000000  0.000000000  0.000000000
  0.000000000  0.000000000  0.000000000
  0.000000000  0.000000000  0.000000000
  0.000000000  0.000000000  0.000000000
  0.000000000  0.000000000  0.000000000
  0.000000000  0.000000000  0.000000000
  0.000000000  0.000000000  0.000000000
  0.000000000  0.000000000  0.000000000
  0.000000000  0.000000000  0.000000000
  0.000000000  0.000000000  0.000000000
  0.000000000  0.000000000  0.000000000
  0.000000000  0.000000000  0.000000000
  0.000000000  0.000000000  0.000000000
  0.000000000  0.000000000  0.000000000
  0.000000000  0.000000000  0.000000000
  0.000000000  0.000000000  0.000000000
  0.000000000  0.000000000  0.000000000
  0.000000000  0.000000000  0.000000000
  0.000000000  0.000000000  0.000000000
  0.000000000  0.000000000  0.000000000
  0.000000000  0.000000000  0.000000000
  0.000000000  0.000000000  0.000000000
  0.000000000  0.000000000  0.000000000
  0.000000000  0.000000000  0.000000000
  0.000000000  0.000000000  0.000000000
  0.000000000  0.000000000  0.000000000
  0.000000000  0.000000000  0.000000000
  0.000000000  0.000000000  0.000000000
  0.000000000  0.000000000  0.000000000
  0.000000000  0.000000000  0.000000000
  0.000000000  0.000000000  0.000000000
  0.000000000  0.000000000  0.000000000
  0.000000000  0.000000000  0.000000000
  0.000000000  0.000000000  0.000000000
  0.000000000  0.000000000  0.000000000
  0.000000000  0.000000000  0.000000000
  0.000000000  0.000000000  0.000000000
  0.000000000  0.000000000  0.000000000
  0.000000000  0.000000000  0.000000000
  0.000000000  0.000000000  0.000000000
  0.000000000  0.000000000  0.000000000
  0.000000000  0.000000000  0.000000000
  0.000000000  0.000000000  0.000000000
  0.000000000  0.000000000  0.000000000
  0.000000000  0.000000000  0.000000000
  0.000000000  0.000000000  0.000000000
  0.000000000  0.000000000  0.000000000
  0.000000000  0.000000000  0.000000000
  0.000000000  0.000000000  0.000000000
  0.000000000  0.000000000  0.000000000
  0.000000000  0.000000000  0.000000000
  0.000000000  0.000000000  0.000000000
  0.000000000  0.000000000  0.000000000
  0.000000000  0.000000000  0.000000000
  0.000000000  0.000000000  0.000000000
  0.000000000  0.000000000  0.000000000
  0.000000000  0.000000000  0.000000000
  0.000000000  0.000000000  0.000000000
  0.000000000  0.000000000  0.000000000
  0.000000000  0.000000000  0.000000000
  0.000000000  0.000000000  0.000000000
  0.000000000  0.000000000  0.000000000
  0.000000000  0.000000000  0.000000000
  0.000000000  0.000000000  0.000000000
  0.000000000  0.000000000  0.000000000
  0.000000000  0.000000000  0.000000000
  0.000000000  0.000000000  0.000000000
  0.000000000  0.000000000  0.000000000
  0.000000000  0.000000000  0.000000000
  0.000000000  0.000000000  0.000000000
  0.000000000  0.000000000  0.000000000
  0.000000000  0.000000000  0.000000000
  0.000000000  0.000000000  0.000000000
  0.000000000  0.000000000  0.000000000
  0.000000000  0.000000000  0.000000000
  0.000000000  0.000000000  0.000000000
  0.000000000  0.000000000  0.000000000
  0.000000000  0.000000000  0.000000000
  0.000000000  0.000000000  0.000000000
  0.000000000  0.000000000  0.000000000
  0.000000000  0.000000000  0.000000000
  0.000000000  0.000000000  0.000000000
  0.000000000  0.000000000  0.000000000
  0.000000000  0.000000000  0.000000000
  0.000000000  0.000000000  0.000000000
  0.000000000  0.000000000  0.000000000
  0.000000000  0.000000000  0.000000000
  0.000000000  0.000000000  0.000000000
  0.000000000  0.000000000  0.000000000
  0.000000000  0.000000000  0.000000000
  0.000000000  0.000000000  0.000000000
  0.000000000  0.000000000  0.000000000
  0.000000000  0.000000000  0.000000000
  0.000000000  0.000000000  0.000000000
  0.000000000  0.000000000  0.000000000
  0.000000000  0.000000000  0.000000000
  0.000000000  0.000000000  0.000000000
  0.000000000  0.000000000  0.000000000
  0.000000000  0.000000000  0.000000000
  0.000000000  0.000000000  0.000000000
  0.000000000  0.000000000  0.000000000
  0.000000000  0.000000000  0.000000000
  0.000000000  0.000000000  0.000000000
  0.000000000  0.000000000  0.000000000
  0.000000000  0.000000000  0.000000000
  0.000000000  0.000000000  0.000000000
  0.000000000  0.000000000  0.000000000
  0.000000000  0.000000000  0.000000000
  0.000000000  0.000000000  0.000000000
  0.000000000  0.000000000  0.000000000
  0.000000000  0.000000000  0.000000000
  0.000000000  0.000000000  0.000000000
  0.000000000  0.000000000  0.000000000
  0.000000000  0.000000000  0.000000000
  0.000000000  0.000000000  0.000000000
  0.000000000  0.000000000  0.000000000
  0.000000000  0.000000000  0.000000000
  0.000000000  0.000000000  0.000000000
  0.000000000  0.000000000  0.000000000
  0.000000000  0.000000000  0.000000000
  0.000000000  0.000000000  0.000000000
  0.000000000  0.000000000  0.000000000
  0.000000000  0.000000000  0.000000000
  0.000000000  0.000000000  0.000000000
  0.000000000  0.000000000  0.000000000
  0.000000000  0.000000000  0.000000000
  0.000000000  0.000000000  0.000000000
  0.000000000  0.000000000  0.000000000
  0.000000000  0.000000000  0.000000000
  0.000000000  0.000000000  0.000000000
  0.000000000  0.000000000  0.000000000
  0.000000000  0.000000000  0.000000000
  0.000000000  0.000000000  0.000000000
  0.000000000  0.000000000  0.000000000
  0.000000000  0.000000000  0.000000000
  0.000000000  0.000000000  0.000000000
  0.000000000  0.000000000  0.000000000
  0.000000000  0.000000000  0.000000000
  0.000000000  0.000000000  0.000000000
  0.000000000  0.000000000  0.000000000
  0.000000000  0.000000000  0.000000000
  0.000000000  0.000000000  0.000000000
  0.000000000  0.000000000  0.000000000
  0.000000000  0.000000000  0.000000000
  0.000000000  0.000000000  0.000000000
  0.000000000  0.000000000  0.000000000
  0.000000000  0.000000000  0.000000000
  0.000000000  0.000000000  0.000000000
  0.000000000  0.000000000  0.000000000
  0.000000000  0.000000000  0.000000000
  0.000000000  0.000000000  0.000000000
  0.000000000  0.000000000  0.000000000
  0.000000000  0.000000000  0.000000000
  0.000000000  0.000000000  0.000000000
  0.000000000  0.000000000  0.000000000
  0.000000000  0.000000000  0.000000000
  0.000000000  0.000000000  0.000000000
  0.000000000  0.000000000  0.000000000
  0.000000000  0.000000000  0.000000000
  0.000000000  0.000000000  0.000000000
  0.000000000  0.000000000  0.000000000
  0.000000000  0.000000000  0.000000000
  0.000000000  0.000000000  0.000000000
  0.000000000  0.000000000  0.000000000
  0.000000000  0.000000000  0.000000000
  0.000000000  0.000000000  0.000000000
  0.000000000  0.000000000  0.000000000
  0.000000000  0.000000000  0.000000000
  0.000000000  0.000000000  0.000000000
  0.000000000  0.000000000  0.000000000
  0.000000000  0.000000000  0.000000000
  0.000000000  0.000000000  0.000000000
  0.000000000  0.000000000  0.000000000
  0.000000000  0.000000000  0.000000000
  0.000000000  0.000000000  0.000000000
  0.000000000  0.000000000  0.000000000
  0.000000000  0.000000000  0.000000000
  0.000000000  0.000000000  0.000000000
  0.000000000  0.000000000  0.000000000
  0.000000000  0.000000000  0.000000000
  0.000000000  0.000000000  0.000000000
  0.000000000  0.000000000  0.000000000
  0.000000000  0.000000000  0.000000000
  0.000000000  0.000000000  0.000000000
  0.000000000  0.000000000  0.000000000
  0.000000000  0.000000000  0.000000000
  0.000000000  0.000000000  0.000000000
  0.000000000  0.000000000  0.000000000
  0.000000000  0.000000000  0.000000000
  0.000000000  0.000000000  0.000000000
  0.000000000  0.000000000  0.000000000
  0.000000000  0.000000000  0.000000000
  0.000000000  0.000000000  0.000000000
  0.000000000  0.000000000  0.000000000
  0.000000000  0.000000000  0.000000000
  0.000000000  0.000000000  0.000000000
  0.000000000  0.000000000  0.000000000
  0.000000000  0.000000000  0.000000000
  0.000000000  0.000000000  0.000000000
  0.000000000  0.000000000  0.000000000
  0.000000000  0.000000000  0.000000000
  0.000000000  0.000000000  0.000000000
  0.000000000  0.000000000  0.000000000
  0.000000000  0.000000000  0.000000000
  0.000000000  0.000000000  0.000000000
  0.000000000  0.000000000  0.000000000
  0.000000000  0.000000000  0.000000000
 0 0 0
 0 0 0
 0 0 0
 0 0 0
 0 0 0
 0 0 0
 0 0 0
 0 0 0
 0 0 0
 0 0 0
 0 0 0
 0 0 0
 0 0 0
 0 0 0
 0 0 0
 0 0 0
 0 0 0
 0 0 0
 0 0 0
 0 0 0
 0 0 0
 0 0 0
 0 0 0
 0 0 0
 0 0 0
 0 0 0
 0 0 0
 0 0 0
 0 0 0
 0 0 0
 0 0 0
 0 0 0
 0 0 0
 0 0 0
 0 0 0
 0 0 0
 0 0 0
 0 0 0
 0 0 0
 0 0 0
 0 0 0
 0 0 0
 0 0 0
 0 0 0
 0 0 0
 0 0 0
 0 0 0
 0 0 0
 0 0 0
 0 0 0
 0 0 0
 0 0 0
 0 0 0
 0 0 0
 0 0 0
 0 0 0
 0 0 0
 0 0 0
 0 0 0
 0 0 0
 0 0 0
 0 0 0
 0 0 0
 0 0 0
 0 0 0
 0 0 0
 0 0 0
 0 0 0
 0 0 0
 0 0 0
 0 0 0
 0 0 0
 0 0 0
 0 0 0
 0 0 0
 0 0 0
 0 0 0
 0 0 0
 0 0 0
 0 0 0
 0 0 0
 0 0 0
 0 0 0
 0 0 0
 0 0 0
 0 0 0
 0 0 0
 0 0 0
 0 0 0
 0 0 0
 0 0 0
 0 0 0
 0 0 0
 0 0 0
 0 0 0
 0 0 0
 0 0 0
 0 0 0
 0 0 0
 0 0 0
 0 0 0
 0 0 0
 0 0 0
 0 0 0
 0 0 0
 0 0 0
 0 0 0
 0 0 0
 0 0 0
 0 0 0
 0 0 0
 0 0 0
 0 0 0
 0 0 0
 0 0 0
 0 0 0
 0 0 0
 0 0 0
 0 0 0
 0 0 0
 0 0 0
 0 0 0
 0 0 0
 0 0 0
 0 0 0
 0 0 0
 0 0 0
 0 0 0
 0 0 0
 0 0 0
 0 0 0
 0 0 0
 0 0 0
 0 0 0
 0 0 0
 0 0 0
 0 0 0
 0 0 0
 0 0 0
 0 0 0
 0 0 0
 0 0 0
 0 0 0
 0 0 0
 0 0 0
 0 0 0
 0 0 0
 0 0 0
 0 0 0
 0 0 0
 0 0 0
 0 0 0
 0 0 0
 0 0 0
 0 0 0
 0 0 0
 0 0 0
 0 0 0
 0 0 0
 0 0 0
 0 0 0
 0 0 0
 0 0 0
 0 0 0
 0 0 0
 0 0 0
 0 0 0
 0 0 0
 0 0 0
 0 0 0
 0 0 0
 0 0 0
 0 0 0
 0 0 0
 0 0 0
 0 0 0
 0 0 0
 0 0 0
 0 0 0
 0 0 0
 0 0 0
 0 0 0
 0 0 0
 0 0 0
 0 0 0
 0 0 0
 0 0 0
 0 0 0
 0 0 0
 0 0 0
 0 0 0
 0 0 0
 0 0 0
 0 0 0
 0 0 0
 0 0 0
 0 0 0
 0 0 0
 0 0 0
 0 0 0
 0 0 0
 0 0 0
 0 0 0
 0 0 0
 0 0 0
 0 0 0
 0 0 0
 0 0 0
 0 0 0
 0 0 0
 0 0 0
 0 0 0
 0 0 0
 0 0 0
 0 0 0
 0 0 0
 0 0 0
 0 0 0
 0 0 0
 0 0 0
 0 0 0
 0 0 0
 0 0 0
 0 0 0
 0 0 0
 0 0 0
 0 0 0
 0 0 0
 0 0 0
 0 0 0
 0 0 0
 0 0 0
 0 0 0
 0 0 0
 0 0 0
 0 0 0
 0 0 0
 0 0 0
 0 0 0
 0 0 0
 0 0 0
 0 0 0
 0 0 0
 0 0 0
 0 0 0
 0 0 0
 0 0 0
 0 0 0
 0 0 0
 0 0 0
 0 0 0
 0 0 0
 0 0 0
 0 0 0
 0 0 0
 0 0 0
 0 0 0
 0 0 0
 0 0 0
 0 0 0
 0 0 0
 0 0 0
 0 0 0
 0 0 0
 0 0 0
 0 0 0
 0 0 0
 0 0 0
 0 0 0
 0 0 0
 0 0 0
 0 0 0
 0 0 0
 0 0 0
 0 0 0
 0 0 0
 0 0 0
 0 0 0
 0 0 0
 0 0 0
 0 0 0
 0 0 0
 0 0 0
 0 0 0
 0 0 0
 0 0 0
 0 0 0
 0 0 0
 0 0 0
 0 0 0
 0 0 0
 0 0 0
 0 0 0
 0 0 0
 0 0 0
 0 0 0
 0 0 0
 0 0 0
 0 0 0
 0 0 0
 0 0 0
 0 0 0
 0 0 0
 0 0 0
 0 0 0
 0 0 0
 0 0 0
 0 0 0
 0 0 0
 0 0 0
 0 0 0
 0 0 0
 0 0 0
 0 0 0
 0 0 0
 0 0 0
 0 0 0
 0 0 0
 0 0 0
 0 0 0
 0 0 0
 0 0 0
 0 0 0
 0 0 0
 0 0 0
 0 0 0
 0 0 0
 0 0 0
 0 0 0
 0 0 0
 0 0 0
 0 0 0
 0 0 0
 0 0 0
 0 0 0
 0 0 0
 0 0 0
 0 0 0
 0 0 0
 0 0 0
 0 0 0
 0 0 0
 0 0 0
 0 0 0
 0 0 0
 0 0 0
 0 0 0
 0 0 0
 0 0 0
 0 0 0
  0.000000000  0.000000000  0.000000000
  0.000000000  0.000000000  0.000000000
  0.000000000  0.000000000  0.000000000
  0.000000000  0.000000000  0.000000000
  0.000000000  0.000000000  0.000000000
  0.000000000  0.000000000  0.000000000
  0.000000000  0.000000000  0.000000000
  0.000000000  0.000000000  0.000000000
  0.000000000  0.000000000  0.000000000
  0.000000000  0.000000000  0.000000000
  0.000000000  0.000000000  0.000000000
  0.000000000  0.000000000  0.000000000
  0.000000000  0.000000000  0.000000000
  0.000000000  0.000000000  0.000000000
  0.000000000  0.000000000  0.000000000
  0.000000000  0.000000000  0.000000000
  0.000000000  0.000000000  0.000000000
  0.000000000  0.000000000  0.000000000
  0.000000000  0.000000000  0.000000000
  0.000000000  0.000000000  0.000000000
  0.000000000  0.000000000  0.000000000
  0.000000000  0.000000000  0.000000000
  0.000000000  0.000000000  0.000000000
  0.000000000  0.000000000  0.000000000
  0.000000000  0.000000000  0.000000000
  0.000000000  0.000000000  0.000000000
  0.000000000  0.000000000  0.000000000
  0.000000000  0.000000000  0.000000000
  0.000000000  0.000000000  0.000000000
  0.000000000  0.000000000  0.000000000
  0.000000000  0.000000000  0.000000000
  0.000000000  0.000000000  0.000000000
  0.000000000  0.000000000  0.000000000
  0.000000000  0.000000000  0.000000000
  0.000000000  0.000000000  0.000000000
  0.000000000  0.000000000  0.000000000
  0.000000000  0.000000000  0.000000000
  0.000000000  0.000000000  0.000000000
  0.000000000  0.000000000  0.000000000
  0.000000000  0.000000000  0.000000000
  0.000000000  0.000000000  0.000000000
  0.000000000  0.000000000  0.000000000
  0.000000000  0.000000000  0.000000000
  0.000000000  0.000000000  0.000000000
  0.000000000  0.000000000  0.000000000
  0.000000000  0.000000000  0.000000000
  0.000000000  0.000000000  0.000000000
  0.000000000  0.000000000  0.000000000
  0.000000000  0.000000000  0.000000000
  0.000000000  0.000000000  0.000000000
  0.000000000  0.000000000  0.000000000
  0.000000000  0.000000000  0.000000000
  0.000000000  0.000000000  0.000000000
  0.000000000  0.000000000  0.000000000
  0.000000000  0.000000000  0.000000000
  0.000000000  0.000000000  0.000000000
  0.000000000  0.000000000  0.000000000
  0.000000000  0.000000000  0.000000000
  0.000000000  0.000000000  0.000000000
  0.000000000  0.000000000  0.000000000
  0.000000000  0.000000000  0.000000000
  0.000000000  0.000000000  0.000000000
  0.000000000  0.000000000  0.000000000
  0.000000000  0.000000000  0.000000000
  0.000000000  0.000000000  0.000000000
  0.000000000  0.000000000  0.000000000
  0.000000000  0.000000000  0.000000000
  0.000000000  0.000000000  0.000000000
  0.000000000  0.000000000  0.000000000
  0.000000000  0.000000000  0.000000000
  0.000000000  0.000000000  0.000000000
  0.000000000  0.000000000  0.000000000
  0.000000000  0.000000000  0.000000000
  0.000000000  0.000000000  0.000000000
  0.000000000  0.000000000  0.000000000
  0.000000000  0.000000000  0.000000000
  0.000000000  0.000000000  0.000000000
  0.000000000  0.000000000  0.000000000
  0.000000000  0.000000000  0.000000000
  0.000000000  0.000000000  0.000000000
  0.000000000  0.000000000  0.000000000
  0.000000000  0.000000000  0.000000000
  0.000000000  0.000000000  0.000000000
  0.000000000  0.000000000  0.000000000
  0.000000000  0.000000000  0.000000000
  0.000000000  0.000000000  0.000000000
  0.000000000  0.000000000  0.000000000
  0.000000000  0.000000000  0.000000000
  0.000000000  0.000000000  0.000000000
  0.000000000  0.000000000  0.000000000
  0.000000000  0.000000000  0.000000000
  0.000000000  0.000000000  0.000000000
  0.000000000  0.000000000  0.000000000
  0.000000000  0.000000000  0.000000000
  0.000000000  0.000000000  0.000000000
  0.000000000  0.000000000  0.000000000
  0.000000000  0.000000000  0.000000000
  0.000000000  0.000000000  0.000000000
  0.000000000  0.000000000  0.000000000
  0.000000000  0.000000000  0.000000000
  0.000000000  0.000000000  0.000000000
  0.000000000  0.000000000  0.000000000
  0.000000000  0.000000000  0.000000000
  0.000000000  0.000000000  0.000000000
  0.000000000  0.000000000  0.000000000
  0.000000000  0.000000000  0.000000000
  0.000000000  0.000000000  0.000000000
  0.000000000  0.000000000  0.000000000
  0.000000000  0.000000000  0.000000000
  0.000000000  0.000000000  0.000000000
  0.000000000  0.000000000  0.000000000
  0.000000000  0.000000000  0.000000000
  0.000000000  0.000000000  0.000000000
  0.000000000  0.000000000  0.000000000
  0.000000000  0.000000000  0.000000000
  0.000000000  0.000000000  0.000000000
  0.000000000  0.000000000  0.000000000
  0.000000000  0.000000000  0.000000000
  0.000000000  0.000000000  0.000000000
  0.000000000  0.000000000  0.000000000
  0.000000000  0.000000000  0.000000000
  0.000000000  0.000000000  0.000000000
  0.000000000  0.000000000  0.000000000
  0.000000000  0.000000000  0.000000000
  0.000000000  0.000000000  0.000000000
  0.000000000  0.000000000  0.000000000
  0.000000000  0.000000000  0.000000000
  0.000000000  0.000000000  0.000000000
  0.000000000  0.000000000  0.000000000
  0.000000000  0.000000000  0.000000000
  0.000000000  0.000000000  0.000000000
  0.000000000  0.000000000  0.000000000
  0.000000000  0.000000000  0.000000000
  0.000000000  0.000000000  0.000000000
  0.000000000  0.000000000  0.000000000
  0.000000000  0.000000000  0.000000000
  0.000000000  0.000000000  0.000000000
  0.000000000  0.000000000  0.000000000
  0.000000000  0.000000000  0.000000000
  0.000000000  0.000000000  0.000000000
  0.000000000  0.000000000  0.000000000
  0.000000000  0.000000000  0.000000000
  0.000000000  0.000000000  0.000000000
  0.000000000  0.000000000  0.000000000
  0.000000000  0.000000000  0.000000000
  0.000000000  0.000000000  0.000000000
  0.000000000  0.000000000  0.000000000
  0.000000000  0.000000000  0.000000000
  0.000000000  0.000000000  0.000000000
  0.000000000  0.000000000  0.000000000
  0.000000000  0.000000000  0.000000000
  0.000000000  0.000000000  0.000000000
  0.000000000  0.000000000  0.000000000
  0.000000000  0.000000000  0.000000000
  0.000000000  0.000000000  0.000000000
  0.000000000  0.000000000  0.000000000
  0.000000000  0.000000000  0.000000000
  0.000000000  0.000000000  0.000000000
  0.000000000  0.000000000  0.000000000
  0.000000000  0.000000000  0.000000000
  0.000000000  0.000000000  0.000000000
  0.000000000  0.000000000  0.000000000
  0.000000000  0.000000000  0.000000000
  0.000000000  0.000000000  0.000000000
  0.000000000  0.000000000  0.000000000
  0.000000000  0.000000000  0.000000000
  0.000000000  0.000000000  0.000000000
  0.000000000  0.000000000  0.000000000
  0.000000000  0.000000000  0.000000000
  0.000000000  0.000000000  0.000000000
  0.000000000  0.000000000  0.000000000
  0.000000000  0.000000000  0.000000000
  0.000000000  0.000000000  0.000000000
  0.000000000  0.000000000  0.000000000
  0.000000000  0.000000000  0.000000000
  0.000000000  0.000000000  0.000000000
  0.000000000  0.000000000  0.000000000
  0.000000000  0.000000000  0.000000000
  0.000000000  0.000000000  0.000000000
  0.000000000  0.000000000  0.000000000
  0.000000000  0.000000000  0.000000000
  0.000000000  0.000000000  0.000000000
  0.000000000  0.000000000  0.000000000
  0.000000000  0.000000000  0.000000000
  0.000000000  0.000000000  0.000000000
  0.000000000  0.000000000  0.000000000
  0.000000000  0.000000000  0.000000000
  0.000000000  0.000000000  0.000000000
  0.000000000  0.000000000  0.000000000
  0.000000000  0.000000000  0.000000000
  0.000000000  0.000000000  0.000000000
  0.000000000  0.000000000  0.000000000
  0.000000000  0.000000000  0.000000000
  0.000000000  0.000000000  0.000000000
  0.000000000  0.000000000  0.000000000
  0.000000000  0.000000000  0.000000000
  0.000000000  0.000000000  0.000000000
  0.000000000  0.000000000  0.000000000
  0.000000000  0.000000000  0.000000000
  0.000000000  0.000000000  0.000000000
  0.000000000  0.000000000  0.000000000
  0.000000000  0.000000000  0.000000000
  0.000000000  0.000000000  0.000000000
  0.000000000  0.000000000  0.000000000
  0.000000000  0.000000000  0.000000000
  0.000000000  0.000000000  0.000000000
  0.000000000  0.000000000  0.000000000
  0.000000000  0.000000000  0.000000000
  0.000000000  0.000000000  0.000000000
  0.000000000  0.000000000  0.000000000
  0.000000000  0.000000000  0.000000000
  0.000000000  0.000000000  0.000000000
  0.000000000  0.000000000  0.000000000
  0.000000000  0.000000000  0.000000000
  0.000000000  0.000000000  0.000000000
  0.000000000  0.000000000  0.000000000
  0.000000000  0.000000000  0.000000000
  0.000000000  0.000000000  0.000000000
  0.000000000  0.000000000  0.000000000
  0.000000000  0.000000000  0.000000000
  0.000000000  0.000000000  0.000000000
  0.000000000  0.000000000  0.000000000
  0.000000000  0.000000000  0.000000000
  0.000000000  0.000000000  0.000000000
  0.000000000  0.000000000  0.000000000
  0.000000000  0.000000000  0.000000000
  0.000000000  0.000000000  0.000000000
  0.000000000  0.000000000  0.000000000
  0.000000000  0.000000000  0.000000000
  0.000000000  0.000000000  0.000000000
  0.000000000  0.000000000  0.000000000
  0.000000000  0.000000000  0.000000000
  0.000000000  0.000000000  0.000000000
  0.000000000  0.000000000  0.000000000
  0.000000000  0.000000000  0.000000000
  0.000000000  0.000000000  0.000000000
  0.000000000  0.000000000  0.000000000
  0.000000000  0.000000000  0.000000000
  0.000000000  0.000000000  0.000000000
  0.000000000  0.000000000  0.000000000
  0.000000000  0.000000000  0.000000000
  0.000000000  0.000000000  0.000000000
  0.000000000  0.000000000  0.000000000
  0.000000000  0.000000000  0.000000000
  0.000000000  0.000000000  0.000000000
  0.000000000  0.000000000  0.000000000
  0.000000000  0.000000000  0.000000000
  0.000000000  0.000000000  0.000000000
  0.000000000  0.000000000  0.000000000
  0.000000000  0.000000000  0.000000000
  0.000000000  0.000000000  0.000000000
  0.000000000  0.000000000  0.000000000
  0.000000000  0.000000000  0.000000000
  0.000000000  0.000000000  0.000000000
  0.000000000  0.000000000  0.000000000
  0.000000000  0.000000000  0.000000000
  0.000000000  0.000000000  0.000000000
  0.000000000  0.000000000  0.000000000
  0.000000000  0.000000000  0.000000000
  0.000000000  0.000000000  0.000000000
  0.000000000  0.000000000  0.000000000
  0.000000000  0.000000000  0.000000000
  0.000000000  0.000000000  0.000000000
  0.000000000  0.000000000  0.000000000
  0.000000000  0.000000000  0.000000000
  0.000000000  0.000000000  0.000000000
  0.000000000  0.000000000  0.000000000
  0.000000000  0.000000000  0.000000000
  0.000000000  0.000000000  0.000000000
  0.000000000  0.000000000  0.000000000
  0.000000000  0.000000000  0.000000000
  0.000000000  0.000000000  0.000000000
  0.000000000  0.000000000  0.000000000
  0.000000000  0.000000000  0.000000000
  0.000000000  0.000000000  0.000000000
  0.000000000  0.000000000  0.000000000
  0.000000000  0.000000000  0.000000000
  0.000000000  0.000000000  0.000000000
  0.000000000  0.000000000  0.000000000
  0.000000000  0.000000000  0.000000000
  0.000000000  0.000000000  0.000000000
  0.000000000  0.000000000  0.000000000
  0.000000000  0.000000000  0.000000000
  0.000000000  0.000000000  0.000000000
  0.000000000  0.000000000  0.000000000
  0.000000000  0.000000000  0.000000000
  0.000000000  0.000000000  0.000000000
  0.000000000  0.000000000  0.000000000
  0.000000000  0.000000000  0.000000000
  0.000000000  0.000000000  0.000000000
  0.000000000  0.000000000  0.000000000
  0.000000000  0.000000000  0.000000000
  0.000000000  0.000000000  0.000000000
  0.000000000  0.000000000  0.000000000
  0.000000000  0.000000000  0.000000000
  0.000000000  0.000000000  0.000000000
  0.000000000  0.000000000  0.000000000
  0.000000000  0.000000000  0.000000000
  0.000000000  0.000000000  0.000000000
  0.000000000  0.000000000  0.000000000
  0.000000000  0.000000000  0.000000000
  0.000000000  0.000000000  0.000000000
  0.000000000  0.000000000  0.000000000
  0.000000000  0.000000000  0.000000000
  0.000000000  0.000000000  0.000000000
  0.000000000  0.000000000  0.000000000
  0.000000000  0.000000000  0.000000000
  0.000000000  0.000000000  0.000000000
  0.000000000  0.000000000  0.000000000
  0.000000000  0.000000000  0.000000000
  0.000000000  0.000000000  0.000000000
  0.000000000  0.000000000  0.000000000
  0.000000000  0.000000000  0.000000000
  0.000000000  0.000000000  0.000000000
  0.000000000  0.000000000  0.000000000
  0.000000000  0.000000000  0.000000000
  0.000000000  0.000000000  0.000000000
  0.000000000  0.000000000  0.000000000
  0.000000000  0.000000000  0.000000000
  0.000000000  0.000000000  0.000000000
  0.000000000  0.000000000  0.000000000
  0.000000000  0.000000000  0.000000000
  0.000000000  0.000000000  0.000000000
  0.000000000  0.000000000  0.000000000
  0.000000000  0.000000000  0.000000000
  0.000000000  0.000000000  0.000000000
  0.000000000  0.000000000  0.000000000
  0.000000000  0.000000000  0.000000000
  0.000000000  0.000000000  0.000000000
  0.000000000  0.000000000  0.000000000
  0.000000000  0.000000000  0.000000000
  0.000000000  0.000000000  0.000000000
  0.000000000  0.000000000  0.000000000
  0.000000000  0.000000000  0.000000000
  0.000000000  0.000000000  0.000000000
  0.000000000  0.000000000  0.000000000
  0.000000000  0.000000000  0.000000000
  0.000000000  0.000000000  0.000000000
  0.000000000  0.000000000  0.000000000
  0.000000000  0.000000000  0.000000000
  0.000000000  0.000000000  0.000000000
  0.000000000  0.000000000  0.000000000
  0.000000000  0.000000000  0.000000000
  0.000000000  0.000000000  0.000000000
  0.000000000  0.000000000  0.000000000
  0.000000000  0.000000000  0.000000000
  0.000000000  0.000000000  0.000000000
  0.000000000  0.000000000  0.000000000
  0.000000000  0.000000000  0.000000000
  0.000000000  0.000000000  0.000000000
  0.000000000  0.000000000  0.000000000
  0.000000000  0.000000000  0.000000000
  0.000000000  0.000000000  0.000000000
  0.000000000  0.000000000  0.000000000
  0.000000000  0.000000000  0.000000000
  0.000000000  0.000000000  0.000000000
  0.000000000  0.000000000  0.000000000
  0.000000000  0.000000000  0.000000000
  0.000000000  0.000000000  0.000000000
  0.000000000  0.000000000  0.000000000
  0.000000000  0.000000000  0.000000000
  0.000000000  0.000000000  0.000000000
  0.000000000  0.000000000  0.000000000
  0.000000000  0.000000000  0.000000000
  0.000000000  0.000000000  0.000000000
  0.000000000  0.000000000  0.000000000
  0.000000000  0.000000000  0.000000000
  0.000000000  0.000000000  0.000000000
  0.000000000  0.000000000  0.000000000
  0.000000000  0.000000000  0.000000000
  0.000000000  0.000000000  0.000000000
  0.000000000  0.000000000  0.000000000
  0.000000000  0.000000000  0.000000000
  0.000000000  0.000000000  0.000000000
  0.000000000  0.000000000  0.000000000
  0.000000000  0.000000000  0.000000000
  0.000000000  0.000000000  0.000000000
  0.000000000  0.000000000  0.000000000
  0.000000000  0.000000000  0.000000000
  0.000000000  0.000000000  0.000000000
  0.000000000  0.000000000  0.000000000
  0.000000000  0.000000000  0.000000000
  0.000000000  0.000000000  0.000000000
  0.000000000  0.000000000  0.000000000
  0.000000000  0.000000000  0.000000000
  0.000000000  0.000000000  0.000000000
  0.000000000  0.000000000  0.000000000
  0.000000000  0.000000000  0.000000000
  0.000000000  0.000000000  0.000000000
  0.000000000  0.000000000  0.000000000
  0.000000000  0.000000000  0.000000000
  0.000000000  0.000000000  0.000000000
  0.000000000  0.000000000  0.000000000
  0.000000000  0.000000000  0.000000000
  0.000000000  0.000000000  0.000000000
  0.000000000  0.000000000  0.000000000
  0.000000000  0.000000000  0.000000000
  0.000000000  0.000000000  0.000000000
  0.000000000  0.000000000  0.000000000
  0.000000000  0.000000000  0.000000000
  0.000000000  0.000000000  0.000000000
  0.000000000  0.000000000  0.000000000
  0.000000000  0.000000000  0.000000000
  0.000000000  0.000000000  0.000000000
  0.000000000  0.000000000  0.000000000
  0.000000000  0.000000000  0.000000000
  0.000000000  0.000000000  0.000000000
  0.000000000  0.000000000  0.000000000
  0.000000000  0.000000000  0.000000000
  0.000000000  0.000000000  0.000000000
  0.000000000  0.000000000  0.000000000
  0.000000000  0.000000000  0.000000000
  0.000000000  0.000000000  0.000000000
  0.000000000  0.000000000  0.000000000
  0.000000000  0.000000000  0.000000000
  0.000000000  0.000000000  0.000000000
  0.000000000  0.000000000  0.000000000
  0.000000000  0.000000000  0.000000000
  0.000000000  0.000000000  0.000000000
  0.000000000  0.000000000  0.000000000
  0.000000000  0.000000000  0.000000000
  0.000000000  0.000000000  0.000000000
  0.000000000  0.000000000  0.000000000
  0.000000000  0.000000000  0.000000000
  0.000000000  0.000000000  0.000000000
  0.000000000  0.000000000  0.000000000
  0.000000000  0.000000000  0.000000000
  0.000000000  0.000000000  0.000000000
  0.000000000  0.000000000  0.000000000
  0.000000000  0.000000000  0.000000000
  0.000000000  0.000000000  0.000000000
  0.000000000  0.000000000  0.000000000
  0.000000000  0.000000000  0.000000000
  0.000000000  0.000000000  0.000000000
  0.000000000  0.000000000  0.000000000
  0.000000000  0.000000000  0.000000000
  0.000000000  0.000000000  0.000000000
  0.000000000  0.000000000  0.000000000
  0.000000000  0.000000000  0.000000000
  0.000000000  0.000000000  0.000000000
  0.000000000  0.000000000  0.000000000
  0.000000000  0.000000000  0.000000000
  0.000000000  0.000000000  0.000000000
  0.000000000  0.000000000  0.000000000
  0.000000000  0.000000000  0.000000000
  0.000000000  0.000000000  0.000000000
  0.000000000  0.000000000  0.000000000
  0.000000000  0.000000000  0.000000000
  0.000000000  0.000000000  0.000000000
  0.000000000  0.000000000  0.000000000
  0.000000000  0.000000000  0.000000000
  0.000000000  0.000000000  0.000000000
  0.000000000  0.000000000  0.000000000
  0.000000000  0.000000000  0.000000000
  0.000000000  0.000000000  0.000000000
  0.000000000  0.000000000  0.000000000
  0.000000000  0.000000000  0.000000000
  0.000000000  0.000000000  0.000000000
  0.000000000  0.000000000  0.000000000
  0.000000000  0.000000000  0.000000000
  0.000000000  0.000000000  0.000000000
  0.000000000  0.000000000  0.000000000
  0.000000000  0.000000000  0.000000000
  0.000000000  0.000000000  0.000000000
  0.000000000  0.000000000  0.000000000
  0.000000000  0.000000000  0.000000000
  0.000000000  0.000000000  0.000000000
  0.000000000  0.000000000  0.000000000
  0.000000000  0.000000000  0.000000000
  0.000000000  0.000000000  0.000000000
  0.000000000  0.000000000  0.000000000
  0.000000000  0.000000000  0.000000000
  0.000000000  0.000000000  0.000000000
  0.000000000  0.000000000  0.000000000
  0.000000000  0.000000000  0.000000000
  0.000000000  0.000000000  0.000000000
  0.000000000  0.000000000  0.000000000
  0.000000000  0.000000000  0.000000000
  0.000000000  0.000000000  0.000000000
  0.000000000  0.000000000  0.000000000
  0.000000000  0.000000000  0.000000000
  0.000000000  0.000000000  0.000000000
  0.000000000  0.000000000  0.000000000
  0.000000000  0.000000000  0.000000000
  0.000000000  0.000000000  0.000000000
  0.000000000  0.000000000  0.000000000
  0.000000000  0.000000000  0.000000000
  0.000000000  0.000000000  0.000000000
  0.000000000  0.000000000  0.000000000
  0.000000000  0.000000000  0.000000000
  0.000000000  0.000000000  0.000000000
  0.000000000  0.000000000  0.000000000
  0.000000000  0.000000000  0.000000000
  0.000000000  0.000000000  0.000000000
  0.000000000  0.000000000  0.000000000
  0.000000000  0.000000000  0.000000000
  0.000000000  0.000000000  0.000000000
  0.000000000  0.000000000  0.000000000
  0.000000000  0.000000000  0.000000000
  0.000000000  0.000000000  0.000000000
  0.000000000  0.000000000  0.000000000
  0.000000000  0.000000000  0.000000000
  0.000000000  0.000000000  0.000000000
  0.000000000  0.000000000  0.000000000
  0.000000000  0.000000000  0.000000000
  0.000000000  0.000000000  0.000000000
  0.000000000  0.000000000  0.000000000
  0.000000000  0.000000000  0.000000000
  0.000000000  0.000000000  0.000000000
  0.000000000  0.000000000  0.000000000
  0.000000000  0.000000000  0.000000000
  0.000000000  0.000000000  0.000000000
  0.000000000  0.000000000  0.000000000
  0.000000000  0.000000000  0.000000000
  0.000000000  0.000000000  0.000000000
  0.000000000  0.000000000  0.000000000
  0.000000000  0.000000000  0.000000000
  0.000000000  0.000000000  0.000000000
   1.06000000000000     
   1.06000000000000     
   1.06000000000000     
   1.06000000000000     
   1.06000000000000     
   1.06000000000000     
   1.06000000000000     
   1.06000000000000     
   1.06000000000000     
   1.06000000000000     
   1.06000000000000     
   1.06000000000000     
   1.06000000000000     
   1.06000000000000     
   1.06000000000000     
   1.06000000000000     
   1.06000000000000     
   1.06000000000000     
   1.06000000000000     
   1.06000000000000     
   1.06000000000000     
   1.06000000000000     
   1.06000000000000     
   1.06000000000000     
   1.06000000000000     
   1.06000000000000     
   1.06000000000000     
   1.06000000000000     
   1.06000000000000     
   1.06000000000000     
   1.06000000000000     
   1.06000000000000     
   1.06000000000000     
   1.06000000000000     
   1.06000000000000     
   1.06000000000000     
   1.06000000000000     
   1.06000000000000     
   1.06000000000000     
   1.06000000000000     
   1.06000000000000     
   1.06000000000000     
   1.06000000000000     
   1.06000000000000     
   1.06000000000000     
   1.06000000000000     
   1.06000000000000     
   1.06000000000000     
   1.06000000000000     
   1.06000000000000     
   1.06000000000000     
   1.06000000000000     
   1.06000000000000     
   1.06000000000000     
   1.06000000000000     
   1.06000000000000     
   1.06000000000000     
   1.06000000000000     
   1.06000000000000     
   1.06000000000000     
   1.06000000000000     
   1.06000000000000     
   1.06000000000000     
   1.06000000000000     
   1.06000000000000     
   1.06000000000000     
   1.06000000000000     
   1.06000000000000     
   1.06000000000000     
   1.06000000000000     
   1.06000000000000     
   1.06000000000000     
   1.06000000000000     
   1.06000000000000     
   1.06000000000000     
   1.06000000000000     
   1.06000000000000     
   1.06000000000000     
   1.06000000000000     
   1.06000000000000     
   1.06000000000000     
   1.06000000000000     
   1.06000000000000     
   1.06000000000000     
   1.06000000000000     
   1.06000000000000     
   1.06000000000000     
   1.06000000000000     
   1.06000000000000     
   1.06000000000000     
   1.06000000000000     
   1.06000000000000     
   1.06000000000000     
   1.06000000000000     
   1.06000000000000     
   1.06000000000000     
   1.06000000000000     
   1.06000000000000     
   1.06000000000000     
   1.06000000000000     
   1.06000000000000     
   1.06000000000000     
   1.06000000000000     
   1.06000000000000     
   1.06000000000000     
   1.06000000000000     
   1.06000000000000     
   1.06000000000000     
   1.06000000000000     
   1.06000000000000     
   1.06000000000000     
   1.06000000000000     
   1.06000000000000     
   1.06000000000000     
   1.06000000000000     
   1.06000000000000     
   1.06000000000000     
   1.06000000000000     
   1.06000000000000     
   1.06000000000000     
   1.06000000000000     
   1.06000000000000     
   1.06000000000000     
   1.06000000000000     
   1.06000000000000     
   1.06000000000000     
   1.06000000000000     
   1.06000000000000     
   1.06000000000000     
   1.06000000000000     
   1.06000000000000     
   1.06000000000000     
   1.06000000000000     
   1.06000000000000     
   1.06000000000000     
   1.06000000000000     
   1.06000000000000     
   1.06000000000000     
   1.06000000000000     
   1.06000000000000     
   1.06000000000000     
   1.06000000000000     
   1.06000000000000     
   1.06000000000000     
   1.06000000000000     
   1.06000000000000     
   1.06000000000000     
   1.06000000000000     
   1.06000000000000     
   1.06000000000000     
   1.06000000000000     
   1.06000000000000     
   1.06000000000000     
   1.06000000000000     
   1.06000000000000     
   1.06000000000000     
   1.06000000000000     
   1.06000000000000     
   1.06000000000000     
   1.06000000000000     
   1.06000000000000     
   1.06000000000000     
   1.06000000000000     
   1.06000000000000     
   1.06000000000000     
   1.06000000000000     
   1.06000000000000     
   1.06000000000000     
  3.000000000000000E-002
  3.000000000000000E-002
  3.000000000000000E-002
  3.000000000000000E-002
  3.000000000000000E-002
  3.000000000000000E-002
  3.000000000000000E-002
  3.000000000000000E-002
  3.000000000000000E-002
  3.000000000000000E-002
  3.000000000000000E-002
  3.000000000000000E-002
  3.000000000000000E-002
  3.000000000000000E-002
  3.000000000000000E-002
  3.000000000000000E-002
  3.000000000000000E-002
  3.000000000000000E-002
  3.000000000000000E-002
  3.000000000000000E-002
  3.000000000000000E-002
  3.000000000000000E-002
  3.000000000000000E-002
  3.000000000000000E-002
  3.000000000000000E-002
  3.000000000000000E-002
  3.000000000000000E-002
  3.000000000000000E-002
  3.000000000000000E-002
  3.000000000000000E-002
  3.000000000000000E-002
  3.000000000000000E-002
  3.000000000000000E-002
  3.000000000000000E-002
  3.000000000000000E-002
  3.000000000000000E-002
  3.000000000000000E-002
  3.000000000000000E-002
  3.000000000000000E-002
  3.000000000000000E-002
  3.000000000000000E-002
  3.000000000000000E-002
  3.000000000000000E-002
  3.000000000000000E-002
  3.000000000000000E-002
  3.000000000000000E-002
  3.000000000000000E-002
  3.000000000000000E-002
  3.000000000000000E-002
  3.000000000000000E-002
  3.000000000000000E-002
  3.000000000000000E-002
  3.000000000000000E-002
  3.000000000000000E-002
  3.000000000000000E-002
  3.000000000000000E-002
  3.000000000000000E-002
  3.000000000000000E-002
  3.000000000000000E-002
  3.000000000000000E-002
  3.000000000000000E-002
  3.000000000000000E-002
  3.000000000000000E-002
  3.000000000000000E-002
  3.000000000000000E-002
  3.000000000000000E-002
  3.000000000000000E-002
  3.000000000000000E-002
  3.000000000000000E-002
  3.000000000000000E-002
  3.000000000000000E-002
  3.000000000000000E-002
  3.000000000000000E-002
  3.000000000000000E-002
  3.000000000000000E-002
  3.000000000000000E-002
  3.000000000000000E-002
  3.000000000000000E-002
  3.000000000000000E-002
  3.000000000000000E-002
  3.000000000000000E-002
  3.000000000000000E-002
  3.000000000000000E-002
  3.000000000000000E-002
  3.000000000000000E-002
  3.000000000000000E-002
  3.000000000000000E-002
  3.000000000000000E-002
  3.000000000000000E-002
  3.000000000000000E-002
  3.000000000000000E-002
  3.000000000000000E-002
  3.000000000000000E-002
  3.000000000000000E-002
  3.000000000000000E-002
  3.000000000000000E-002
  3.000000000000000E-002
  3.000000000000000E-002
  3.000000000000000E-002
  3.000000000000000E-002
  3.000000000000000E-002
  3.000000000000000E-002
  3.000000000000000E-002
  3.000000000000000E-002
  3.000000000000000E-002
  3.000000000000000E-002
  3.000000000000000E-002
  3.000000000000000E-002
  3.000000000000000E-002
  3.000000000000000E-002
  3.000000000000000E-002
  3.000000000000000E-002
  3.000000000000000E-002
  3.000000000000000E-002
  3.000000000000000E-002
  3.000000000000000E-002
  3.000000000000000E-002
  3.000000000000000E-002
  3.000000000000000E-002
  3.000000000000000E-002
  3.000000000000000E-002
  3.000000000000000E-002
  3.000000000000000E-002
  3.000000000000000E-002
  3.000000000000000E-002
  3.000000000000000E-002
  3.000000000000000E-002
  3.000000000000000E-002
  3.000000000000000E-002
  3.000000000000000E-002
  3.000000000000000E-002
  3.000000000000000E-002
  3.000000000000000E-002
  3.000000000000000E-002
  3.000000000000000E-002
  3.000000000000000E-002
  3.000000000000000E-002
  3.000000000000000E-002
  3.000000000000000E-002
  3.000000000000000E-002
  3.000000000000000E-002
  3.000000000000000E-002
  3.000000000000000E-002
  3.000000000000000E-002
  3.000000000000000E-002
  3.000000000000000E-002
  3.000000000000000E-002
  3.000000000000000E-002
  3.000000000000000E-002
  3.000000000000000E-002
  3.000000000000000E-002
  3.000000000000000E-002
  3.000000000000000E-002
  3.000000000000000E-002
  3.000000000000000E-002
  3.000000000000000E-002
  3.000000000000000E-002
  3.000000000000000E-002
  3.000000000000000E-002
  3.000000000000000E-002
  3.000000000000000E-002
  3.000000000000000E-002
  3.000000000000000E-002
  3.000000000000000E-002
  3.000000000000000E-002
  3.000000000000000E-002
  3.000000000000000E-002
  3.000000000000000E-002
