           3
 2 1 2
   9   2  25
  0.000000000  0.000000000  0.000000000  0.250000000  0.250000000  0.500000000  0.500000000  0.750000000  0.750000000  1.000000000  1.000000000  1.000000000
  0.000000000  0.000000000  1.000000000  1.000000000
  0.442283298  0.442283298  0.442283298  0.442742899  0.443202500  0.443662101  0.444121702  0.444581303  0.445040904  0.445500505  0.445960107  0.446419708  0.446879309  0.447338910  0.447798511  0.448258112  0.448717713  0.449177314  0.449636915  0.450096516  0.450556117  0.451015718  0.451475319  0.451934920  0.452394521  0.452854123  0.452854123  0.452854123
  0.560328398200E+01 -0.382982813980E+02  0.262016494670E+02  0.100000000000E+01
  0.560328398200E+01 -0.382982813980E+02  0.262016494670E+02  0.707107290728E+00
  0.560328398200E+01 -0.382982813980E+02  0.262016494670E+02  0.100000000000E+01
  0.560328398200E+01 -0.382982813980E+02  0.262016494670E+02  0.707108730569E+00
  0.560328398200E+01 -0.382982813980E+02  0.262016494670E+02  0.100000000000E+01
  0.560328398200E+01 -0.382982813980E+02  0.262016494670E+02  0.707106365241E+00
  0.560328398200E+01 -0.382982813980E+02  0.262016494670E+02  0.100000000000E+01
  0.560328398200E+01 -0.382982813980E+02  0.262016494670E+02  0.707106320994E+00
  0.560328398200E+01 -0.382982813980E+02  0.262016494670E+02  0.100000000000E+01
  0.532251975300E+01 -0.378093112560E+02  0.259335031880E+02  0.100000000000E+01
  0.508140376900E+01 -0.382113366310E+02  0.253109952840E+02  0.707107290728E+00
  0.534246628600E+01 -0.388471390900E+02  0.254738840170E+02  0.100000000000E+01
  0.566164586000E+01 -0.390645566390E+02  0.259402284340E+02  0.707108730569E+00
  0.572313943600E+01 -0.385070198420E+02  0.263161175060E+02  0.100000000000E+01
  0.618414835600E+01 -0.383756029360E+02  0.262721495720E+02  0.707106365241E+00
  0.625009619600E+01 -0.379946198550E+02  0.260781358550E+02  0.100000000000E+01
  0.592694080300E+01 -0.375101275840E+02  0.258100913490E+02  0.707106320994E+00
  0.532251975300E+01 -0.378093112560E+02  0.259335031880E+02  0.100000000000E+01
  0.579867090900E+01 -0.383234255530E+02  0.259786016520E+02  0.100000000000E+01
  0.579867090900E+01 -0.383234255530E+02  0.259786016520E+02  0.707106955912E+00
  0.579867090900E+01 -0.383234255530E+02  0.259786016520E+02  0.100000000000E+01
  0.579867090900E+01 -0.383234255530E+02  0.259786016520E+02  0.707106676237E+00
  0.579867090900E+01 -0.383234255530E+02  0.259786016520E+02  0.100000000000E+01
  0.579867090900E+01 -0.383234255530E+02  0.259786016520E+02  0.707106640377E+00
  0.579867090900E+01 -0.383234255530E+02  0.259786016520E+02  0.100000000000E+01
  0.579867090900E+01 -0.383234255530E+02  0.259786016520E+02  0.707106928940E+00
  0.579867090900E+01 -0.383234255530E+02  0.259786016520E+02  0.100000000000E+01
  0.553974696200E+01 -0.378474812050E+02  0.257090031210E+02  0.100000000000E+01
  0.541777594700E+01 -0.381856026020E+02  0.250876062290E+02  0.707106955912E+00
  0.569158323800E+01 -0.387606015410E+02  0.253096658140E+02  0.100000000000E+01
  0.592274639100E+01 -0.389832139940E+02  0.257282245640E+02  0.707106676237E+00
  0.592635473200E+01 -0.385581291730E+02  0.261115493730E+02  0.100000000000E+01
  0.627836742400E+01 -0.383889437280E+02  0.261570938310E+02  0.707106640377E+00
  0.627161691200E+01 -0.380432475090E+02  0.260190023590E+02  0.100000000000E+01
  0.604973271700E+01 -0.375958440030E+02  0.257724201270E+02  0.707106928940E+00
  0.553974696200E+01 -0.378474812050E+02  0.257090031210E+02  0.100000000000E+01
  0.602247358500E+01 -0.383067446470E+02  0.257829409240E+02  0.100000000000E+01
  0.602247358500E+01 -0.383067446470E+02  0.257829409240E+02  0.707106147316E+00
  0.602247358500E+01 -0.383067446470E+02  0.257829409240E+02  0.100000000000E+01
  0.602247358500E+01 -0.383067446470E+02  0.257829409240E+02  0.707105117312E+00
  0.602247358500E+01 -0.383067446470E+02  0.257829409240E+02  0.100000000000E+01
  0.602247358500E+01 -0.383067446470E+02  0.257829409240E+02  0.707107683357E+00
  0.602247358500E+01 -0.383067446470E+02  0.257829409240E+02  0.100000000000E+01
  0.602247358500E+01 -0.383067446470E+02  0.257829409240E+02  0.707107676530E+00
  0.602247358500E+01 -0.383067446470E+02  0.257829409240E+02  0.100000000000E+01
  0.576839418000E+01 -0.378649081430E+02  0.255435763460E+02  0.100000000000E+01
  0.572159724900E+01 -0.381417726600E+02  0.249274436410E+02  0.707106147316E+00
  0.600390418500E+01 -0.386631746970E+02  0.251447305080E+02  0.100000000000E+01
  0.620288724800E+01 -0.388884693690E+02  0.255249728630E+02  0.707105117312E+00
  0.616000684600E+01 -0.385459087190E+02  0.259125101050E+02  0.100000000000E+01
  0.639853149700E+01 -0.383542863220E+02  0.259934038840E+02  0.707107683357E+00
  0.634218053400E+01 -0.380625320170E+02  0.258943630410E+02  0.100000000000E+01
  0.615081459900E+01 -0.377051393790E+02  0.257082418850E+02  0.707107676530E+00
  0.576839418000E+01 -0.378649081430E+02  0.255435763460E+02  0.100000000000E+01
  0.626217705100E+01 -0.382539426470E+02  0.256141780520E+02  0.100000000000E+01
  0.626217705100E+01 -0.382539426470E+02  0.256141780520E+02  0.707106965378E+00
  0.626217705100E+01 -0.382539426470E+02  0.256141780520E+02  0.100000000000E+01
  0.626217705100E+01 -0.382539426470E+02  0.256141780520E+02  0.707108568198E+00
  0.626217705100E+01 -0.382539426470E+02  0.256141780520E+02  0.100000000000E+01
  0.626217705100E+01 -0.382539426470E+02  0.256141780520E+02  0.707106588837E+00
  0.626217705100E+01 -0.382539426470E+02  0.256141780520E+02  0.100000000000E+01
  0.626217705100E+01 -0.382539426470E+02  0.256141780520E+02  0.707104632395E+00
  0.626217705100E+01 -0.382539426470E+02  0.256141780520E+02  0.100000000000E+01
  0.602475016800E+01 -0.378676738550E+02  0.254128379970E+02  0.100000000000E+01
  0.601710028400E+01 -0.380753794100E+02  0.248225902160E+02  0.707106965378E+00
  0.629743715700E+01 -0.385589246850E+02  0.249874924140E+02  0.100000000000E+01
  0.650275097500E+01 -0.388201958470E+02  0.253545185920E+02  0.707108568198E+00
  0.641002127900E+01 -0.384944727470E+02  0.257395507570E+02  0.100000000000E+01
  0.657188387800E+01 -0.382956580330E+02  0.258401567620E+02  0.707106588837E+00
  0.647619445200E+01 -0.380505974520E+02  0.257519221320E+02  0.100000000000E+01
  0.631399019800E+01 -0.377462981800E+02  0.256111667550E+02  0.707104632395E+00
  0.602475016800E+01 -0.378676738550E+02  0.254128379970E+02  0.100000000000E+01
  0.650891349200E+01 -0.381711070670E+02  0.254691337610E+02  0.100000000000E+01
  0.650891349200E+01 -0.381711070670E+02  0.254691337610E+02  0.707107008976E+00
  0.650891349200E+01 -0.381711070670E+02  0.254691337610E+02  0.100000000000E+01
  0.650891349200E+01 -0.381711070670E+02  0.254691337610E+02  0.707107962017E+00
  0.650891349200E+01 -0.381711070670E+02  0.254691337610E+02  0.100000000000E+01
  0.650891349200E+01 -0.381711070670E+02  0.254691337610E+02  0.707106750060E+00
  0.650891349200E+01 -0.381711070670E+02  0.254691337610E+02  0.100000000000E+01
  0.650891349200E+01 -0.381711070670E+02  0.254691337610E+02  0.707105186002E+00
  0.650891349200E+01 -0.381711070670E+02  0.254691337610E+02  0.100000000000E+01
  0.627144832700E+01 -0.378118533700E+02  0.252875641150E+02  0.100000000000E+01
  0.627448430900E+01 -0.379625274990E+02  0.246955317850E+02  0.707107008976E+00
  0.657865474100E+01 -0.384456570340E+02  0.248346972260E+02  0.100000000000E+01
  0.680382613500E+01 -0.387430207030E+02  0.251830070530E+02  0.707107962017E+00
  0.668976240300E+01 -0.384447097600E+02  0.256074130190E+02  0.100000000000E+01
  0.678974763100E+01 -0.382152570150E+02  0.257173381620E+02  0.707106750060E+00
  0.666816524400E+01 -0.379853409440E+02  0.256284172050E+02  0.100000000000E+01
  0.650645206600E+01 -0.377171069500E+02  0.255068425230E+02  0.707105186002E+00
  0.627144832700E+01 -0.378118533700E+02  0.252875641150E+02  0.100000000000E+01
  0.675697624100E+01 -0.380632413210E+02  0.253440749170E+02  0.100000000000E+01
  0.675697624100E+01 -0.380632413210E+02  0.253440749170E+02  0.707107435752E+00
  0.675697624100E+01 -0.380632413210E+02  0.253440749170E+02  0.100000000000E+01
  0.675697624100E+01 -0.380632413210E+02  0.253440749170E+02  0.707106349190E+00
  0.675697624100E+01 -0.380632413210E+02  0.253440749170E+02  0.100000000000E+01
  0.675697624100E+01 -0.380632413210E+02  0.253440749170E+02  0.707105549630E+00
  0.675697624100E+01 -0.380632413210E+02  0.253440749170E+02  0.100000000000E+01
  0.675697624100E+01 -0.380632413210E+02  0.253440749170E+02  0.707108588854E+00
  0.675697624100E+01 -0.380632413210E+02  0.253440749170E+02  0.100000000000E+01
  0.650993455000E+01 -0.377168819080E+02  0.251730165950E+02  0.100000000000E+01
  0.650973858000E+01 -0.378317553040E+02  0.245197960770E+02  0.707107435752E+00
  0.685320463800E+01 -0.383294393690E+02  0.246661000140E+02  0.100000000000E+01
  0.709412187600E+01 -0.386320219380E+02  0.250324990080E+02  0.707106349190E+00
  0.694265524000E+01 -0.383235666210E+02  0.254726430810E+02  0.100000000000E+01
  0.699893751600E+01 -0.381035674390E+02  0.255932066230E+02  0.707105549630E+00
  0.687820519900E+01 -0.378888993190E+02  0.255220010000E+02  0.100000000000E+01
  0.671582331700E+01 -0.376230149290E+02  0.254199968620E+02  0.707108588854E+00
  0.650993455000E+01 -0.377168819080E+02  0.251730165950E+02  0.100000000000E+01
  0.700270745800E+01 -0.379340711340E+02  0.252356323700E+02  0.100000000000E+01
  0.700270745800E+01 -0.379340711340E+02  0.252356323700E+02  0.707107206633E+00
  0.700270745800E+01 -0.379340711340E+02  0.252356323700E+02  0.100000000000E+01
  0.700270745800E+01 -0.379340711340E+02  0.252356323700E+02  0.707106763785E+00
  0.700270745800E+01 -0.379340711340E+02  0.252356323700E+02  0.100000000000E+01
  0.700270745800E+01 -0.379340711340E+02  0.252356323700E+02  0.707106005958E+00
  0.700270745800E+01 -0.379340711340E+02  0.252356323700E+02  0.100000000000E+01
  0.700270745800E+01 -0.379340711340E+02  0.252356323700E+02  0.707107577791E+00
  0.700270745800E+01 -0.379340711340E+02  0.252356323700E+02  0.100000000000E+01
  0.675237647400E+01 -0.376096320260E+02  0.250778965250E+02  0.100000000000E+01
  0.674051802600E+01 -0.376886964390E+02  0.244087477300E+02  0.707107206633E+00
  0.711819675200E+01 -0.381976736560E+02  0.245101540990E+02  0.100000000000E+01
  0.738410510900E+01 -0.385105226140E+02  0.249003714910E+02  0.707106763785E+00
  0.720314965600E+01 -0.381938513870E+02  0.253619320470E+02  0.100000000000E+01
  0.720948675100E+01 -0.379823708580E+02  0.254727712900E+02  0.707106005958E+00
  0.708713055600E+01 -0.377810051050E+02  0.254164830820E+02  0.100000000000E+01
  0.692258653300E+01 -0.375590230450E+02  0.253170468850E+02  0.707107577791E+00
  0.675237647400E+01 -0.376096320260E+02  0.250778965250E+02  0.100000000000E+01
  0.724363470200E+01 -0.377862769520E+02  0.251410246870E+02  0.100000000000E+01
  0.724363470200E+01 -0.377862769520E+02  0.251410246870E+02  0.707105961041E+00
  0.724363470200E+01 -0.377862769520E+02  0.251410246870E+02  0.100000000000E+01
  0.724363470200E+01 -0.377862769520E+02  0.251410246870E+02  0.707106564537E+00
  0.724363470200E+01 -0.377862769520E+02  0.251410246870E+02  0.100000000000E+01
  0.724363470200E+01 -0.377862769520E+02  0.251410246870E+02  0.707108097339E+00
  0.724363470200E+01 -0.377862769520E+02  0.251410246870E+02  0.100000000000E+01
  0.724363470200E+01 -0.377862769520E+02  0.251410246870E+02  0.707105846616E+00
  0.724363470200E+01 -0.377862769520E+02  0.251410246870E+02  0.100000000000E+01
  0.700585149900E+01 -0.375021240310E+02  0.250040602200E+02  0.100000000000E+01
  0.700736277700E+01 -0.375830224800E+02  0.244025448570E+02  0.707105961041E+00
  0.736388916400E+01 -0.380339568040E+02  0.244184085360E+02  0.100000000000E+01
  0.763921415400E+01 -0.383339440390E+02  0.247980914500E+02  0.707106564537E+00
  0.743706804700E+01 -0.380174328420E+02  0.252524448810E+02  0.100000000000E+01
  0.744028468200E+01 -0.378214111020E+02  0.254027495510E+02  0.707108097339E+00
  0.731086691800E+01 -0.376247600020E+02  0.253593960230E+02  0.100000000000E+01
  0.713869626200E+01 -0.374438436740E+02  0.252417818170E+02  0.707105846616E+00
  0.700585149900E+01 -0.375021240310E+02  0.250040602200E+02  0.100000000000E+01
  0.747793334200E+01 -0.376217747370E+02  0.250580221040E+02  0.100000000000E+01
  0.747793334200E+01 -0.376217747370E+02  0.250580221040E+02  0.707107265446E+00
  0.747793334200E+01 -0.376217747370E+02  0.250580221040E+02  0.100000000000E+01
  0.747793334200E+01 -0.376217747370E+02  0.250580221040E+02  0.707108489934E+00
  0.747793334200E+01 -0.376217747370E+02  0.250580221040E+02  0.100000000000E+01
  0.747793334200E+01 -0.376217747370E+02  0.250580221040E+02  0.707106656890E+00
  0.747793334200E+01 -0.376217747370E+02  0.250580221040E+02  0.100000000000E+01
  0.747793334200E+01 -0.376217747370E+02  0.250580221040E+02  0.707104028268E+00
  0.747793334200E+01 -0.376217747370E+02  0.250580221040E+02  0.100000000000E+01
  0.726379762700E+01 -0.373865631540E+02  0.249448155840E+02  0.100000000000E+01
  0.728306686500E+01 -0.374707437220E+02  0.244853214990E+02  0.707107265446E+00
  0.757237136500E+01 -0.378081199250E+02  0.244922121210E+02  0.100000000000E+01
  0.784559846500E+01 -0.380919085210E+02  0.247583936250E+02  0.707108489934E+00
  0.769792077500E+01 -0.378634174650E+02  0.251743210890E+02  0.100000000000E+01
  0.768384849000E+01 -0.376677600720E+02  0.253587642010E+02  0.707106656890E+00
  0.752374407100E+01 -0.374594193540E+02  0.253087050840E+02  0.100000000000E+01
  0.736009414000E+01 -0.373230830310E+02  0.251759523230E+02  0.707104028268E+00
  0.726379762700E+01 -0.373865631540E+02  0.249448155840E+02  0.100000000000E+01
  0.770411116100E+01 -0.374419451990E+02  0.249848448540E+02  0.100000000000E+01
  0.770411116100E+01 -0.374419451990E+02  0.249848448540E+02  0.707107787782E+00
  0.770411116100E+01 -0.374419451990E+02  0.249848448540E+02  0.100000000000E+01
  0.770411116100E+01 -0.374419451990E+02  0.249848448540E+02  0.707106348572E+00
  0.770411116100E+01 -0.374419451990E+02  0.249848448540E+02  0.100000000000E+01
  0.770411116100E+01 -0.374419451990E+02  0.249848448540E+02  0.707105586273E+00
  0.770411116100E+01 -0.374419451990E+02  0.249848448540E+02  0.100000000000E+01
  0.770411116100E+01 -0.374419451990E+02  0.249848448540E+02  0.707107887131E+00
  0.770411116100E+01 -0.374419451990E+02  0.249848448540E+02  0.100000000000E+01
  0.749648327500E+01 -0.372331513960E+02  0.248837494130E+02  0.100000000000E+01
  0.752070747800E+01 -0.373149915270E+02  0.245030760830E+02  0.707107787782E+00
  0.777208503300E+01 -0.375762042580E+02  0.245679504490E+02  0.100000000000E+01
  0.800597322600E+01 -0.378010050290E+02  0.247528385520E+02  0.707106348572E+00
  0.793021070200E+01 -0.376693123700E+02  0.250949330370E+02  0.100000000000E+01
  0.789974234800E+01 -0.374946651820E+02  0.252947720650E+02  0.707105586273E+00
  0.772452415900E+01 -0.372984293910E+02  0.252393233770E+02  0.100000000000E+01
  0.755092764600E+01 -0.371463373960E+02  0.251212894070E+02  0.707107887131E+00
  0.749648327500E+01 -0.372331513960E+02  0.248837494130E+02  0.100000000000E+01
  0.792082415000E+01 -0.372478047920E+02  0.249200621780E+02  0.100000000000E+01
  0.792082415000E+01 -0.372478047920E+02  0.249200621780E+02  0.707105139019E+00
  0.792082415000E+01 -0.372478047920E+02  0.249200621780E+02  0.100000000000E+01
  0.792082415000E+01 -0.372478047920E+02  0.249200621780E+02  0.707107806173E+00
  0.792082415000E+01 -0.372478047920E+02  0.249200621780E+02  0.100000000000E+01
  0.792082415000E+01 -0.372478047920E+02  0.249200621780E+02  0.707108129358E+00
  0.792082415000E+01 -0.372478047920E+02  0.249200621780E+02  0.100000000000E+01
  0.792082415000E+01 -0.372478047920E+02  0.249200621780E+02  0.707105387296E+00
  0.792082415000E+01 -0.372478047920E+02  0.249200621780E+02  0.100000000000E+01
  0.771876110700E+01 -0.370627427650E+02  0.248291688500E+02  0.100000000000E+01
  0.773400660600E+01 -0.371338880490E+02  0.244895700750E+02  0.707105139019E+00
  0.797149531000E+01 -0.373513714030E+02  0.245965559770E+02  0.100000000000E+01
  0.815624967900E+01 -0.375104160810E+02  0.247412620100E+02  0.707107806173E+00
  0.813759004600E+01 -0.374463363730E+02  0.250175710170E+02  0.100000000000E+01
  0.813488632100E+01 -0.373063397610E+02  0.253040265950E+02  0.707108129358E+00
  0.791912117000E+01 -0.371077974800E+02  0.252089118900E+02  0.100000000000E+01
  0.774042631200E+01 -0.369697429240E+02  0.250749636010E+02  0.707105387296E+00
  0.771876110700E+01 -0.370627427650E+02  0.248291688500E+02  0.100000000000E+01
  0.812642835200E+01 -0.370398551810E+02  0.248623323660E+02  0.100000000000E+01
  0.812642835200E+01 -0.370398551810E+02  0.248623323660E+02  0.707104847624E+00
  0.812642835200E+01 -0.370398551810E+02  0.248623323660E+02  0.100000000000E+01
  0.812642835200E+01 -0.370398551810E+02  0.248623323660E+02  0.707107206508E+00
  0.812642835200E+01 -0.370398551810E+02  0.248623323660E+02  0.100000000000E+01
  0.812642835200E+01 -0.370398551810E+02  0.248623323660E+02  0.707108549119E+00
  0.812642835200E+01 -0.370398551810E+02  0.248623323660E+02  0.100000000000E+01
  0.812642835200E+01 -0.370398551810E+02  0.248623323660E+02  0.707106387834E+00
  0.812642835200E+01 -0.370398551810E+02  0.248623323660E+02  0.100000000000E+01
  0.790756090600E+01 -0.368603084090E+02  0.247717922270E+02  0.100000000000E+01
  0.794989116100E+01 -0.369533825250E+02  0.244821210220E+02  0.707104847624E+00
  0.816242014300E+01 -0.371182738330E+02  0.246198230320E+02  0.100000000000E+01
  0.831760643100E+01 -0.372366778210E+02  0.247308897940E+02  0.707107206508E+00
  0.832176136800E+01 -0.372000965990E+02  0.249431384060E+02  0.100000000000E+01
  0.829918637400E+01 -0.370959634860E+02  0.251912146580E+02  0.707108549119E+00
  0.810284514800E+01 -0.369178076860E+02  0.251613703040E+02  0.100000000000E+01
  0.790311934700E+01 -0.367666332510E+02  0.250406525360E+02  0.707106387834E+00
  0.790756090600E+01 -0.368603084090E+02  0.247717922270E+02  0.100000000000E+01
  0.831834162400E+01 -0.368180010410E+02  0.248094361380E+02  0.100000000000E+01
  0.831834162400E+01 -0.368180010410E+02  0.248094361380E+02  0.707106188869E+00
  0.831834162400E+01 -0.368180010410E+02  0.248094361380E+02  0.100000000000E+01
  0.831834162400E+01 -0.368180010410E+02  0.248094361380E+02  0.707105375384E+00
  0.831834162400E+01 -0.368180010410E+02  0.248094361380E+02  0.100000000000E+01
  0.831834162400E+01 -0.368180010410E+02  0.248094361380E+02  0.707107591176E+00
  0.831834162400E+01 -0.368180010410E+02  0.248094361380E+02  0.100000000000E+01
  0.831834162400E+01 -0.368180010410E+02  0.248094361380E+02  0.707107969315E+00
  0.831834162400E+01 -0.368180010410E+02  0.248094361380E+02  0.100000000000E+01
  0.810149844200E+01 -0.366611771450E+02  0.247270795630E+02  0.100000000000E+01
  0.816044450100E+01 -0.367586327860E+02  0.245055204290E+02  0.707106188869E+00
  0.834558704500E+01 -0.368846950010E+02  0.246107016560E+02  0.100000000000E+01
  0.849874123100E+01 -0.369911856050E+02  0.246878809090E+02  0.707105375384E+00
  0.851162932400E+01 -0.369577893180E+02  0.248828478990E+02  0.100000000000E+01
  0.847157344000E+01 -0.368723990840E+02  0.251186845800E+02  0.707107591176E+00
  0.827329957200E+01 -0.367077444470E+02  0.251379782330E+02  0.100000000000E+01
  0.802382033000E+01 -0.365304241060E+02  0.250294038110E+02  0.707107969315E+00
  0.810149844200E+01 -0.366611771450E+02  0.247270795630E+02  0.100000000000E+01
  0.849595581200E+01 -0.365839875140E+02  0.247589738970E+02  0.100000000000E+01
  0.849595581200E+01 -0.365839875140E+02  0.247589738970E+02  0.707106550865E+00
  0.849595581200E+01 -0.365839875140E+02  0.247589738970E+02  0.100000000000E+01
  0.849595581200E+01 -0.365839875140E+02  0.247589738970E+02  0.707106955177E+00
  0.849595581200E+01 -0.365839875140E+02  0.247589738970E+02  0.100000000000E+01
  0.849595581200E+01 -0.365839875140E+02  0.247589738970E+02  0.707106926147E+00
  0.849595581200E+01 -0.365839875140E+02  0.247589738970E+02  0.100000000000E+01
  0.849595581200E+01 -0.365839875140E+02  0.247589738970E+02  0.707106692567E+00
  0.849595581200E+01 -0.365839875140E+02  0.247589738970E+02  0.100000000000E+01
  0.829281371200E+01 -0.364538455100E+02  0.246872807000E+02  0.100000000000E+01
  0.836677608600E+01 -0.365419807490E+02  0.245180211550E+02  0.707106550865E+00
  0.852742399300E+01 -0.366500965050E+02  0.245498043630E+02  0.100000000000E+01
  0.869863896800E+01 -0.367536984780E+02  0.246394102290E+02  0.707106955177E+00
  0.873865164500E+01 -0.367394713460E+02  0.248446271110E+02  0.100000000000E+01
  0.868765132500E+01 -0.366448776090E+02  0.251234753090E+02  0.707106926147E+00
  0.844067763300E+01 -0.364678617940E+02  0.251264032340E+02  0.100000000000E+01
  0.821152953600E+01 -0.363348258960E+02  0.249795288670E+02  0.707106692567E+00
  0.829281371200E+01 -0.364538455100E+02  0.246872807000E+02  0.100000000000E+01
  0.866068864300E+01 -0.363405736580E+02  0.247092029670E+02  0.100000000000E+01
  0.866068864300E+01 -0.363405736580E+02  0.247092029670E+02  0.707106207454E+00
  0.866068864300E+01 -0.363405736580E+02  0.247092029670E+02  0.100000000000E+01
  0.866068864300E+01 -0.363405736580E+02  0.247092029670E+02  0.707104585740E+00
  0.866068864300E+01 -0.363405736580E+02  0.247092029670E+02  0.100000000000E+01
  0.866068864300E+01 -0.363405736580E+02  0.247092029670E+02  0.707107577574E+00
  0.866068864300E+01 -0.363405736580E+02  0.247092029670E+02  0.100000000000E+01
  0.866068864300E+01 -0.363405736580E+02  0.247092029670E+02  0.707108753983E+00
  0.866068864300E+01 -0.363405736580E+02  0.247092029670E+02  0.100000000000E+01
  0.844065090700E+01 -0.362138174410E+02  0.246359454060E+02  0.100000000000E+01
  0.851420410900E+01 -0.362997036650E+02  0.244444889890E+02  0.707106207454E+00
  0.869763266000E+01 -0.364113826880E+02  0.244757191250E+02  0.100000000000E+01
  0.889957635400E+01 -0.365263610240E+02  0.245496701020E+02  0.707104585740E+00
  0.890793235100E+01 -0.364829998860E+02  0.247915199860E+02  0.100000000000E+01
  0.891052522400E+01 -0.364111696300E+02  0.251562551700E+02  0.707107577574E+00
  0.860084440300E+01 -0.362258706800E+02  0.250874126260E+02  0.100000000000E+01
  0.834555515700E+01 -0.360922154410E+02  0.249358853420E+02  0.707108753983E+00
  0.844065090700E+01 -0.362138174410E+02  0.246359454060E+02  0.100000000000E+01
  0.881469863100E+01 -0.360902915500E+02  0.246590961190E+02  0.100000000000E+01
  0.881469863100E+01 -0.360902915500E+02  0.246590961190E+02  0.707108226495E+00
  0.881469863100E+01 -0.360902915500E+02  0.246590961190E+02  0.100000000000E+01
  0.881469863100E+01 -0.360902915500E+02  0.246590961190E+02  0.707104957764E+00
  0.881469863100E+01 -0.360902915500E+02  0.246590961190E+02  0.100000000000E+01
  0.881469863100E+01 -0.360902915500E+02  0.246590961190E+02  0.707105761990E+00
  0.881469863100E+01 -0.360902915500E+02  0.246590961190E+02  0.100000000000E+01
  0.881469863100E+01 -0.360902915500E+02  0.246590961190E+02  0.707108178516E+00
  0.881469863100E+01 -0.360902915500E+02  0.246590961190E+02  0.100000000000E+01
  0.862612517500E+01 -0.359909377710E+02  0.245990889440E+02  0.100000000000E+01
  0.867699572300E+01 -0.360602909910E+02  0.244019926990E+02  0.707108226495E+00
  0.885018479800E+01 -0.361547950830E+02  0.244407784350E+02  0.100000000000E+01
  0.903517911500E+01 -0.362487408510E+02  0.245172951270E+02  0.707104957764E+00
  0.903789007800E+01 -0.362078818280E+02  0.247301188070E+02  0.100000000000E+01
  0.901876357000E+01 -0.361375530780E+02  0.250260373280E+02  0.707105761990E+00
  0.876461172300E+01 -0.359992464310E+02  0.249672334940E+02  0.100000000000E+01
  0.852897320500E+01 -0.358841517800E+02  0.248468634910E+02  0.707108178516E+00
  0.862612517500E+01 -0.359909377710E+02  0.245990889440E+02  0.100000000000E+01
  0.896008108400E+01 -0.358350635150E+02  0.246081297520E+02  0.100000000000E+01
  0.896008108400E+01 -0.358350635150E+02  0.246081297520E+02  0.707107160106E+00
  0.896008108400E+01 -0.358350635150E+02  0.246081297520E+02  0.100000000000E+01
  0.896008108400E+01 -0.358350635150E+02  0.246081297520E+02  0.707107455930E+00
  0.896008108400E+01 -0.358350635150E+02  0.246081297520E+02  0.100000000000E+01
  0.896008108400E+01 -0.358350635150E+02  0.246081297520E+02  0.707106482352E+00
  0.896008108400E+01 -0.358350635150E+02  0.246081297520E+02  0.100000000000E+01
  0.896008108400E+01 -0.358350635150E+02  0.246081297520E+02  0.707106026359E+00
  0.896008108400E+01 -0.358350635150E+02  0.246081297520E+02  0.100000000000E+01
  0.877886888600E+01 -0.357463875390E+02  0.245524574320E+02  0.100000000000E+01
  0.883006843300E+01 -0.358079782510E+02  0.243856744080E+02  0.707107160106E+00
  0.899163018000E+01 -0.358907591430E+02  0.244167242120E+02  0.100000000000E+01
  0.915995170200E+01 -0.359696115160E+02  0.244859996130E+02  0.707107455930E+00
  0.920075316600E+01 -0.359528370730E+02  0.246820688440E+02  0.100000000000E+01
  0.918069872900E+01 -0.358802715930E+02  0.249893771520E+02  0.707106482352E+00
  0.891219780900E+01 -0.357505330810E+02  0.248986329880E+02  0.100000000000E+01
  0.870754188000E+01 -0.356606533450E+02  0.247844615790E+02  0.707106026359E+00
  0.877886888600E+01 -0.357463875390E+02  0.245524574320E+02  0.100000000000E+01
  0.909858321000E+01 -0.355762492310E+02  0.245560744350E+02  0.100000000000E+01
  0.909858321000E+01 -0.355762492310E+02  0.245560744350E+02  0.707107649021E+00
  0.909858321000E+01 -0.355762492310E+02  0.245560744350E+02  0.100000000000E+01
  0.909858321000E+01 -0.355762492310E+02  0.245560744350E+02  0.707105903795E+00
  0.909858321000E+01 -0.355762492310E+02  0.245560744350E+02  0.100000000000E+01
  0.909858321000E+01 -0.355762492310E+02  0.245560744350E+02  0.707106323861E+00
  0.909858321000E+01 -0.355762492310E+02  0.245560744350E+02  0.100000000000E+01
  0.909858321000E+01 -0.355762492310E+02  0.245560744350E+02  0.707107248087E+00
  0.909858321000E+01 -0.355762492310E+02  0.245560744350E+02  0.100000000000E+01
  0.888834195800E+01 -0.354794576330E+02  0.244932485160E+02  0.100000000000E+01
  0.896565658600E+01 -0.355526693980E+02  0.243303338380E+02  0.707107649021E+00
  0.913047724800E+01 -0.356317274060E+02  0.243638705940E+02  0.100000000000E+01
  0.931330146200E+01 -0.357118228040E+02  0.244386438480E+02  0.707105903795E+00
  0.937612228900E+01 -0.357040211980E+02  0.246390101170E+02  0.100000000000E+01
  0.938854063900E+01 -0.356310387980E+02  0.250318876910E+02  0.707106323861E+00
  0.903998068200E+01 -0.354743098270E+02  0.249092316850E+02  0.100000000000E+01
  0.879469435200E+01 -0.353773695390E+02  0.247568921900E+02  0.707107248087E+00
  0.888834195800E+01 -0.354794576330E+02  0.244932485160E+02  0.100000000000E+01
  0.923157819400E+01 -0.353147933070E+02  0.245028577960E+02  0.100000000000E+01
  0.923157819400E+01 -0.353147933070E+02  0.245028577960E+02  0.707108399599E+00
  0.923157819400E+01 -0.353147933070E+02  0.245028577960E+02  0.100000000000E+01
  0.923157819400E+01 -0.353147933070E+02  0.245028577960E+02  0.707105953040E+00
  0.923157819400E+01 -0.353147933070E+02  0.245028577960E+02  0.100000000000E+01
  0.923157819400E+01 -0.353147933070E+02  0.245028577960E+02  0.707105858296E+00
  0.923157819400E+01 -0.353147933070E+02  0.245028577960E+02  0.100000000000E+01
  0.923157819400E+01 -0.353147933070E+02  0.245028577960E+02  0.707106913814E+00
  0.923157819400E+01 -0.353147933070E+02  0.245028577960E+02  0.100000000000E+01
  0.901772692200E+01 -0.352212065280E+02  0.244403548770E+02  0.100000000000E+01
  0.909307272600E+01 -0.352915407390E+02  0.242800547680E+02  0.707108399599E+00
  0.926467781300E+01 -0.353720296390E+02  0.243039040240E+02  0.100000000000E+01
  0.947630321700E+01 -0.354641750120E+02  0.243680337440E+02  0.707105953040E+00
  0.955105741500E+01 -0.354546042450E+02  0.245962316630E+02  0.100000000000E+01
  0.959197677000E+01 -0.353777253130E+02  0.250707455260E+02  0.707105858296E+00
  0.916900811400E+01 -0.352065958370E+02  0.248789443590E+02  0.100000000000E+01
  0.891365092900E+01 -0.351135571930E+02  0.247129990720E+02  0.707106913814E+00
  0.901772692200E+01 -0.352212065280E+02  0.244403548770E+02  0.100000000000E+01
  0.936012413500E+01 -0.350513555040E+02  0.244484868210E+02  0.100000000000E+01
  0.936012413500E+01 -0.350513555040E+02  0.244484868210E+02  0.707106589364E+00
  0.936012413500E+01 -0.350513555040E+02  0.244484868210E+02  0.100000000000E+01
  0.936012413500E+01 -0.350513555040E+02  0.244484868210E+02  0.707109213032E+00
  0.936012413500E+01 -0.350513555040E+02  0.244484868210E+02  0.100000000000E+01
  0.936012413500E+01 -0.350513555040E+02  0.244484868210E+02  0.707106706914E+00
  0.936012413500E+01 -0.350513555040E+02  0.244484868210E+02  0.100000000000E+01
  0.936012413500E+01 -0.350513555040E+02  0.244484868210E+02  0.707104615455E+00
  0.936012413500E+01 -0.350513555040E+02  0.244484868210E+02  0.100000000000E+01
  0.911991998800E+01 -0.349506059620E+02  0.243795377690E+02  0.100000000000E+01
  0.920102030800E+01 -0.350277129030E+02  0.241955350970E+02  0.707106589364E+00
  0.939463194900E+01 -0.351109982520E+02  0.242411182320E+02  0.100000000000E+01
  0.960669596500E+01 -0.351981704740E+02  0.243105315550E+02  0.707109213032E+00
  0.968978200500E+01 -0.351896285780E+02  0.245431115800E+02  0.100000000000E+01
  0.967776090700E+01 -0.350988230300E+02  0.249522178160E+02  0.707106706914E+00
  0.930154701900E+01 -0.349501144060E+02  0.248005014170E+02  0.100000000000E+01
  0.904304607700E+01 -0.348562736280E+02  0.246561425270E+02  0.707104615455E+00
  0.911991998800E+01 -0.349506059620E+02  0.243795377690E+02  0.100000000000E+01
  0.948503495400E+01 -0.347864035720E+02  0.243930062760E+02  0.100000000000E+01
  0.948503495400E+01 -0.347864035720E+02  0.243930062760E+02  0.707108140690E+00
  0.948503495400E+01 -0.347864035720E+02  0.243930062760E+02  0.100000000000E+01
  0.948503495400E+01 -0.347864035720E+02  0.243930062760E+02  0.707107384250E+00
  0.948503495400E+01 -0.347864035720E+02  0.243930062760E+02  0.100000000000E+01
  0.948503495400E+01 -0.347864035720E+02  0.243930062760E+02  0.707105615192E+00
  0.948503495400E+01 -0.347864035720E+02  0.243930062760E+02  0.100000000000E+01
  0.948503495400E+01 -0.347864035720E+02  0.243930062760E+02  0.707105984612E+00
  0.948503495400E+01 -0.347864035720E+02  0.243930062760E+02  0.100000000000E+01
  0.921764123700E+01 -0.346781975230E+02  0.243173890700E+02  0.100000000000E+01
  0.929286106300E+01 -0.347623226210E+02  0.240841188120E+02  0.707108140690E+00
  0.951735569100E+01 -0.348424238670E+02  0.241985487900E+02  0.100000000000E+01
  0.970674528100E+01 -0.349143945600E+02  0.242742460790E+02  0.707107384250E+00
  0.977114525600E+01 -0.349021838440E+02  0.244739146000E+02  0.100000000000E+01
  0.975194669000E+01 -0.348179286120E+02  0.248311302270E+02  0.707105615192E+00
  0.942927089400E+01 -0.346897501460E+02  0.247285077250E+02  0.100000000000E+01
  0.918972181700E+01 -0.346075797860E+02  0.245907460920E+02  0.707105984612E+00
  0.921764123700E+01 -0.346781975230E+02  0.243173890700E+02  0.100000000000E+01
  0.960694071400E+01 -0.345202756240E+02  0.243364771040E+02  0.100000000000E+01
  0.960694071400E+01 -0.345202756240E+02  0.243364771040E+02  0.707107117901E+00
  0.960694071400E+01 -0.345202756240E+02  0.243364771040E+02  0.100000000000E+01
  0.960694071400E+01 -0.345202756240E+02  0.243364771040E+02  0.707105547775E+00
  0.960694071400E+01 -0.345202756240E+02  0.243364771040E+02  0.100000000000E+01
  0.960694071400E+01 -0.345202756240E+02  0.243364771040E+02  0.707106666748E+00
  0.960694071400E+01 -0.345202756240E+02  0.243364771040E+02  0.100000000000E+01
  0.960694071400E+01 -0.345202756240E+02  0.243364771040E+02  0.707107792321E+00
  0.960694071400E+01 -0.345202756240E+02  0.243364771040E+02  0.100000000000E+01
  0.932836886300E+01 -0.344109376600E+02  0.242586784380E+02  0.100000000000E+01
  0.937808882300E+01 -0.344927334550E+02  0.239813952980E+02  0.707107117901E+00
  0.964661887700E+01 -0.345893840150E+02  0.240972768030E+02  0.100000000000E+01
  0.984373730700E+01 -0.346587976650E+02  0.241895138450E+02  0.707105547775E+00
  0.986280245600E+01 -0.346206993520E+02  0.244079339370E+02  0.100000000000E+01
  0.980607179800E+01 -0.345388170100E+02  0.246707995560E+02  0.707106666748E+00
  0.955848489900E+01 -0.344358795380E+02  0.246285881540E+02  0.100000000000E+01
  0.929707565000E+01 -0.343367231060E+02  0.245394764680E+02  0.707107792321E+00
  0.932836886300E+01 -0.344109376600E+02  0.242586784380E+02  0.100000000000E+01
  0.972633427600E+01 -0.342532205090E+02  0.242789652120E+02  0.100000000000E+01
  0.972633427600E+01 -0.342532205090E+02  0.242789652120E+02  0.707106942145E+00
  0.972633427600E+01 -0.342532205090E+02  0.242789652120E+02  0.100000000000E+01
  0.972633427600E+01 -0.342532205090E+02  0.242789652120E+02  0.707106639675E+00
  0.972633427600E+01 -0.342532205090E+02  0.242789652120E+02  0.100000000000E+01
  0.972633427600E+01 -0.342532205090E+02  0.242789652120E+02  0.707106630597E+00
  0.972633427600E+01 -0.342532205090E+02  0.242789652120E+02  0.100000000000E+01
  0.972633427600E+01 -0.342532205090E+02  0.242789652120E+02  0.707106912350E+00
  0.972633427600E+01 -0.342532205090E+02  0.242789652120E+02  0.100000000000E+01
  0.945145395900E+01 -0.341481271740E+02  0.242030062400E+02  0.100000000000E+01
  0.952415005900E+01 -0.342349187310E+02  0.239509505430E+02  0.707106942145E+00
  0.976335966500E+01 -0.343181007860E+02  0.240552119470E+02  0.100000000000E+01
  0.994684051500E+01 -0.343814659190E+02  0.241372032200E+02  0.707106639675E+00
  0.992834079200E+01 -0.343304507200E+02  0.243347861110E+02  0.100000000000E+01
  0.986700453000E+01 -0.342648405430E+02  0.245123099590E+02  0.707106630597E+00
  0.968828436300E+01 -0.341865421270E+02  0.245089130100E+02  0.100000000000E+01
  0.944872911500E+01 -0.340936059510E+02  0.244489399670E+02  0.707106912350E+00
  0.945145395900E+01 -0.341481271740E+02  0.242030062400E+02  0.100000000000E+01
  0.984360553700E+01 -0.339854249360E+02  0.242205359530E+02  0.100000000000E+01
  0.984360553700E+01 -0.339854249360E+02  0.242205359530E+02  0.707107328984E+00
  0.984360553700E+01 -0.339854249360E+02  0.242205359530E+02  0.100000000000E+01
  0.984360553700E+01 -0.339854249360E+02  0.242205359530E+02  0.707107591954E+00
  0.984360553700E+01 -0.339854249360E+02  0.242205359530E+02  0.100000000000E+01
  0.984360553700E+01 -0.339854249360E+02  0.242205359530E+02  0.707105803236E+00
  0.984360553700E+01 -0.339854249360E+02  0.242205359530E+02  0.100000000000E+01
  0.984360553700E+01 -0.339854249360E+02  0.242205359530E+02  0.707106400599E+00
  0.984360553700E+01 -0.339854249360E+02  0.242205359530E+02  0.100000000000E+01
  0.952860643100E+01 -0.338677026840E+02  0.241342774910E+02  0.100000000000E+01
  0.960656257700E+01 -0.339710435860E+02  0.238176403170E+02  0.707107328984E+00
  0.988413972000E+01 -0.340569374500E+02  0.239749138490E+02  0.100000000000E+01
  0.100577377240E+02 -0.341101452630E+02  0.240755990610E+02  0.707107591954E+00
  0.100112022330E+02 -0.340480579650E+02  0.242664289350E+02  0.100000000000E+01
  0.996464781900E+01 -0.339915934810E+02  0.244316117310E+02  0.707105803236E+00
  0.980759279000E+01 -0.339218862290E+02  0.244387636880E+02  0.100000000000E+01
  0.949411265500E+01 -0.337887604310E+02  0.244256694190E+02  0.707106400599E+00
  0.952860643100E+01 -0.338677026840E+02  0.241342774910E+02  0.100000000000E+01
  0.995906670100E+01 -0.337170310960E+02  0.241612513940E+02  0.100000000000E+01
  0.995906670100E+01 -0.337170310960E+02  0.241612513940E+02  0.707108034875E+00
  0.995906670100E+01 -0.337170310960E+02  0.241612513940E+02  0.100000000000E+01
  0.995906670100E+01 -0.337170310960E+02  0.241612513940E+02  0.707104995082E+00
  0.995906670100E+01 -0.337170310960E+02  0.241612513940E+02  0.100000000000E+01
  0.995906670100E+01 -0.337170310960E+02  0.241612513940E+02  0.707105754002E+00
  0.995906670100E+01 -0.337170310960E+02  0.241612513940E+02  0.100000000000E+01
  0.995906670100E+01 -0.337170310960E+02  0.241612513940E+02  0.707108340834E+00
  0.995906670100E+01 -0.337170310960E+02  0.241612513940E+02  0.100000000000E+01
  0.959574801300E+01 -0.335839208370E+02  0.240625409700E+02  0.100000000000E+01
  0.973334781200E+01 -0.336999317640E+02  0.238046905470E+02  0.707108034875E+00
  0.999391870800E+01 -0.337789608560E+02  0.239494582790E+02  0.100000000000E+01
  0.101249564390E+02 -0.338140679050E+02  0.240431233900E+02  0.707104995082E+00
  0.100866557660E+02 -0.337637744370E+02  0.241959158690E+02  0.100000000000E+01
  0.100503044120E+02 -0.337194227250E+02  0.243257108130E+02  0.707105754002E+00
  0.992588179600E+01 -0.336580618010E+02  0.243629093220E+02  0.100000000000E+01
  0.956885906300E+01 -0.334938561410E+02  0.244162459740E+02  0.707108340834E+00
  0.959574801300E+01 -0.335839208370E+02  0.240625409700E+02  0.100000000000E+01
           1
           2
           3
           4
           5
           6
           7
           8
           9
          10
          11
          12
          13
          14
          15
          16
          17
          18
          19
          20
          21
          22
          23
          24
          25
          26
          27
          28
          29
          30
          31
          32
          33
          34
          35
          36
          37
          38
          39
          40
          41
          42
          43
          44
          45
          46
          47
          48
          49
          50
          51
          52
          53
          54
          55
          56
          57
          58
          59
          60
          61
          62
          63
          64
          65
          66
          67
          68
          69
          70
          71
          72
          73
          74
          75
          76
          77
          78
          79
          80
          81
          82
          83
          84
          85
          86
          87
          88
          89
          90
          91
          92
          93
          94
          95
          96
          97
          98
          99
         100
         101
         102
         103
         104
         105
         106
         107
         108
         109
         110
         111
         112
         113
         114
         115
         116
         117
         118
         119
         120
         121
         122
         123
         124
         125
         126
         127
         128
         129
         130
         131
         132
         133
         134
         135
         136
         137
         138
         139
         140
         141
         142
         143
         144
         145
         146
         147
         148
         149
         150
         151
         152
         153
         154
         155
         156
         157
         158
         159
         160
         161
         162
         163
         164
         165
         166
         167
         168
         169
         170
         171
         172
         173
         174
         175
         176
         177
         178
         179
         180
         181
         182
         183
         184
         185
         186
         187
         188
         189
         190
         191
         192
         193
         194
         195
         196
         197
         198
         199
         200
         201
         202
         203
         204
         205
         206
         207
         208
         209
         210
         211
         212
         213
         214
         215
         216
         217
         218
         219
         220
         221
         222
         223
         224
         225
         226
         227
         228
         229
         230
         231
         232
         233
         234
         235
         236
         237
         238
         239
         240
         241
         242
         243
         244
         245
         246
         247
         248
         249
         250
         251
         252
         253
         254
         255
         256
         257
         258
         259
         260
         261
         262
         263
         264
         265
         266
         267
         268
         269
         270
         271
         272
         273
         274
         275
         276
         277
         278
         279
         280
         281
         282
         283
         284
         285
         286
         287
         288
         289
         290
         291
         292
         293
         294
         295
         296
         297
         298
         299
         300
         301
         302
         303
         304
         305
         306
         307
         308
         309
         310
         311
         312
         313
         314
         315
         316
         317
         318
         319
         320
         321
         322
         323
         324
         325
         326
         327
         328
         329
         330
         331
         332
         333
         334
         335
         336
         337
         338
         339
         340
         341
         342
         343
         344
         345
         346
         347
         348
         349
         350
         351
         352
         353
         354
         355
         356
         357
         358
         359
         360
         361
         362
         363
         364
         365
         366
         367
         368
         369
         370
         371
         372
         373
         374
         375
         376
         377
         378
         379
         380
         381
         382
         383
         384
         385
         386
         387
         388
         389
         390
         391
         392
         393
         394
         395
         396
         397
         398
         399
         400
         401
         402
         403
         404
         405
         406
         407
         408
         409
         410
         411
         412
         413
         414
         415
         416
         417
         418
         419
         420
         421
         422
         423
         424
         425
         426
         427
         428
         429
         430
         431
         432
         433
         434
         435
         436
         437
         438
         439
         440
         441
         442
         443
         444
         445
         446
         447
         448
         449
         450
 1 0 0
 0 0 0
 0 0 0
 0 0 0
 0 0 0
 0 0 0
 0 0 0
 0 0 0
 0 0 0
 0 0 0
 0 0 0
 0 0 0
 0 0 0
 0 0 0
 0 0 0
 0 0 0
 0 0 0
 0 0 0
 0 0 0
 0 0 0
 0 0 0
 0 0 0
 0 0 0
 0 0 0
 0 0 0
 0 0 0
 0 0 0
 0 0 0
 0 0 0
 0 0 0
 0 0 0
 0 0 0
 0 0 0
 0 0 0
 0 0 0
 0 0 0
 0 0 0
 0 0 0
 0 0 0
 0 0 0
 0 0 0
 0 0 0
 0 0 0
 0 0 0
 0 0 0
 0 0 0
 0 0 0
 0 0 0
 0 0 0
 0 0 0
 0 0 0
 0 0 0
 0 0 0
 0 0 0
 0 0 0
 0 0 0
 0 0 0
 0 0 0
 0 0 0
 0 0 0
 0 0 0
 0 0 0
 0 0 0
 0 0 0
 0 0 0
 0 0 0
 0 0 0
 0 0 0
 0 0 0
 0 0 0
 0 0 0
 0 0 0
 0 0 0
 0 0 0
 0 0 0
 0 0 0
 0 0 0
 0 0 0
 0 0 0
 0 0 0
 0 0 0
 0 0 0
 0 0 0
 0 0 0
 0 0 0
 0 0 0
 0 0 0
 0 0 0
 0 0 0
 0 0 0
 0 0 0
 0 0 0
 0 0 0
 0 0 0
 0 0 0
 0 0 0
 0 0 0
 0 0 0
 0 0 0
 0 0 0
 0 0 0
 0 0 0
 0 0 0
 0 0 0
 0 0 0
 0 0 0
 0 0 0
 0 0 0
 0 0 0
 0 0 0
 0 0 0
 0 0 0
 0 0 0
 0 0 0
 0 0 0
 0 0 0
 0 0 0
 0 0 0
 0 0 0
 0 0 0
 0 0 0
 0 0 0
 0 0 0
 0 0 0
 0 0 0
 0 0 0
 0 0 0
 0 0 0
 0 0 0
 0 0 0
 0 0 0
 0 0 0
 0 0 0
 0 0 0
 0 0 0
 0 0 0
 0 0 0
 0 0 0
 0 0 0
 0 0 0
 0 0 0
 0 0 0
 0 0 0
 0 0 0
 0 0 0
 0 0 0
 0 0 0
 0 0 0
 0 0 0
 0 0 0
 0 0 0
 0 0 0
 0 0 0
 0 0 0
 0 0 0
 0 0 0
 0 0 0
 0 0 0
 0 0 0
 0 0 0
 0 0 0
 0 0 0
 0 0 0
 0 0 0
 0 0 0
 0 0 0
 0 0 0
 0 0 0
 0 0 0
 0 0 0
 0 0 0
 0 0 0
 0 0 0
 0 0 0
 0 0 0
 0 0 0
 0 0 0
 0 0 0
 0 0 0
 0 0 0
 0 0 0
 0 0 0
 0 0 0
 0 0 0
 0 0 0
 0 0 0
 0 0 0
 0 0 0
 0 0 0
 0 0 0
 0 0 0
 0 0 0
 0 0 0
 0 0 0
 0 0 0
 0 0 0
 0 0 0
 0 0 0
 0 0 0
 0 0 0
 0 0 0
 0 0 0
 0 0 0
 0 0 0
 0 0 0
 0 0 0
 0 0 0
 0 0 0
 0 0 0
 0 0 0
 0 0 0
 0 0 0
 0 0 0
 0 0 0
 0 0 0
 0 0 0
 0 0 0
 0 0 0
 0 0 0
 0 0 0
 0 0 0
 0 0 0
 0 0 0
 0 0 0
 0 0 0
 0 0 0
 0 0 0
 0 0 0
 0 0 0
 0 0 0
 0 0 0
 0 0 0
 0 0 0
 0 0 0
 0 0 0
 0 0 0
 0 0 0
 0 0 0
 0 0 0
 0 0 0
 0 0 0
 0 0 0
 0 0 0
 0 0 0
 0 0 0
 0 0 0
 0 0 0
 0 0 0
 0 0 0
 0 0 0
 0 0 0
 0 0 0
 0 0 0
 0 0 0
 0 0 0
 0 0 0
 0 0 0
 0 0 0
 0 0 0
 0 0 0
 0 0 0
 0 0 0
 0 0 0
 0 0 0
 0 0 0
 0 0 0
 0 0 0
 0 0 0
 0 0 0
 0 0 0
 0 0 0
 0 0 0
 0 0 0
 0 0 0
 0 0 0
 0 0 0
 0 0 0
 0 0 0
 0 0 0
 0 0 0
 0 0 0
 0 0 0
 0 0 0
 0 0 0
 0 0 0
 0 0 0
 0 0 0
 0 0 0
 0 0 0
 0 0 0
 0 0 0
 0 0 0
 0 0 0
 0 0 0
 0 0 0
 0 0 0
 0 0 0
 0 0 0
 0 0 0
 0 0 0
 0 0 0
 0 0 0
 0 0 0
 0 0 0
 0 0 0
 0 0 0
 0 0 0
 0 0 0
 0 0 0
 0 0 0
 0 0 0
 0 0 0
 0 0 0
 0 0 0
 0 0 0
 0 0 0
 0 0 0
 0 0 0
 0 0 0
 0 0 0
 0 0 0
 0 0 0
 0 0 0
 0 0 0
 0 0 0
 0 0 0
 0 0 0
 0 0 0
 0 0 0
 0 0 0
 0 0 0
 0 0 0
 0 0 0
 0 0 0
 0 0 0
 0 0 0
 0 0 0
 0 0 0
 0 0 0
 0 0 0
 0 0 0
 0 0 0
 0 0 0
 0 0 0
 0 0 0
 0 0 0
 0 0 0
 0 0 0
 0 0 0
 0 0 0
 0 0 0
 0 0 0
 0 0 0
 0 0 0
 0 0 0
 0 0 0
 0 0 0
 0 0 0
 0 0 0
 0 0 0
 0 0 0
 0 0 0
 0 0 0
 0 0 0
 0 0 0
 0 0 0
 0 0 0
 0 0 0
 0 0 0
 0 0 0
 0 0 0
 0 0 0
 0 0 0
 0 0 0
 0 0 0
 0 0 0
 0 0 0
 0 0 0
 0 0 0
 0 0 0
 0 0 0
 0 0 0
 0 0 0
 0 0 0
 0 0 0
 0 0 0
 0 0 0
 0 0 0
 0 0 0
 0 0 0
 0 0 0
 0 0 0
 0 0 0
 0 0 0
 0 0 0
 0 0 0
 0 0 0
 0 0 0
 0 0 0
 0 0 0
 0 0 0
 0 0 0
 0 0 0
 0 0 0
 0 0 0
 0 0 0
 0 0 0
 0 0 0
 0 0 0
 0 0 0
 0 0 0
 0 0 0
 0 0 0
 0 0 0
 0 0 0
 0 0 0
 0 0 0
 0 0 0
 0 0 0
 0 0 0
 0 0 0
 0 0 0
 0 0 0
 0 0 0
 0 0 0
 0 0 0
 0 0 0
 0 0 0
 0 0 0
 0 0 0
 0 0 0
 0 0 0
 0 0 0
 0 0 0
 0 0 0
 0 0 0
 0 0 0
 0 0 0
 0 0 0
 0 0 0
 0 0 0
 0 0 0
 0 0 0
 0 0 0
 0 0 0
 0 0 0
 0 0 0
 0 0 0
 0 0 0
 0 0 0
 0 0 0
  0.000000000  0.000000000  0.000000000
  0.000000000  0.000000000  0.000000000
  0.000000000  0.000000000  0.000000000
  0.000000000  0.000000000  0.000000000
  0.000000000  0.000000000  0.000000000
  0.000000000  0.000000000  0.000000000
  0.000000000  0.000000000  0.000000000
  0.000000000  0.000000000  0.000000000
  0.000000000  0.000000000  0.000000000
  0.000000000  0.000000000  0.000000000
  0.000000000  0.000000000  0.000000000
  0.000000000  0.000000000  0.000000000
  0.000000000  0.000000000  0.000000000
  0.000000000  0.000000000  0.000000000
  0.000000000  0.000000000  0.000000000
  0.000000000  0.000000000  0.000000000
  0.000000000  0.000000000  0.000000000
  0.000000000  0.000000000  0.000000000
  0.000000000  0.000000000  0.000000000
  0.000000000  0.000000000  0.000000000
  0.000000000  0.000000000  0.000000000
  0.000000000  0.000000000  0.000000000
  0.000000000  0.000000000  0.000000000
  0.000000000  0.000000000  0.000000000
  0.000000000  0.000000000  0.000000000
  0.000000000  0.000000000  0.000000000
  0.000000000  0.000000000  0.000000000
  0.000000000  0.000000000  0.000000000
  0.000000000  0.000000000  0.000000000
  0.000000000  0.000000000  0.000000000
  0.000000000  0.000000000  0.000000000
  0.000000000  0.000000000  0.000000000
  0.000000000  0.000000000  0.000000000
  0.000000000  0.000000000  0.000000000
  0.000000000  0.000000000  0.000000000
  0.000000000  0.000000000  0.000000000
  0.000000000  0.000000000  0.000000000
  0.000000000  0.000000000  0.000000000
  0.000000000  0.000000000  0.000000000
  0.000000000  0.000000000  0.000000000
  0.000000000  0.000000000  0.000000000
  0.000000000  0.000000000  0.000000000
  0.000000000  0.000000000  0.000000000
  0.000000000  0.000000000  0.000000000
  0.000000000  0.000000000  0.000000000
  0.000000000  0.000000000  0.000000000
  0.000000000  0.000000000  0.000000000
  0.000000000  0.000000000  0.000000000
  0.000000000  0.000000000  0.000000000
  0.000000000  0.000000000  0.000000000
  0.000000000  0.000000000  0.000000000
  0.000000000  0.000000000  0.000000000
  0.000000000  0.000000000  0.000000000
  0.000000000  0.000000000  0.000000000
  0.000000000  0.000000000  0.000000000
  0.000000000  0.000000000  0.000000000
  0.000000000  0.000000000  0.000000000
  0.000000000  0.000000000  0.000000000
  0.000000000  0.000000000  0.000000000
  0.000000000  0.000000000  0.000000000
  0.000000000  0.000000000  0.000000000
  0.000000000  0.000000000  0.000000000
  0.000000000  0.000000000  0.000000000
  0.000000000  0.000000000  0.000000000
  0.000000000  0.000000000  0.000000000
  0.000000000  0.000000000  0.000000000
  0.000000000  0.000000000  0.000000000
  0.000000000  0.000000000  0.000000000
  0.000000000  0.000000000  0.000000000
  0.000000000  0.000000000  0.000000000
  0.000000000  0.000000000  0.000000000
  0.000000000  0.000000000  0.000000000
  0.000000000  0.000000000  0.000000000
  0.000000000  0.000000000  0.000000000
  0.000000000  0.000000000  0.000000000
  0.000000000  0.000000000  0.000000000
  0.000000000  0.000000000  0.000000000
  0.000000000  0.000000000  0.000000000
  0.000000000  0.000000000  0.000000000
  0.000000000  0.000000000  0.000000000
  0.000000000  0.000000000  0.000000000
  0.000000000  0.000000000  0.000000000
  0.000000000  0.000000000  0.000000000
  0.000000000  0.000000000  0.000000000
  0.000000000  0.000000000  0.000000000
  0.000000000  0.000000000  0.000000000
  0.000000000  0.000000000  0.000000000
  0.000000000  0.000000000  0.000000000
  0.000000000  0.000000000  0.000000000
  0.000000000  0.000000000  0.000000000
  0.000000000  0.000000000  0.000000000
  0.000000000  0.000000000  0.000000000
  0.000000000  0.000000000  0.000000000
  0.000000000  0.000000000  0.000000000
  0.000000000  0.000000000  0.000000000
  0.000000000  0.000000000  0.000000000
  0.000000000  0.000000000  0.000000000
  0.000000000  0.000000000  0.000000000
  0.000000000  0.000000000  0.000000000
  0.000000000  0.000000000  0.000000000
  0.000000000  0.000000000  0.000000000
  0.000000000  0.000000000  0.000000000
  0.000000000  0.000000000  0.000000000
  0.000000000  0.000000000  0.000000000
  0.000000000  0.000000000  0.000000000
  0.000000000  0.000000000  0.000000000
  0.000000000  0.000000000  0.000000000
  0.000000000  0.000000000  0.000000000
  0.000000000  0.000000000  0.000000000
  0.000000000  0.000000000  0.000000000
  0.000000000  0.000000000  0.000000000
  0.000000000  0.000000000  0.000000000
  0.000000000  0.000000000  0.000000000
  0.000000000  0.000000000  0.000000000
  0.000000000  0.000000000  0.000000000
  0.000000000  0.000000000  0.000000000
  0.000000000  0.000000000  0.000000000
  0.000000000  0.000000000  0.000000000
  0.000000000  0.000000000  0.000000000
  0.000000000  0.000000000  0.000000000
  0.000000000  0.000000000  0.000000000
  0.000000000  0.000000000  0.000000000
  0.000000000  0.000000000  0.000000000
  0.000000000  0.000000000  0.000000000
  0.000000000  0.000000000  0.000000000
  0.000000000  0.000000000  0.000000000
  0.000000000  0.000000000  0.000000000
  0.000000000  0.000000000  0.000000000
  0.000000000  0.000000000  0.000000000
  0.000000000  0.000000000  0.000000000
  0.000000000  0.000000000  0.000000000
  0.000000000  0.000000000  0.000000000
  0.000000000  0.000000000  0.000000000
  0.000000000  0.000000000  0.000000000
  0.000000000  0.000000000  0.000000000
  0.000000000  0.000000000  0.000000000
  0.000000000  0.000000000  0.000000000
  0.000000000  0.000000000  0.000000000
  0.000000000  0.000000000  0.000000000
  0.000000000  0.000000000  0.000000000
  0.000000000  0.000000000  0.000000000
  0.000000000  0.000000000  0.000000000
  0.000000000  0.000000000  0.000000000
  0.000000000  0.000000000  0.000000000
  0.000000000  0.000000000  0.000000000
  0.000000000  0.000000000  0.000000000
  0.000000000  0.000000000  0.000000000
  0.000000000  0.000000000  0.000000000
  0.000000000  0.000000000  0.000000000
  0.000000000  0.000000000  0.000000000
  0.000000000  0.000000000  0.000000000
  0.000000000  0.000000000  0.000000000
  0.000000000  0.000000000  0.000000000
  0.000000000  0.000000000  0.000000000
  0.000000000  0.000000000  0.000000000
  0.000000000  0.000000000  0.000000000
  0.000000000  0.000000000  0.000000000
  0.000000000  0.000000000  0.000000000
  0.000000000  0.000000000  0.000000000
  0.000000000  0.000000000  0.000000000
  0.000000000  0.000000000  0.000000000
  0.000000000  0.000000000  0.000000000
  0.000000000  0.000000000  0.000000000
  0.000000000  0.000000000  0.000000000
  0.000000000  0.000000000  0.000000000
  0.000000000  0.000000000  0.000000000
  0.000000000  0.000000000  0.000000000
  0.000000000  0.000000000  0.000000000
  0.000000000  0.000000000  0.000000000
  0.000000000  0.000000000  0.000000000
  0.000000000  0.000000000  0.000000000
  0.000000000  0.000000000  0.000000000
  0.000000000  0.000000000  0.000000000
  0.000000000  0.000000000  0.000000000
  0.000000000  0.000000000  0.000000000
  0.000000000  0.000000000  0.000000000
  0.000000000  0.000000000  0.000000000
  0.000000000  0.000000000  0.000000000
  0.000000000  0.000000000  0.000000000
  0.000000000  0.000000000  0.000000000
  0.000000000  0.000000000  0.000000000
  0.000000000  0.000000000  0.000000000
  0.000000000  0.000000000  0.000000000
  0.000000000  0.000000000  0.000000000
  0.000000000  0.000000000  0.000000000
  0.000000000  0.000000000  0.000000000
  0.000000000  0.000000000  0.000000000
  0.000000000  0.000000000  0.000000000
  0.000000000  0.000000000  0.000000000
  0.000000000  0.000000000  0.000000000
  0.000000000  0.000000000  0.000000000
  0.000000000  0.000000000  0.000000000
  0.000000000  0.000000000  0.000000000
  0.000000000  0.000000000  0.000000000
  0.000000000  0.000000000  0.000000000
  0.000000000  0.000000000  0.000000000
  0.000000000  0.000000000  0.000000000
  0.000000000  0.000000000  0.000000000
  0.000000000  0.000000000  0.000000000
  0.000000000  0.000000000  0.000000000
  0.000000000  0.000000000  0.000000000
  0.000000000  0.000000000  0.000000000
  0.000000000  0.000000000  0.000000000
  0.000000000  0.000000000  0.000000000
  0.000000000  0.000000000  0.000000000
  0.000000000  0.000000000  0.000000000
  0.000000000  0.000000000  0.000000000
  0.000000000  0.000000000  0.000000000
  0.000000000  0.000000000  0.000000000
  0.000000000  0.000000000  0.000000000
  0.000000000  0.000000000  0.000000000
  0.000000000  0.000000000  0.000000000
  0.000000000  0.000000000  0.000000000
  0.000000000  0.000000000  0.000000000
  0.000000000  0.000000000  0.000000000
  0.000000000  0.000000000  0.000000000
  0.000000000  0.000000000  0.000000000
  0.000000000  0.000000000  0.000000000
  0.000000000  0.000000000  0.000000000
  0.000000000  0.000000000  0.000000000
  0.000000000  0.000000000  0.000000000
  0.000000000  0.000000000  0.000000000
  0.000000000  0.000000000  0.000000000
  0.000000000  0.000000000  0.000000000
  0.000000000  0.000000000  0.000000000
  0.000000000  0.000000000  0.000000000
  0.000000000  0.000000000  0.000000000
  0.000000000  0.000000000  0.000000000
  0.000000000  0.000000000  0.000000000
  0.000000000  0.000000000  0.000000000
  0.000000000  0.000000000  0.000000000
  0.000000000  0.000000000  0.000000000
  0.000000000  0.000000000  0.000000000
  0.000000000  0.000000000  0.000000000
  0.000000000  0.000000000  0.000000000
  0.000000000  0.000000000  0.000000000
  0.000000000  0.000000000  0.000000000
  0.000000000  0.000000000  0.000000000
  0.000000000  0.000000000  0.000000000
  0.000000000  0.000000000  0.000000000
  0.000000000  0.000000000  0.000000000
  0.000000000  0.000000000  0.000000000
  0.000000000  0.000000000  0.000000000
  0.000000000  0.000000000  0.000000000
  0.000000000  0.000000000  0.000000000
  0.000000000  0.000000000  0.000000000
  0.000000000  0.000000000  0.000000000
  0.000000000  0.000000000  0.000000000
  0.000000000  0.000000000  0.000000000
  0.000000000  0.000000000  0.000000000
  0.000000000  0.000000000  0.000000000
  0.000000000  0.000000000  0.000000000
  0.000000000  0.000000000  0.000000000
  0.000000000  0.000000000  0.000000000
  0.000000000  0.000000000  0.000000000
  0.000000000  0.000000000  0.000000000
  0.000000000  0.000000000  0.000000000
  0.000000000  0.000000000  0.000000000
  0.000000000  0.000000000  0.000000000
  0.000000000  0.000000000  0.000000000
  0.000000000  0.000000000  0.000000000
  0.000000000  0.000000000  0.000000000
  0.000000000  0.000000000  0.000000000
  0.000000000  0.000000000  0.000000000
  0.000000000  0.000000000  0.000000000
  0.000000000  0.000000000  0.000000000
  0.000000000  0.000000000  0.000000000
  0.000000000  0.000000000  0.000000000
  0.000000000  0.000000000  0.000000000
  0.000000000  0.000000000  0.000000000
  0.000000000  0.000000000  0.000000000
  0.000000000  0.000000000  0.000000000
  0.000000000  0.000000000  0.000000000
  0.000000000  0.000000000  0.000000000
  0.000000000  0.000000000  0.000000000
  0.000000000  0.000000000  0.000000000
  0.000000000  0.000000000  0.000000000
  0.000000000  0.000000000  0.000000000
  0.000000000  0.000000000  0.000000000
  0.000000000  0.000000000  0.000000000
  0.000000000  0.000000000  0.000000000
  0.000000000  0.000000000  0.000000000
  0.000000000  0.000000000  0.000000000
  0.000000000  0.000000000  0.000000000
  0.000000000  0.000000000  0.000000000
  0.000000000  0.000000000  0.000000000
  0.000000000  0.000000000  0.000000000
  0.000000000  0.000000000  0.000000000
  0.000000000  0.000000000  0.000000000
  0.000000000  0.000000000  0.000000000
  0.000000000  0.000000000  0.000000000
  0.000000000  0.000000000  0.000000000
  0.000000000  0.000000000  0.000000000
  0.000000000  0.000000000  0.000000000
  0.000000000  0.000000000  0.000000000
  0.000000000  0.000000000  0.000000000
  0.000000000  0.000000000  0.000000000
  0.000000000  0.000000000  0.000000000
  0.000000000  0.000000000  0.000000000
  0.000000000  0.000000000  0.000000000
  0.000000000  0.000000000  0.000000000
  0.000000000  0.000000000  0.000000000
  0.000000000  0.000000000  0.000000000
  0.000000000  0.000000000  0.000000000
  0.000000000  0.000000000  0.000000000
  0.000000000  0.000000000  0.000000000
  0.000000000  0.000000000  0.000000000
  0.000000000  0.000000000  0.000000000
  0.000000000  0.000000000  0.000000000
  0.000000000  0.000000000  0.000000000
  0.000000000  0.000000000  0.000000000
  0.000000000  0.000000000  0.000000000
  0.000000000  0.000000000  0.000000000
  0.000000000  0.000000000  0.000000000
  0.000000000  0.000000000  0.000000000
  0.000000000  0.000000000  0.000000000
  0.000000000  0.000000000  0.000000000
  0.000000000  0.000000000  0.000000000
  0.000000000  0.000000000  0.000000000
  0.000000000  0.000000000  0.000000000
  0.000000000  0.000000000  0.000000000
  0.000000000  0.000000000  0.000000000
  0.000000000  0.000000000  0.000000000
  0.000000000  0.000000000  0.000000000
  0.000000000  0.000000000  0.000000000
  0.000000000  0.000000000  0.000000000
  0.000000000  0.000000000  0.000000000
  0.000000000  0.000000000  0.000000000
  0.000000000  0.000000000  0.000000000
  0.000000000  0.000000000  0.000000000
  0.000000000  0.000000000  0.000000000
  0.000000000  0.000000000  0.000000000
  0.000000000  0.000000000  0.000000000
  0.000000000  0.000000000  0.000000000
  0.000000000  0.000000000  0.000000000
  0.000000000  0.000000000  0.000000000
  0.000000000  0.000000000  0.000000000
  0.000000000  0.000000000  0.000000000
  0.000000000  0.000000000  0.000000000
  0.000000000  0.000000000  0.000000000
  0.000000000  0.000000000  0.000000000
  0.000000000  0.000000000  0.000000000
  0.000000000  0.000000000  0.000000000
  0.000000000  0.000000000  0.000000000
  0.000000000  0.000000000  0.000000000
  0.000000000  0.000000000  0.000000000
  0.000000000  0.000000000  0.000000000
  0.000000000  0.000000000  0.000000000
  0.000000000  0.000000000  0.000000000
  0.000000000  0.000000000  0.000000000
  0.000000000  0.000000000  0.000000000
  0.000000000  0.000000000  0.000000000
  0.000000000  0.000000000  0.000000000
  0.000000000  0.000000000  0.000000000
  0.000000000  0.000000000  0.000000000
  0.000000000  0.000000000  0.000000000
  0.000000000  0.000000000  0.000000000
  0.000000000  0.000000000  0.000000000
  0.000000000  0.000000000  0.000000000
  0.000000000  0.000000000  0.000000000
  0.000000000  0.000000000  0.000000000
  0.000000000  0.000000000  0.000000000
  0.000000000  0.000000000  0.000000000
  0.000000000  0.000000000  0.000000000
  0.000000000  0.000000000  0.000000000
  0.000000000  0.000000000  0.000000000
  0.000000000  0.000000000  0.000000000
  0.000000000  0.000000000  0.000000000
  0.000000000  0.000000000  0.000000000
  0.000000000  0.000000000  0.000000000
  0.000000000  0.000000000  0.000000000
  0.000000000  0.000000000  0.000000000
  0.000000000  0.000000000  0.000000000
  0.000000000  0.000000000  0.000000000
  0.000000000  0.000000000  0.000000000
  0.000000000  0.000000000  0.000000000
  0.000000000  0.000000000  0.000000000
  0.000000000  0.000000000  0.000000000
  0.000000000  0.000000000  0.000000000
  0.000000000  0.000000000  0.000000000
  0.000000000  0.000000000  0.000000000
  0.000000000  0.000000000  0.000000000
  0.000000000  0.000000000  0.000000000
  0.000000000  0.000000000  0.000000000
  0.000000000  0.000000000  0.000000000
  0.000000000  0.000000000  0.000000000
  0.000000000  0.000000000  0.000000000
  0.000000000  0.000000000  0.000000000
  0.000000000  0.000000000  0.000000000
  0.000000000  0.000000000  0.000000000
  0.000000000  0.000000000  0.000000000
  0.000000000  0.000000000  0.000000000
  0.000000000  0.000000000  0.000000000
  0.000000000  0.000000000  0.000000000
  0.000000000  0.000000000  0.000000000
  0.000000000  0.000000000  0.000000000
  0.000000000  0.000000000  0.000000000
  0.000000000  0.000000000  0.000000000
  0.000000000  0.000000000  0.000000000
  0.000000000  0.000000000  0.000000000
  0.000000000  0.000000000  0.000000000
  0.000000000  0.000000000  0.000000000
  0.000000000  0.000000000  0.000000000
  0.000000000  0.000000000  0.000000000
  0.000000000  0.000000000  0.000000000
  0.000000000  0.000000000  0.000000000
  0.000000000  0.000000000  0.000000000
  0.000000000  0.000000000  0.000000000
  0.000000000  0.000000000  0.000000000
  0.000000000  0.000000000  0.000000000
  0.000000000  0.000000000  0.000000000
  0.000000000  0.000000000  0.000000000
  0.000000000  0.000000000  0.000000000
  0.000000000  0.000000000  0.000000000
  0.000000000  0.000000000  0.000000000
  0.000000000  0.000000000  0.000000000
  0.000000000  0.000000000  0.000000000
  0.000000000  0.000000000  0.000000000
  0.000000000  0.000000000  0.000000000
  0.000000000  0.000000000  0.000000000
  0.000000000  0.000000000  0.000000000
  0.000000000  0.000000000  0.000000000
  0.000000000  0.000000000  0.000000000
  0.000000000  0.000000000  0.000000000
  0.000000000  0.000000000  0.000000000
  0.000000000  0.000000000  0.000000000
  0.000000000  0.000000000  0.000000000
  0.000000000  0.000000000  0.000000000
  0.000000000  0.000000000  0.000000000
  0.000000000  0.000000000  0.000000000
  0.000000000  0.000000000  0.000000000
  0.000000000  0.000000000  0.000000000
  0.000000000  0.000000000  0.000000000
  0.000000000  0.000000000  0.000000000
  0.000000000  0.000000000  0.000000000
  0.000000000  0.000000000  0.000000000
  0.000000000  0.000000000  0.000000000
  0.000000000  0.000000000  0.000000000
  0.000000000  0.000000000  0.000000000
  0.000000000  0.000000000  0.000000000
  0.000000000  0.000000000  0.000000000
  0.000000000  0.000000000  0.000000000
  0.000000000  0.000000000  0.000000000
  0.000000000  0.000000000  0.000000000
  0.000000000  0.000000000  0.000000000
  0.000000000  0.000000000  0.000000000
  0.000000000  0.000000000  0.000000000
  0.000000000  0.000000000  0.000000000
  0.000000000  0.000000000  0.000000000
  0.000000000  0.000000000  0.000000000
 0 0 0
 0 0 0
 0 0 0
 0 0 0
 0 0 0
 0 0 0
 0 0 0
 0 0 0
 0 0 0
 0 0 0
 0 0 0
 0 0 0
 0 0 0
 0 0 0
 0 0 0
 0 0 0
 0 0 0
 0 0 0
 0 0 0
 0 0 0
 0 0 0
 0 0 0
 0 0 0
 0 0 0
 0 0 0
 0 0 0
 0 0 0
 0 0 0
 0 0 0
 0 0 0
 0 0 0
 0 0 0
 0 0 0
 0 0 0
 0 0 0
 0 0 0
 0 0 0
 0 0 0
 0 0 0
 0 0 0
 0 0 0
 0 0 0
 0 0 0
 0 0 0
 0 0 0
 0 0 0
 0 0 0
 0 0 0
 0 0 0
 0 0 0
 0 0 0
 0 0 0
 0 0 0
 0 0 0
 0 0 0
 0 0 0
 0 0 0
 0 0 0
 0 0 0
 0 0 0
 0 0 0
 0 0 0
 0 0 0
 0 0 0
 0 0 0
 0 0 0
 0 0 0
 0 0 0
 0 0 0
 0 0 0
 0 0 0
 0 0 0
 0 0 0
 0 0 0
 0 0 0
 0 0 0
 0 0 0
 0 0 0
 0 0 0
 0 0 0
 0 0 0
 0 0 0
 0 0 0
 0 0 0
 0 0 0
 0 0 0
 0 0 0
 0 0 0
 0 0 0
 0 0 0
 0 0 0
 0 0 0
 0 0 0
 0 0 0
 0 0 0
 0 0 0
 0 0 0
 0 0 0
 0 0 0
 0 0 0
 0 0 0
 0 0 0
 0 0 0
 0 0 0
 0 0 0
 0 0 0
 0 0 0
 0 0 0
 0 0 0
 0 0 0
 0 0 0
 0 0 0
 0 0 0
 0 0 0
 0 0 0
 0 0 0
 0 0 0
 0 0 0
 0 0 0
 0 0 0
 0 0 0
 0 0 0
 0 0 0
 0 0 0
 0 0 0
 0 0 0
 0 0 0
 0 0 0
 0 0 0
 0 0 0
 0 0 0
 0 0 0
 0 0 0
 0 0 0
 0 0 0
 0 0 0
 0 0 0
 0 0 0
 0 0 0
 0 0 0
 0 0 0
 0 0 0
 0 0 0
 0 0 0
 0 0 0
 0 0 0
 0 0 0
 0 0 0
 0 0 0
 0 0 0
 0 0 0
 0 0 0
 0 0 0
 0 0 0
 0 0 0
 0 0 0
 0 0 0
 0 0 0
 0 0 0
 0 0 0
 0 0 0
 0 0 0
 0 0 0
 0 0 0
 0 0 0
 0 0 0
 0 0 0
 0 0 0
 0 0 0
 0 0 0
 0 0 0
 0 0 0
 0 0 0
 0 0 0
 0 0 0
 0 0 0
 0 0 0
 0 0 0
 0 0 0
 0 0 0
 0 0 0
 0 0 0
 0 0 0
 0 0 0
 0 0 0
 0 0 0
 0 0 0
 0 0 0
 0 0 0
 0 0 0
 0 0 0
 0 0 0
 0 0 0
 0 0 0
 0 0 0
 0 0 0
 0 0 0
 0 0 0
 0 0 0
 0 0 0
 0 0 0
 0 0 0
 0 0 0
 0 0 0
 0 0 0
 0 0 0
 0 0 0
 0 0 0
 0 0 0
 0 0 0
 0 0 0
 0 0 0
 0 0 0
 0 0 0
 0 0 0
 0 0 0
 0 0 0
 0 0 0
 0 0 0
 0 0 0
 0 0 0
 0 0 0
 0 0 0
 0 0 0
 0 0 0
 0 0 0
 0 0 0
 0 0 0
 0 0 0
 0 0 0
 0 0 0
 0 0 0
 0 0 0
 0 0 0
 0 0 0
 0 0 0
 0 0 0
 0 0 0
 0 0 0
 0 0 0
 0 0 0
 0 0 0
 0 0 0
 0 0 0
 0 0 0
 0 0 0
 0 0 0
 0 0 0
 0 0 0
 0 0 0
 0 0 0
 0 0 0
 0 0 0
 0 0 0
 0 0 0
 0 0 0
 0 0 0
 0 0 0
 0 0 0
 0 0 0
 0 0 0
 0 0 0
 0 0 0
 0 0 0
 0 0 0
 0 0 0
 0 0 0
 0 0 0
 0 0 0
 0 0 0
 0 0 0
 0 0 0
 0 0 0
 0 0 0
 0 0 0
 0 0 0
 0 0 0
 0 0 0
 0 0 0
 0 0 0
 0 0 0
 0 0 0
 0 0 0
 0 0 0
 0 0 0
 0 0 0
 0 0 0
 0 0 0
 0 0 0
 0 0 0
 0 0 0
 0 0 0
 0 0 0
 0 0 0
 0 0 0
 0 0 0
 0 0 0
 0 0 0
 0 0 0
 0 0 0
 0 0 0
 0 0 0
 0 0 0
 0 0 0
 0 0 0
 0 0 0
 0 0 0
 0 0 0
 0 0 0
 0 0 0
 0 0 0
 0 0 0
 0 0 0
 0 0 0
 0 0 0
 0 0 0
 0 0 0
 0 0 0
 0 0 0
 0 0 0
 0 0 0
 0 0 0
 0 0 0
 0 0 0
 0 0 0
 0 0 0
 0 0 0
 0 0 0
 0 0 0
 0 0 0
 0 0 0
 0 0 0
 0 0 0
 0 0 0
 0 0 0
 0 0 0
  0.000000000  0.000000000  0.000000000
  0.000000000  0.000000000  0.000000000
  0.000000000  0.000000000  0.000000000
  0.000000000  0.000000000  0.000000000
  0.000000000  0.000000000  0.000000000
  0.000000000  0.000000000  0.000000000
  0.000000000  0.000000000  0.000000000
  0.000000000  0.000000000  0.000000000
  0.000000000  0.000000000  0.000000000
  0.000000000  0.000000000  0.000000000
  0.000000000  0.000000000  0.000000000
  0.000000000  0.000000000  0.000000000
  0.000000000  0.000000000  0.000000000
  0.000000000  0.000000000  0.000000000
  0.000000000  0.000000000  0.000000000
  0.000000000  0.000000000  0.000000000
  0.000000000  0.000000000  0.000000000
  0.000000000  0.000000000  0.000000000
  0.000000000  0.000000000  0.000000000
  0.000000000  0.000000000  0.000000000
  0.000000000  0.000000000  0.000000000
  0.000000000  0.000000000  0.000000000
  0.000000000  0.000000000  0.000000000
  0.000000000  0.000000000  0.000000000
  0.000000000  0.000000000  0.000000000
  0.000000000  0.000000000  0.000000000
  0.000000000  0.000000000  0.000000000
  0.000000000  0.000000000  0.000000000
  0.000000000  0.000000000  0.000000000
  0.000000000  0.000000000  0.000000000
  0.000000000  0.000000000  0.000000000
  0.000000000  0.000000000  0.000000000
  0.000000000  0.000000000  0.000000000
  0.000000000  0.000000000  0.000000000
  0.000000000  0.000000000  0.000000000
  0.000000000  0.000000000  0.000000000
  0.000000000  0.000000000  0.000000000
  0.000000000  0.000000000  0.000000000
  0.000000000  0.000000000  0.000000000
  0.000000000  0.000000000  0.000000000
  0.000000000  0.000000000  0.000000000
  0.000000000  0.000000000  0.000000000
  0.000000000  0.000000000  0.000000000
  0.000000000  0.000000000  0.000000000
  0.000000000  0.000000000  0.000000000
  0.000000000  0.000000000  0.000000000
  0.000000000  0.000000000  0.000000000
  0.000000000  0.000000000  0.000000000
  0.000000000  0.000000000  0.000000000
  0.000000000  0.000000000  0.000000000
  0.000000000  0.000000000  0.000000000
  0.000000000  0.000000000  0.000000000
  0.000000000  0.000000000  0.000000000
  0.000000000  0.000000000  0.000000000
  0.000000000  0.000000000  0.000000000
  0.000000000  0.000000000  0.000000000
  0.000000000  0.000000000  0.000000000
  0.000000000  0.000000000  0.000000000
  0.000000000  0.000000000  0.000000000
  0.000000000  0.000000000  0.000000000
  0.000000000  0.000000000  0.000000000
  0.000000000  0.000000000  0.000000000
  0.000000000  0.000000000  0.000000000
  0.000000000  0.000000000  0.000000000
  0.000000000  0.000000000  0.000000000
  0.000000000  0.000000000  0.000000000
  0.000000000  0.000000000  0.000000000
  0.000000000  0.000000000  0.000000000
  0.000000000  0.000000000  0.000000000
  0.000000000  0.000000000  0.000000000
  0.000000000  0.000000000  0.000000000
  0.000000000  0.000000000  0.000000000
  0.000000000  0.000000000  0.000000000
  0.000000000  0.000000000  0.000000000
  0.000000000  0.000000000  0.000000000
  0.000000000  0.000000000  0.000000000
  0.000000000  0.000000000  0.000000000
  0.000000000  0.000000000  0.000000000
  0.000000000  0.000000000  0.000000000
  0.000000000  0.000000000  0.000000000
  0.000000000  0.000000000  0.000000000
  0.000000000  0.000000000  0.000000000
  0.000000000  0.000000000  0.000000000
  0.000000000  0.000000000  0.000000000
  0.000000000  0.000000000  0.000000000
  0.000000000  0.000000000  0.000000000
  0.000000000  0.000000000  0.000000000
  0.000000000  0.000000000  0.000000000
  0.000000000  0.000000000  0.000000000
  0.000000000  0.000000000  0.000000000
  0.000000000  0.000000000  0.000000000
  0.000000000  0.000000000  0.000000000
  0.000000000  0.000000000  0.000000000
  0.000000000  0.000000000  0.000000000
  0.000000000  0.000000000  0.000000000
  0.000000000  0.000000000  0.000000000
  0.000000000  0.000000000  0.000000000
  0.000000000  0.000000000  0.000000000
  0.000000000  0.000000000  0.000000000
  0.000000000  0.000000000  0.000000000
  0.000000000  0.000000000  0.000000000
  0.000000000  0.000000000  0.000000000
  0.000000000  0.000000000  0.000000000
  0.000000000  0.000000000  0.000000000
  0.000000000  0.000000000  0.000000000
  0.000000000  0.000000000  0.000000000
  0.000000000  0.000000000  0.000000000
  0.000000000  0.000000000  0.000000000
  0.000000000  0.000000000  0.000000000
  0.000000000  0.000000000  0.000000000
  0.000000000  0.000000000  0.000000000
  0.000000000  0.000000000  0.000000000
  0.000000000  0.000000000  0.000000000
  0.000000000  0.000000000  0.000000000
  0.000000000  0.000000000  0.000000000
  0.000000000  0.000000000  0.000000000
  0.000000000  0.000000000  0.000000000
  0.000000000  0.000000000  0.000000000
  0.000000000  0.000000000  0.000000000
  0.000000000  0.000000000  0.000000000
  0.000000000  0.000000000  0.000000000
  0.000000000  0.000000000  0.000000000
  0.000000000  0.000000000  0.000000000
  0.000000000  0.000000000  0.000000000
  0.000000000  0.000000000  0.000000000
  0.000000000  0.000000000  0.000000000
  0.000000000  0.000000000  0.000000000
  0.000000000  0.000000000  0.000000000
  0.000000000  0.000000000  0.000000000
  0.000000000  0.000000000  0.000000000
  0.000000000  0.000000000  0.000000000
  0.000000000  0.000000000  0.000000000
  0.000000000  0.000000000  0.000000000
  0.000000000  0.000000000  0.000000000
  0.000000000  0.000000000  0.000000000
  0.000000000  0.000000000  0.000000000
  0.000000000  0.000000000  0.000000000
  0.000000000  0.000000000  0.000000000
  0.000000000  0.000000000  0.000000000
  0.000000000  0.000000000  0.000000000
  0.000000000  0.000000000  0.000000000
  0.000000000  0.000000000  0.000000000
  0.000000000  0.000000000  0.000000000
  0.000000000  0.000000000  0.000000000
  0.000000000  0.000000000  0.000000000
  0.000000000  0.000000000  0.000000000
  0.000000000  0.000000000  0.000000000
  0.000000000  0.000000000  0.000000000
  0.000000000  0.000000000  0.000000000
  0.000000000  0.000000000  0.000000000
  0.000000000  0.000000000  0.000000000
  0.000000000  0.000000000  0.000000000
  0.000000000  0.000000000  0.000000000
  0.000000000  0.000000000  0.000000000
  0.000000000  0.000000000  0.000000000
  0.000000000  0.000000000  0.000000000
  0.000000000  0.000000000  0.000000000
  0.000000000  0.000000000  0.000000000
  0.000000000  0.000000000  0.000000000
  0.000000000  0.000000000  0.000000000
  0.000000000  0.000000000  0.000000000
  0.000000000  0.000000000  0.000000000
  0.000000000  0.000000000  0.000000000
  0.000000000  0.000000000  0.000000000
  0.000000000  0.000000000  0.000000000
  0.000000000  0.000000000  0.000000000
  0.000000000  0.000000000  0.000000000
  0.000000000  0.000000000  0.000000000
  0.000000000  0.000000000  0.000000000
  0.000000000  0.000000000  0.000000000
  0.000000000  0.000000000  0.000000000
  0.000000000  0.000000000  0.000000000
  0.000000000  0.000000000  0.000000000
  0.000000000  0.000000000  0.000000000
  0.000000000  0.000000000  0.000000000
  0.000000000  0.000000000  0.000000000
  0.000000000  0.000000000  0.000000000
  0.000000000  0.000000000  0.000000000
  0.000000000  0.000000000  0.000000000
  0.000000000  0.000000000  0.000000000
  0.000000000  0.000000000  0.000000000
  0.000000000  0.000000000  0.000000000
  0.000000000  0.000000000  0.000000000
  0.000000000  0.000000000  0.000000000
  0.000000000  0.000000000  0.000000000
  0.000000000  0.000000000  0.000000000
  0.000000000  0.000000000  0.000000000
  0.000000000  0.000000000  0.000000000
  0.000000000  0.000000000  0.000000000
  0.000000000  0.000000000  0.000000000
  0.000000000  0.000000000  0.000000000
  0.000000000  0.000000000  0.000000000
  0.000000000  0.000000000  0.000000000
  0.000000000  0.000000000  0.000000000
  0.000000000  0.000000000  0.000000000
  0.000000000  0.000000000  0.000000000
  0.000000000  0.000000000  0.000000000
  0.000000000  0.000000000  0.000000000
  0.000000000  0.000000000  0.000000000
  0.000000000  0.000000000  0.000000000
  0.000000000  0.000000000  0.000000000
  0.000000000  0.000000000  0.000000000
  0.000000000  0.000000000  0.000000000
  0.000000000  0.000000000  0.000000000
  0.000000000  0.000000000  0.000000000
  0.000000000  0.000000000  0.000000000
  0.000000000  0.000000000  0.000000000
  0.000000000  0.000000000  0.000000000
  0.000000000  0.000000000  0.000000000
  0.000000000  0.000000000  0.000000000
  0.000000000  0.000000000  0.000000000
  0.000000000  0.000000000  0.000000000
  0.000000000  0.000000000  0.000000000
  0.000000000  0.000000000  0.000000000
  0.000000000  0.000000000  0.000000000
  0.000000000  0.000000000  0.000000000
  0.000000000  0.000000000  0.000000000
  0.000000000  0.000000000  0.000000000
  0.000000000  0.000000000  0.000000000
  0.000000000  0.000000000  0.000000000
  0.000000000  0.000000000  0.000000000
  0.000000000  0.000000000  0.000000000
  0.000000000  0.000000000  0.000000000
  0.000000000  0.000000000  0.000000000
  0.000000000  0.000000000  0.000000000
  0.000000000  0.000000000  0.000000000
  0.000000000  0.000000000  0.000000000
  0.000000000  0.000000000  0.000000000
  0.000000000  0.000000000  0.000000000
  0.000000000  0.000000000  0.000000000
  0.000000000  0.000000000  0.000000000
  0.000000000  0.000000000  0.000000000
  0.000000000  0.000000000  0.000000000
  0.000000000  0.000000000  0.000000000
  0.000000000  0.000000000  0.000000000
  0.000000000  0.000000000  0.000000000
  0.000000000  0.000000000  0.000000000
  0.000000000  0.000000000  0.000000000
  0.000000000  0.000000000  0.000000000
  0.000000000  0.000000000  0.000000000
  0.000000000  0.000000000  0.000000000
  0.000000000  0.000000000  0.000000000
  0.000000000  0.000000000  0.000000000
  0.000000000  0.000000000  0.000000000
  0.000000000  0.000000000  0.000000000
  0.000000000  0.000000000  0.000000000
  0.000000000  0.000000000  0.000000000
  0.000000000  0.000000000  0.000000000
  0.000000000  0.000000000  0.000000000
  0.000000000  0.000000000  0.000000000
  0.000000000  0.000000000  0.000000000
  0.000000000  0.000000000  0.000000000
  0.000000000  0.000000000  0.000000000
  0.000000000  0.000000000  0.000000000
  0.000000000  0.000000000  0.000000000
  0.000000000  0.000000000  0.000000000
  0.000000000  0.000000000  0.000000000
  0.000000000  0.000000000  0.000000000
  0.000000000  0.000000000  0.000000000
  0.000000000  0.000000000  0.000000000
  0.000000000  0.000000000  0.000000000
  0.000000000  0.000000000  0.000000000
  0.000000000  0.000000000  0.000000000
  0.000000000  0.000000000  0.000000000
  0.000000000  0.000000000  0.000000000
  0.000000000  0.000000000  0.000000000
  0.000000000  0.000000000  0.000000000
  0.000000000  0.000000000  0.000000000
  0.000000000  0.000000000  0.000000000
  0.000000000  0.000000000  0.000000000
  0.000000000  0.000000000  0.000000000
  0.000000000  0.000000000  0.000000000
  0.000000000  0.000000000  0.000000000
  0.000000000  0.000000000  0.000000000
  0.000000000  0.000000000  0.000000000
  0.000000000  0.000000000  0.000000000
  0.000000000  0.000000000  0.000000000
  0.000000000  0.000000000  0.000000000
  0.000000000  0.000000000  0.000000000
  0.000000000  0.000000000  0.000000000
  0.000000000  0.000000000  0.000000000
  0.000000000  0.000000000  0.000000000
  0.000000000  0.000000000  0.000000000
  0.000000000  0.000000000  0.000000000
  0.000000000  0.000000000  0.000000000
  0.000000000  0.000000000  0.000000000
  0.000000000  0.000000000  0.000000000
  0.000000000  0.000000000  0.000000000
  0.000000000  0.000000000  0.000000000
  0.000000000  0.000000000  0.000000000
  0.000000000  0.000000000  0.000000000
  0.000000000  0.000000000  0.000000000
  0.000000000  0.000000000  0.000000000
  0.000000000  0.000000000  0.000000000
  0.000000000  0.000000000  0.000000000
  0.000000000  0.000000000  0.000000000
  0.000000000  0.000000000  0.000000000
  0.000000000  0.000000000  0.000000000
  0.000000000  0.000000000  0.000000000
  0.000000000  0.000000000  0.000000000
  0.000000000  0.000000000  0.000000000
  0.000000000  0.000000000  0.000000000
  0.000000000  0.000000000  0.000000000
  0.000000000  0.000000000  0.000000000
  0.000000000  0.000000000  0.000000000
  0.000000000  0.000000000  0.000000000
  0.000000000  0.000000000  0.000000000
  0.000000000  0.000000000  0.000000000
  0.000000000  0.000000000  0.000000000
  0.000000000  0.000000000  0.000000000
  0.000000000  0.000000000  0.000000000
  0.000000000  0.000000000  0.000000000
  0.000000000  0.000000000  0.000000000
  0.000000000  0.000000000  0.000000000
  0.000000000  0.000000000  0.000000000
  0.000000000  0.000000000  0.000000000
  0.000000000  0.000000000  0.000000000
  0.000000000  0.000000000  0.000000000
  0.000000000  0.000000000  0.000000000
  0.000000000  0.000000000  0.000000000
  0.000000000  0.000000000  0.000000000
  0.000000000  0.000000000  0.000000000
  0.000000000  0.000000000  0.000000000
  0.000000000  0.000000000  0.000000000
  0.000000000  0.000000000  0.000000000
  0.000000000  0.000000000  0.000000000
  0.000000000  0.000000000  0.000000000
  0.000000000  0.000000000  0.000000000
  0.000000000  0.000000000  0.000000000
  0.000000000  0.000000000  0.000000000
  0.000000000  0.000000000  0.000000000
  0.000000000  0.000000000  0.000000000
  0.000000000  0.000000000  0.000000000
  0.000000000  0.000000000  0.000000000
  0.000000000  0.000000000  0.000000000
  0.000000000  0.000000000  0.000000000
  0.000000000  0.000000000  0.000000000
  0.000000000  0.000000000  0.000000000
  0.000000000  0.000000000  0.000000000
  0.000000000  0.000000000  0.000000000
  0.000000000  0.000000000  0.000000000
  0.000000000  0.000000000  0.000000000
  0.000000000  0.000000000  0.000000000
  0.000000000  0.000000000  0.000000000
  0.000000000  0.000000000  0.000000000
  0.000000000  0.000000000  0.000000000
  0.000000000  0.000000000  0.000000000
  0.000000000  0.000000000  0.000000000
  0.000000000  0.000000000  0.000000000
  0.000000000  0.000000000  0.000000000
  0.000000000  0.000000000  0.000000000
  0.000000000  0.000000000  0.000000000
  0.000000000  0.000000000  0.000000000
  0.000000000  0.000000000  0.000000000
  0.000000000  0.000000000  0.000000000
  0.000000000  0.000000000  0.000000000
  0.000000000  0.000000000  0.000000000
  0.000000000  0.000000000  0.000000000
  0.000000000  0.000000000  0.000000000
  0.000000000  0.000000000  0.000000000
  0.000000000  0.000000000  0.000000000
  0.000000000  0.000000000  0.000000000
  0.000000000  0.000000000  0.000000000
  0.000000000  0.000000000  0.000000000
  0.000000000  0.000000000  0.000000000
  0.000000000  0.000000000  0.000000000
  0.000000000  0.000000000  0.000000000
  0.000000000  0.000000000  0.000000000
  0.000000000  0.000000000  0.000000000
  0.000000000  0.000000000  0.000000000
  0.000000000  0.000000000  0.000000000
  0.000000000  0.000000000  0.000000000
  0.000000000  0.000000000  0.000000000
  0.000000000  0.000000000  0.000000000
  0.000000000  0.000000000  0.000000000
  0.000000000  0.000000000  0.000000000
  0.000000000  0.000000000  0.000000000
  0.000000000  0.000000000  0.000000000
  0.000000000  0.000000000  0.000000000
  0.000000000  0.000000000  0.000000000
  0.000000000  0.000000000  0.000000000
  0.000000000  0.000000000  0.000000000
  0.000000000  0.000000000  0.000000000
  0.000000000  0.000000000  0.000000000
  0.000000000  0.000000000  0.000000000
  0.000000000  0.000000000  0.000000000
  0.000000000  0.000000000  0.000000000
  0.000000000  0.000000000  0.000000000
  0.000000000  0.000000000  0.000000000
  0.000000000  0.000000000  0.000000000
  0.000000000  0.000000000  0.000000000
  0.000000000  0.000000000  0.000000000
  0.000000000  0.000000000  0.000000000
  0.000000000  0.000000000  0.000000000
  0.000000000  0.000000000  0.000000000
  0.000000000  0.000000000  0.000000000
  0.000000000  0.000000000  0.000000000
  0.000000000  0.000000000  0.000000000
  0.000000000  0.000000000  0.000000000
  0.000000000  0.000000000  0.000000000
  0.000000000  0.000000000  0.000000000
  0.000000000  0.000000000  0.000000000
  0.000000000  0.000000000  0.000000000
  0.000000000  0.000000000  0.000000000
  0.000000000  0.000000000  0.000000000
  0.000000000  0.000000000  0.000000000
  0.000000000  0.000000000  0.000000000
  0.000000000  0.000000000  0.000000000
  0.000000000  0.000000000  0.000000000
  0.000000000  0.000000000  0.000000000
  0.000000000  0.000000000  0.000000000
  0.000000000  0.000000000  0.000000000
  0.000000000  0.000000000  0.000000000
  0.000000000  0.000000000  0.000000000
  0.000000000  0.000000000  0.000000000
  0.000000000  0.000000000  0.000000000
  0.000000000  0.000000000  0.000000000
  0.000000000  0.000000000  0.000000000
  0.000000000  0.000000000  0.000000000
  0.000000000  0.000000000  0.000000000
  0.000000000  0.000000000  0.000000000
  0.000000000  0.000000000  0.000000000
  0.000000000  0.000000000  0.000000000
  0.000000000  0.000000000  0.000000000
  0.000000000  0.000000000  0.000000000
  0.000000000  0.000000000  0.000000000
  0.000000000  0.000000000  0.000000000
  0.000000000  0.000000000  0.000000000
  0.000000000  0.000000000  0.000000000
  0.000000000  0.000000000  0.000000000
  0.000000000  0.000000000  0.000000000
  0.000000000  0.000000000  0.000000000
  0.000000000  0.000000000  0.000000000
  0.000000000  0.000000000  0.000000000
  0.000000000  0.000000000  0.000000000
  0.000000000  0.000000000  0.000000000
  0.000000000  0.000000000  0.000000000
  0.000000000  0.000000000  0.000000000
  0.000000000  0.000000000  0.000000000
  0.000000000  0.000000000  0.000000000
  0.000000000  0.000000000  0.000000000
  0.000000000  0.000000000  0.000000000
  0.000000000  0.000000000  0.000000000
  0.000000000  0.000000000  0.000000000
  0.000000000  0.000000000  0.000000000
  0.000000000  0.000000000  0.000000000
  0.000000000  0.000000000  0.000000000
  0.000000000  0.000000000  0.000000000
  0.000000000  0.000000000  0.000000000
  0.000000000  0.000000000  0.000000000
  0.000000000  0.000000000  0.000000000
  0.000000000  0.000000000  0.000000000
  0.000000000  0.000000000  0.000000000
  0.000000000  0.000000000  0.000000000
  0.000000000  0.000000000  0.000000000
  0.000000000  0.000000000  0.000000000
  0.000000000  0.000000000  0.000000000
  0.000000000  0.000000000  0.000000000
  0.000000000  0.000000000  0.000000000
  0.000000000  0.000000000  0.000000000
  0.000000000  0.000000000  0.000000000
  0.000000000  0.000000000  0.000000000
  0.000000000  0.000000000  0.000000000
  0.000000000  0.000000000  0.000000000
  0.000000000  0.000000000  0.000000000
  0.000000000  0.000000000  0.000000000
  0.000000000  0.000000000  0.000000000
  0.000000000  0.000000000  0.000000000
  0.000000000  0.000000000  0.000000000
  0.000000000  0.000000000  0.000000000
  0.000000000  0.000000000  0.000000000
  0.000000000  0.000000000  0.000000000
  0.000000000  0.000000000  0.000000000
  0.000000000  0.000000000  0.000000000
  0.000000000  0.000000000  0.000000000
  0.000000000  0.000000000  0.000000000
  0.000000000  0.000000000  0.000000000
  0.000000000  0.000000000  0.000000000
  0.000000000  0.000000000  0.000000000
  0.000000000  0.000000000  0.000000000
  0.000000000  0.000000000  0.000000000
  0.000000000  0.000000000  0.000000000
  0.000000000  0.000000000  0.000000000
  0.000000000  0.000000000  0.000000000
  0.000000000  0.000000000  0.000000000
  0.000000000  0.000000000  0.000000000
  0.000000000  0.000000000  0.000000000
  0.000000000  0.000000000  0.000000000
  0.000000000  0.000000000  0.000000000
  0.000000000  0.000000000  0.000000000
  0.000000000  0.000000000  0.000000000
  0.000000000  0.000000000  0.000000000
  0.000000000  0.000000000  0.000000000
  0.000000000  0.000000000  0.000000000
  0.000000000  0.000000000  0.000000000
  0.000000000  0.000000000  0.000000000
  0.000000000  0.000000000  0.000000000
   1.06000000000000     
   1.06000000000000     
   1.06000000000000     
   1.06000000000000     
   1.06000000000000     
   1.06000000000000     
   1.06000000000000     
   1.06000000000000     
   1.06000000000000     
   1.06000000000000     
   1.06000000000000     
   1.06000000000000     
   1.06000000000000     
   1.06000000000000     
   1.06000000000000     
   1.06000000000000     
   1.06000000000000     
   1.06000000000000     
   1.06000000000000     
   1.06000000000000     
   1.06000000000000     
   1.06000000000000     
   1.06000000000000     
   1.06000000000000     
   1.06000000000000     
   1.06000000000000     
   1.06000000000000     
   1.06000000000000     
   1.06000000000000     
   1.06000000000000     
   1.06000000000000     
   1.06000000000000     
   1.06000000000000     
   1.06000000000000     
   1.06000000000000     
   1.06000000000000     
   1.06000000000000     
   1.06000000000000     
   1.06000000000000     
   1.06000000000000     
   1.06000000000000     
   1.06000000000000     
   1.06000000000000     
   1.06000000000000     
   1.06000000000000     
   1.06000000000000     
   1.06000000000000     
   1.06000000000000     
   1.06000000000000     
   1.06000000000000     
   1.06000000000000     
   1.06000000000000     
   1.06000000000000     
   1.06000000000000     
   1.06000000000000     
   1.06000000000000     
   1.06000000000000     
   1.06000000000000     
   1.06000000000000     
   1.06000000000000     
   1.06000000000000     
   1.06000000000000     
   1.06000000000000     
   1.06000000000000     
   1.06000000000000     
   1.06000000000000     
   1.06000000000000     
   1.06000000000000     
   1.06000000000000     
   1.06000000000000     
   1.06000000000000     
   1.06000000000000     
   1.06000000000000     
   1.06000000000000     
   1.06000000000000     
   1.06000000000000     
   1.06000000000000     
   1.06000000000000     
   1.06000000000000     
   1.06000000000000     
   1.06000000000000     
   1.06000000000000     
   1.06000000000000     
   1.06000000000000     
   1.06000000000000     
   1.06000000000000     
   1.06000000000000     
   1.06000000000000     
   1.06000000000000     
   1.06000000000000     
   1.06000000000000     
   1.06000000000000     
   1.06000000000000     
   1.06000000000000     
   1.06000000000000     
   1.06000000000000     
   1.06000000000000     
   1.06000000000000     
   1.06000000000000     
   1.06000000000000     
   1.06000000000000     
   1.06000000000000     
   1.06000000000000     
   1.06000000000000     
   1.06000000000000     
   1.06000000000000     
   1.06000000000000     
   1.06000000000000     
   1.06000000000000     
   1.06000000000000     
   1.06000000000000     
   1.06000000000000     
   1.06000000000000     
   1.06000000000000     
   1.06000000000000     
   1.06000000000000     
   1.06000000000000     
   1.06000000000000     
   1.06000000000000     
   1.06000000000000     
   1.06000000000000     
   1.06000000000000     
   1.06000000000000     
   1.06000000000000     
   1.06000000000000     
   1.06000000000000     
   1.06000000000000     
   1.06000000000000     
   1.06000000000000     
   1.06000000000000     
   1.06000000000000     
   1.06000000000000     
   1.06000000000000     
   1.06000000000000     
   1.06000000000000     
   1.06000000000000     
   1.06000000000000     
   1.06000000000000     
   1.06000000000000     
   1.06000000000000     
   1.06000000000000     
   1.06000000000000     
   1.06000000000000     
   1.06000000000000     
   1.06000000000000     
   1.06000000000000     
   1.06000000000000     
   1.06000000000000     
   1.06000000000000     
   1.06000000000000     
   1.06000000000000     
   1.06000000000000     
   1.06000000000000     
   1.06000000000000     
   1.06000000000000     
   1.06000000000000     
   1.06000000000000     
   1.06000000000000     
   1.06000000000000     
   1.06000000000000     
   1.06000000000000     
  3.000000000000000E-002
  3.000000000000000E-002
  3.000000000000000E-002
  3.000000000000000E-002
  3.000000000000000E-002
  3.000000000000000E-002
  3.000000000000000E-002
  3.000000000000000E-002
  3.000000000000000E-002
  3.000000000000000E-002
  3.000000000000000E-002
  3.000000000000000E-002
  3.000000000000000E-002
  3.000000000000000E-002
  3.000000000000000E-002
  3.000000000000000E-002
  3.000000000000000E-002
  3.000000000000000E-002
  3.000000000000000E-002
  3.000000000000000E-002
  3.000000000000000E-002
  3.000000000000000E-002
  3.000000000000000E-002
  3.000000000000000E-002
  3.000000000000000E-002
  3.000000000000000E-002
  3.000000000000000E-002
  3.000000000000000E-002
  3.000000000000000E-002
  3.000000000000000E-002
  3.000000000000000E-002
  3.000000000000000E-002
  3.000000000000000E-002
  3.000000000000000E-002
  3.000000000000000E-002
  3.000000000000000E-002
  3.000000000000000E-002
  3.000000000000000E-002
  3.000000000000000E-002
  3.000000000000000E-002
  3.000000000000000E-002
  3.000000000000000E-002
  3.000000000000000E-002
  3.000000000000000E-002
  3.000000000000000E-002
  3.000000000000000E-002
  3.000000000000000E-002
  3.000000000000000E-002
  3.000000000000000E-002
  3.000000000000000E-002
  3.000000000000000E-002
  3.000000000000000E-002
  3.000000000000000E-002
  3.000000000000000E-002
  3.000000000000000E-002
  3.000000000000000E-002
  3.000000000000000E-002
  3.000000000000000E-002
  3.000000000000000E-002
  3.000000000000000E-002
  3.000000000000000E-002
  3.000000000000000E-002
  3.000000000000000E-002
  3.000000000000000E-002
  3.000000000000000E-002
  3.000000000000000E-002
  3.000000000000000E-002
  3.000000000000000E-002
  3.000000000000000E-002
  3.000000000000000E-002
  3.000000000000000E-002
  3.000000000000000E-002
  3.000000000000000E-002
  3.000000000000000E-002
  3.000000000000000E-002
  3.000000000000000E-002
  3.000000000000000E-002
  3.000000000000000E-002
  3.000000000000000E-002
  3.000000000000000E-002
  3.000000000000000E-002
  3.000000000000000E-002
  3.000000000000000E-002
  3.000000000000000E-002
  3.000000000000000E-002
  3.000000000000000E-002
  3.000000000000000E-002
  3.000000000000000E-002
  3.000000000000000E-002
  3.000000000000000E-002
  3.000000000000000E-002
  3.000000000000000E-002
  3.000000000000000E-002
  3.000000000000000E-002
  3.000000000000000E-002
  3.000000000000000E-002
  3.000000000000000E-002
  3.000000000000000E-002
  3.000000000000000E-002
  3.000000000000000E-002
  3.000000000000000E-002
  3.000000000000000E-002
  3.000000000000000E-002
  3.000000000000000E-002
  3.000000000000000E-002
  3.000000000000000E-002
  3.000000000000000E-002
  3.000000000000000E-002
  3.000000000000000E-002
  3.000000000000000E-002
  3.000000000000000E-002
  3.000000000000000E-002
  3.000000000000000E-002
  3.000000000000000E-002
  3.000000000000000E-002
  3.000000000000000E-002
  3.000000000000000E-002
  3.000000000000000E-002
  3.000000000000000E-002
  3.000000000000000E-002
  3.000000000000000E-002
  3.000000000000000E-002
  3.000000000000000E-002
  3.000000000000000E-002
  3.000000000000000E-002
  3.000000000000000E-002
  3.000000000000000E-002
  3.000000000000000E-002
  3.000000000000000E-002
  3.000000000000000E-002
  3.000000000000000E-002
  3.000000000000000E-002
  3.000000000000000E-002
  3.000000000000000E-002
  3.000000000000000E-002
  3.000000000000000E-002
  3.000000000000000E-002
  3.000000000000000E-002
  3.000000000000000E-002
  3.000000000000000E-002
  3.000000000000000E-002
  3.000000000000000E-002
  3.000000000000000E-002
  3.000000000000000E-002
  3.000000000000000E-002
  3.000000000000000E-002
  3.000000000000000E-002
  3.000000000000000E-002
  3.000000000000000E-002
  3.000000000000000E-002
  3.000000000000000E-002
  3.000000000000000E-002
  3.000000000000000E-002
  3.000000000000000E-002
  3.000000000000000E-002
  3.000000000000000E-002
  3.000000000000000E-002
  3.000000000000000E-002
  3.000000000000000E-002
  3.000000000000000E-002
  3.000000000000000E-002
