           3
 2 1 2
   9   2  19
  0.000000000  0.000000000  0.000000000  0.250000000  0.250000000  0.500000000  0.500000000  0.750000000  0.750000000  1.000000000  1.000000000  1.000000000
  0.000000000  0.000000000  1.000000000  1.000000000
  0.282452431  0.282452431  0.282452431  0.282925009  0.283397587  0.283870165  0.284342743  0.284815321  0.285287899  0.285760478  0.286233056  0.286705634  0.287178212  0.287650790  0.288123368  0.288595946  0.289068524  0.289541102  0.290013680  0.290486258  0.290486258  0.290486258
 -0.171274538420E+02 -0.446834369000E+01  0.565971506210E+02  0.100000000000E+01
 -0.171274538420E+02 -0.446834369000E+01  0.565971506210E+02  0.707105800585E+00
 -0.171274538420E+02 -0.446834369000E+01  0.565971506210E+02  0.100000000000E+01
 -0.171274538420E+02 -0.446834369000E+01  0.565971506210E+02  0.707106710127E+00
 -0.171274538420E+02 -0.446834369000E+01  0.565971506210E+02  0.100000000000E+01
 -0.171274538420E+02 -0.446834369000E+01  0.565971506210E+02  0.707107147773E+00
 -0.171274538420E+02 -0.446834369000E+01  0.565971506210E+02  0.100000000000E+01
 -0.171274538420E+02 -0.446834369000E+01  0.565971506210E+02  0.707107116900E+00
 -0.171274538420E+02 -0.446834369000E+01  0.565971506210E+02  0.100000000000E+01
 -0.171179312570E+02 -0.510958690200E+01  0.568352343500E+02  0.100000000000E+01
 -0.167968537930E+02 -0.456586294500E+01  0.568707270570E+02  0.707105800585E+00
 -0.162992390310E+02 -0.426191926400E+01  0.571199902850E+02  0.100000000000E+01
 -0.158984943770E+02 -0.282699728800E+01  0.568915904220E+02  0.707106710127E+00
 -0.171553440240E+02 -0.259046228300E+01  0.558999159660E+02  0.100000000000E+01
 -0.167762960350E+02 -0.362572263700E+01  0.554098997340E+02  0.707107147773E+00
 -0.167692492440E+02 -0.474151506000E+01  0.558470794050E+02  0.100000000000E+01
 -0.168248938590E+02 -0.533678504100E+01  0.562231397760E+02  0.707107116900E+00
 -0.171179312570E+02 -0.510958690200E+01  0.568352343500E+02  0.100000000000E+01
 -0.168618743600E+02 -0.451084481200E+01  0.564553821650E+02  0.100000000000E+01
 -0.168618743600E+02 -0.451084481200E+01  0.564553821650E+02  0.707107854466E+00
 -0.168618743600E+02 -0.451084481200E+01  0.564553821650E+02  0.100000000000E+01
 -0.168618743600E+02 -0.451084481200E+01  0.564553821650E+02  0.707106941131E+00
 -0.168618743600E+02 -0.451084481200E+01  0.564553821650E+02  0.100000000000E+01
 -0.168618743600E+02 -0.451084481200E+01  0.564553821650E+02  0.707106421098E+00
 -0.168618743600E+02 -0.451084481200E+01  0.564553821650E+02  0.100000000000E+01
 -0.168618743600E+02 -0.451084481200E+01  0.564553821650E+02  0.707106192714E+00
 -0.168618743600E+02 -0.451084481200E+01  0.564553821650E+02  0.100000000000E+01
 -0.168519638750E+02 -0.491867156800E+01  0.566039847240E+02  0.100000000000E+01
 -0.164947718330E+02 -0.458010287600E+01  0.567241117630E+02  0.707107854466E+00
 -0.160778667040E+02 -0.432501612200E+01  0.569130945860E+02  0.100000000000E+01
 -0.160687905130E+02 -0.341267953100E+01  0.566014832500E+02  0.707106941131E+00
 -0.169001253360E+02 -0.293663017000E+01  0.558817807680E+02  0.100000000000E+01
 -0.167570122470E+02 -0.386095570500E+01  0.555994945980E+02  0.707106421098E+00
 -0.167241120640E+02 -0.472661338300E+01  0.558540334370E+02  0.100000000000E+01
 -0.167520972160E+02 -0.509401331200E+01  0.561773076670E+02  0.707106192714E+00
 -0.168519638750E+02 -0.491867156800E+01  0.566039847240E+02  0.100000000000E+01
 -0.166157331880E+02 -0.456979370300E+01  0.562871822550E+02  0.100000000000E+01
 -0.166157331880E+02 -0.456979370300E+01  0.562871822550E+02  0.707105386755E+00
 -0.166157331880E+02 -0.456979370300E+01  0.562871822550E+02  0.100000000000E+01
 -0.166157331880E+02 -0.456979370300E+01  0.562871822550E+02  0.707106491007E+00
 -0.166157331880E+02 -0.456979370300E+01  0.562871822550E+02  0.100000000000E+01
 -0.166157331880E+02 -0.456979370300E+01  0.562871822550E+02  0.707107020774E+00
 -0.166157331880E+02 -0.456979370300E+01  0.562871822550E+02  0.100000000000E+01
 -0.166157331880E+02 -0.456979370300E+01  0.562871822550E+02  0.707107267394E+00
 -0.166157331880E+02 -0.456979370300E+01  0.562871822550E+02  0.100000000000E+01
 -0.166149312830E+02 -0.480888872400E+01  0.563782286050E+02  0.100000000000E+01
 -0.161503522420E+02 -0.481062801900E+01  0.566395351090E+02  0.707105386755E+00
 -0.158285126930E+02 -0.442050687200E+01  0.566722780320E+02  0.100000000000E+01
 -0.157421649660E+02 -0.361525060000E+01  0.564156001100E+02  0.707106491007E+00
 -0.166186185740E+02 -0.371069627000E+01  0.559600398230E+02  0.100000000000E+01
 -0.166356068180E+02 -0.424070312300E+01  0.556830390130E+02  0.707107020774E+00
 -0.166402224290E+02 -0.478374509600E+01  0.557255467460E+02  0.100000000000E+01
 -0.166292584000E+02 -0.489694109100E+01  0.560386844610E+02  0.707107267394E+00
 -0.166149312830E+02 -0.480888872400E+01  0.563782286050E+02  0.100000000000E+01
 -0.164039874030E+02 -0.465166706700E+01  0.560855780280E+02  0.100000000000E+01
 -0.164039874030E+02 -0.465166706700E+01  0.560855780280E+02  0.707106738954E+00
 -0.164039874030E+02 -0.465166706700E+01  0.560855780280E+02  0.100000000000E+01
 -0.164039874030E+02 -0.465166706700E+01  0.560855780280E+02  0.707106486497E+00
 -0.164039874030E+02 -0.465166706700E+01  0.560855780280E+02  0.100000000000E+01
 -0.164039874030E+02 -0.465166706700E+01  0.560855780280E+02  0.707106311547E+00
 -0.164039874030E+02 -0.465166706700E+01  0.560855780280E+02  0.100000000000E+01
 -0.164039874030E+02 -0.465166706700E+01  0.560855780280E+02  0.707106325988E+00
 -0.164039874030E+02 -0.465166706700E+01  0.560855780280E+02  0.100000000000E+01
 -0.164110701560E+02 -0.492945534000E+01  0.562003135870E+02  0.100000000000E+01
 -0.159153831090E+02 -0.501391282000E+01  0.564288878170E+02  0.707106738954E+00
 -0.156628889490E+02 -0.456637164100E+01  0.563378368600E+02  0.100000000000E+01
 -0.156356379390E+02 -0.384753879000E+01  0.560444096660E+02  0.707106486497E+00
 -0.163890634640E+02 -0.406628596000E+01  0.558437991600E+02  0.100000000000E+01
 -0.165532900510E+02 -0.440732037500E+01  0.555174367940E+02  0.707106311547E+00
 -0.166158569630E+02 -0.486583150400E+01  0.555539797520E+02  0.100000000000E+01
 -0.165637489100E+02 -0.513217545600E+01  0.558409194400E+02  0.707106325988E+00
 -0.164110701560E+02 -0.492945534000E+01  0.562003135870E+02  0.100000000000E+01
 -0.162464738210E+02 -0.476129412200E+01  0.558505590020E+02  0.100000000000E+01
 -0.162464738210E+02 -0.476129412200E+01  0.558505590020E+02  0.707107182717E+00
 -0.162464738210E+02 -0.476129412200E+01  0.558505590020E+02  0.100000000000E+01
 -0.162464738210E+02 -0.476129412200E+01  0.558505590020E+02  0.707107187680E+00
 -0.162464738210E+02 -0.476129412200E+01  0.558505590020E+02  0.100000000000E+01
 -0.162464738210E+02 -0.476129412200E+01  0.558505590020E+02  0.707106548713E+00
 -0.162464738210E+02 -0.476129412200E+01  0.558505590020E+02  0.100000000000E+01
 -0.162464738210E+02 -0.476129412200E+01  0.558505590020E+02  0.707106177751E+00
 -0.162464738210E+02 -0.476129412200E+01  0.558505590020E+02  0.100000000000E+01
 -0.162662649840E+02 -0.510988149300E+01  0.560137793170E+02  0.100000000000E+01
 -0.157757598770E+02 -0.516285798900E+01  0.561341167860E+02  0.707107182717E+00
 -0.156048996270E+02 -0.474355044100E+01  0.559662493070E+02  0.100000000000E+01
 -0.155431585220E+02 -0.412176533600E+01  0.556802273570E+02  0.707107187680E+00
 -0.162168388050E+02 -0.423934508900E+01  0.556061657840E+02  0.100000000000E+01
 -0.165336015710E+02 -0.448326368500E+01  0.553119765470E+02  0.707106548713E+00
 -0.166002573010E+02 -0.492323769300E+01  0.554617983750E+02  0.100000000000E+01
 -0.165589163010E+02 -0.527548260500E+01  0.557094322280E+02  0.707106177751E+00
 -0.162662649840E+02 -0.510988149300E+01  0.560137793170E+02  0.100000000000E+01
 -0.161434134200E+02 -0.489493020300E+01  0.555978381870E+02  0.100000000000E+01
 -0.161434134200E+02 -0.489493020300E+01  0.555978381870E+02  0.707107211400E+00
 -0.161434134200E+02 -0.489493020300E+01  0.555978381870E+02  0.100000000000E+01
 -0.161434134200E+02 -0.489493020300E+01  0.555978381870E+02  0.707106344124E+00
 -0.161434134200E+02 -0.489493020300E+01  0.555978381870E+02  0.100000000000E+01
 -0.161434134200E+02 -0.489493020300E+01  0.555978381870E+02  0.707106042053E+00
 -0.161434134200E+02 -0.489493020300E+01  0.555978381870E+02  0.100000000000E+01
 -0.161434134200E+02 -0.489493020300E+01  0.555978381870E+02  0.707106865994E+00
 -0.161434134200E+02 -0.489493020300E+01  0.555978381870E+02  0.100000000000E+01
 -0.161725951890E+02 -0.526283882800E+01  0.557935696040E+02  0.100000000000E+01
 -0.157155973920E+02 -0.528290141100E+01  0.558584125620E+02  0.707107211400E+00
 -0.155924182380E+02 -0.490197841400E+01  0.556667397410E+02  0.100000000000E+01
 -0.155748207660E+02 -0.440983463100E+01  0.554023827980E+02  0.707106344124E+00
 -0.161042433520E+02 -0.440109042200E+01  0.553351123750E+02  0.100000000000E+01
 -0.165283570390E+02 -0.456077779200E+01  0.550737446520E+02  0.707106042053E+00
 -0.165693927860E+02 -0.501397471700E+01  0.553105655410E+02  0.100000000000E+01
 -0.165353386520E+02 -0.537374738300E+01  0.555546510500E+02  0.707106865994E+00
 -0.161725951890E+02 -0.526283882800E+01  0.557935696040E+02  0.100000000000E+01
 -0.160568510290E+02 -0.504304865800E+01  0.553467077450E+02  0.100000000000E+01
 -0.160568510290E+02 -0.504304865800E+01  0.553467077450E+02  0.707106682859E+00
 -0.160568510290E+02 -0.504304865800E+01  0.553467077450E+02  0.100000000000E+01
 -0.160568510290E+02 -0.504304865800E+01  0.553467077450E+02  0.707107349890E+00
 -0.160568510290E+02 -0.504304865800E+01  0.553467077450E+02  0.100000000000E+01
 -0.160568510290E+02 -0.504304865800E+01  0.553467077450E+02  0.707107266266E+00
 -0.160568510290E+02 -0.504304865800E+01  0.553467077450E+02  0.100000000000E+01
 -0.160568510290E+02 -0.504304865800E+01  0.553467077450E+02  0.707106509575E+00
 -0.160568510290E+02 -0.504304865800E+01  0.553467077450E+02  0.100000000000E+01
 -0.160930277830E+02 -0.542181704800E+01  0.555687949870E+02  0.100000000000E+01
 -0.156614155890E+02 -0.538634165400E+01  0.556274133340E+02  0.707106682859E+00
 -0.155452488470E+02 -0.503805017300E+01  0.554385694410E+02  0.100000000000E+01
 -0.155835006790E+02 -0.465211350100E+01  0.551983468940E+02  0.707107349890E+00
 -0.160115662120E+02 -0.456893339700E+01  0.550687114830E+02  0.100000000000E+01
 -0.164690062450E+02 -0.467639003200E+01  0.548369278320E+02  0.707107266266E+00
 -0.165386161150E+02 -0.514459264500E+01  0.550950474690E+02  0.100000000000E+01
 -0.164900372290E+02 -0.550061947500E+01  0.553582434350E+02  0.707106509575E+00
 -0.160930277830E+02 -0.542181704800E+01  0.555687949870E+02  0.100000000000E+01
 -0.159691701840E+02 -0.520066638000E+01  0.551018166670E+02  0.100000000000E+01
 -0.159691701840E+02 -0.520066638000E+01  0.551018166670E+02  0.707107294087E+00
 -0.159691701840E+02 -0.520066638000E+01  0.551018166670E+02  0.100000000000E+01
 -0.159691701840E+02 -0.520066638000E+01  0.551018166670E+02  0.707106208276E+00
 -0.159691701840E+02 -0.520066638000E+01  0.551018166670E+02  0.100000000000E+01
 -0.159691701840E+02 -0.520066638000E+01  0.551018166670E+02  0.707106200682E+00
 -0.159691701840E+02 -0.520066638000E+01  0.551018166670E+02  0.100000000000E+01
 -0.159691701840E+02 -0.520066638000E+01  0.551018166670E+02  0.707107116851E+00
 -0.159691701840E+02 -0.520066638000E+01  0.551018166670E+02  0.100000000000E+01
 -0.160083967830E+02 -0.556831682900E+01  0.553309527020E+02  0.100000000000E+01
 -0.155903943250E+02 -0.553350802000E+01  0.554315949580E+02  0.707107294087E+00
 -0.154979967020E+02 -0.517478502200E+01  0.552240066740E+02  0.100000000000E+01
 -0.155329403900E+02 -0.483125633700E+01  0.549887638930E+02  0.707106208276E+00
 -0.159235130050E+02 -0.477273771600E+01  0.548351154230E+02  0.100000000000E+01
 -0.163700734730E+02 -0.484905938700E+01  0.546485052480E+02  0.707106200682E+00
 -0.164954087680E+02 -0.528426328900E+01  0.548775972320E+02  0.100000000000E+01
 -0.164619616430E+02 -0.566984217500E+01  0.551577451910E+02  0.707107116851E+00
 -0.160083967830E+02 -0.556831682900E+01  0.553309527020E+02  0.100000000000E+01
 -0.158693026830E+02 -0.536065827800E+01  0.548632587440E+02  0.100000000000E+01
 -0.158693026830E+02 -0.536065827800E+01  0.548632587440E+02  0.707106442938E+00
 -0.158693026830E+02 -0.536065827800E+01  0.548632587440E+02  0.100000000000E+01
 -0.158693026830E+02 -0.536065827800E+01  0.548632587440E+02  0.707106814939E+00
 -0.158693026830E+02 -0.536065827800E+01  0.548632587440E+02  0.100000000000E+01
 -0.158693026830E+02 -0.536065827800E+01  0.548632587440E+02  0.707107072940E+00
 -0.158693026830E+02 -0.536065827800E+01  0.548632587440E+02  0.100000000000E+01
 -0.158693026830E+02 -0.536065827800E+01  0.548632587440E+02  0.707106793929E+00
 -0.158693026830E+02 -0.536065827800E+01  0.548632587440E+02  0.100000000000E+01
 -0.159120874220E+02 -0.576645976200E+01  0.551149740080E+02  0.100000000000E+01
 -0.155202388820E+02 -0.566275032200E+01  0.552287308860E+02  0.707106442938E+00
 -0.154328412770E+02 -0.530374049300E+01  0.550292041560E+02  0.100000000000E+01
 -0.154468611290E+02 -0.496234922800E+01  0.547940591080E+02  0.707106814939E+00
 -0.158273266940E+02 -0.496252575800E+01  0.546162998270E+02  0.100000000000E+01
 -0.162937193340E+02 -0.500699001200E+01  0.544280219430E+02  0.707107072940E+00
 -0.164158364490E+02 -0.543193005300E+01  0.546554625000E+02  0.100000000000E+01
 -0.163849457890E+02 -0.584396070500E+01  0.549457938740E+02  0.707106793929E+00
 -0.159120874220E+02 -0.576645976200E+01  0.551149740080E+02  0.100000000000E+01
 -0.157472318250E+02 -0.551509198900E+01  0.546315142700E+02  0.100000000000E+01
 -0.157472318250E+02 -0.551509198900E+01  0.546315142700E+02  0.707107769336E+00
 -0.157472318250E+02 -0.551509198900E+01  0.546315142700E+02  0.100000000000E+01
 -0.157472318250E+02 -0.551509198900E+01  0.546315142700E+02  0.707106940653E+00
 -0.157472318250E+02 -0.551509198900E+01  0.546315142700E+02  0.100000000000E+01
 -0.157472318250E+02 -0.551509198900E+01  0.546315142700E+02  0.707105914324E+00
 -0.157472318250E+02 -0.551509198900E+01  0.546315142700E+02  0.100000000000E+01
 -0.157472318250E+02 -0.551509198900E+01  0.546315142700E+02  0.707106500435E+00
 -0.157472318250E+02 -0.551509198900E+01  0.546315142700E+02  0.100000000000E+01
 -0.157899861460E+02 -0.594062552000E+01  0.548903266290E+02  0.100000000000E+01
 -0.154217622680E+02 -0.580205646500E+01  0.550152587740E+02  0.707107769336E+00
 -0.153777130430E+02 -0.544711092100E+01  0.548043318530E+02  0.100000000000E+01
 -0.153870491750E+02 -0.513773339100E+01  0.545922997230E+02  0.707106940653E+00
 -0.157069272120E+02 -0.511394646200E+01  0.543875372150E+02  0.100000000000E+01
 -0.161511854390E+02 -0.518420701500E+01  0.541721096740E+02  0.707105914324E+00
 -0.162821340750E+02 -0.561349887900E+01  0.543813521380E+02  0.100000000000E+01
 -0.162991927150E+02 -0.610102742500E+01  0.546967202410E+02  0.707106500435E+00
 -0.157899861460E+02 -0.594062552000E+01  0.548903266290E+02  0.100000000000E+01
 -0.156008871920E+02 -0.566468086800E+01  0.544109428180E+02  0.100000000000E+01
 -0.156008871920E+02 -0.566468086800E+01  0.544109428180E+02  0.707106131519E+00
 -0.156008871920E+02 -0.566468086800E+01  0.544109428180E+02  0.100000000000E+01
 -0.156008871920E+02 -0.566468086800E+01  0.544109428180E+02  0.707106758528E+00
 -0.156008871920E+02 -0.566468086800E+01  0.544109428180E+02  0.100000000000E+01
 -0.156008871920E+02 -0.566468086800E+01  0.544109428180E+02  0.707107288741E+00
 -0.156008871920E+02 -0.566468086800E+01  0.544109428180E+02  0.100000000000E+01
 -0.156008871920E+02 -0.566468086800E+01  0.544109428180E+02  0.707106945959E+00
 -0.156008871920E+02 -0.566468086800E+01  0.544109428180E+02  0.100000000000E+01
 -0.156451640260E+02 -0.608653961900E+01  0.546710226190E+02  0.100000000000E+01
 -0.152935124000E+02 -0.592224582400E+01  0.548189250100E+02  0.707106131519E+00
 -0.153039856600E+02 -0.559100130500E+01  0.545809979630E+02  0.100000000000E+01
 -0.152975742450E+02 -0.530576530600E+01  0.543876160750E+02  0.707106758528E+00
 -0.155609591640E+02 -0.528425436900E+01  0.541764050100E+02  0.100000000000E+01
 -0.160044193280E+02 -0.532398968800E+01  0.538735557580E+02  0.707107288741E+00
 -0.161203930790E+02 -0.579360244800E+01  0.541133855670E+02  0.100000000000E+01
 -0.161719176250E+02 -0.632047545500E+01  0.544410206210E+02  0.707106945959E+00
 -0.156451640260E+02 -0.608653961900E+01  0.546710226190E+02  0.100000000000E+01
 -0.154294836550E+02 -0.581184959400E+01  0.542074978910E+02  0.100000000000E+01
 -0.154294836550E+02 -0.581184959400E+01  0.542074978910E+02  0.707105710549E+00
 -0.154294836550E+02 -0.581184959400E+01  0.542074978910E+02  0.100000000000E+01
 -0.154294836550E+02 -0.581184959400E+01  0.542074978910E+02  0.707107076893E+00
 -0.154294836550E+02 -0.581184959400E+01  0.542074978910E+02  0.100000000000E+01
 -0.154294836550E+02 -0.581184959400E+01  0.542074978910E+02  0.707107543872E+00
 -0.154294836550E+02 -0.581184959400E+01  0.542074978910E+02  0.100000000000E+01
 -0.154294836550E+02 -0.581184959400E+01  0.542074978910E+02  0.707106793437E+00
 -0.154294836550E+02 -0.581184959400E+01  0.542074978910E+02  0.100000000000E+01
 -0.154773130310E+02 -0.620808131100E+01  0.544615819970E+02  0.100000000000E+01
 -0.151335907730E+02 -0.604242668500E+01  0.546621038950E+02  0.707105710549E+00
 -0.151623773820E+02 -0.572424243000E+01  0.543943957670E+02  0.100000000000E+01
 -0.152088531960E+02 -0.552486885300E+01  0.541997035800E+02  0.707107076893E+00
 -0.153894839860E+02 -0.548048477600E+01  0.539950076070E+02  0.100000000000E+01
 -0.157976658910E+02 -0.546813290100E+01  0.535988984720E+02  0.707107543872E+00
 -0.159301267580E+02 -0.597605380700E+01  0.538571872970E+02  0.100000000000E+01
 -0.159769464490E+02 -0.649134620000E+01  0.542021955920E+02  0.707106793437E+00
 -0.154773130310E+02 -0.620808131100E+01  0.544615819970E+02  0.100000000000E+01
 -0.152380214060E+02 -0.595606121400E+01  0.540203308790E+02  0.100000000000E+01
 -0.152380214060E+02 -0.595606121400E+01  0.540203308790E+02  0.707107932342E+00
 -0.152380214060E+02 -0.595606121400E+01  0.540203308790E+02  0.100000000000E+01
 -0.152380214060E+02 -0.595606121400E+01  0.540203308790E+02  0.707106430460E+00
 -0.152380214060E+02 -0.595606121400E+01  0.540203308790E+02  0.100000000000E+01
 -0.152380214060E+02 -0.595606121400E+01  0.540203308790E+02  0.707105825202E+00
 -0.152380214060E+02 -0.595606121400E+01  0.540203308790E+02  0.100000000000E+01
 -0.152380214060E+02 -0.595606121400E+01  0.540203308790E+02  0.707106936748E+00
 -0.152380214060E+02 -0.595606121400E+01  0.540203308790E+02  0.100000000000E+01
 -0.152825949060E+02 -0.632282238200E+01  0.542560299740E+02  0.100000000000E+01
 -0.149135679160E+02 -0.619628366500E+01  0.545555145070E+02  0.707107932342E+00
 -0.149238014410E+02 -0.583632885600E+01  0.542660664740E+02  0.100000000000E+01
 -0.150044444430E+02 -0.566040843300E+01  0.540431548030E+02  0.707106430460E+00
 -0.152001054590E+02 -0.564407369900E+01  0.538198344780E+02  0.100000000000E+01
 -0.155644078460E+02 -0.567047165900E+01  0.534479774180E+02  0.707105825202E+00
 -0.156923711240E+02 -0.612918946600E+01  0.536650110550E+02  0.100000000000E+01
 -0.157029125490E+02 -0.654118701400E+01  0.539723446690E+02  0.707106936748E+00
 -0.152825949060E+02 -0.632282238200E+01  0.542560299740E+02  0.100000000000E+01
 -0.150391170510E+02 -0.609468728200E+01  0.538366765230E+02  0.100000000000E+01
 -0.150391170510E+02 -0.609468728200E+01  0.538366765230E+02  0.707107734927E+00
 -0.150391170510E+02 -0.609468728200E+01  0.538366765230E+02  0.100000000000E+01
 -0.150391170510E+02 -0.609468728200E+01  0.538366765230E+02  0.707106952505E+00
 -0.150391170510E+02 -0.609468728200E+01  0.538366765230E+02  0.100000000000E+01
 -0.150391170510E+02 -0.609468728200E+01  0.538366765230E+02  0.707105759555E+00
 -0.150391170510E+02 -0.609468728200E+01  0.538366765230E+02  0.100000000000E+01
 -0.150391170510E+02 -0.609468728200E+01  0.538366765230E+02  0.707106677758E+00
 -0.150391170510E+02 -0.609468728200E+01  0.538366765230E+02  0.100000000000E+01
 -0.150762762880E+02 -0.645697962900E+01  0.540608228820E+02  0.100000000000E+01
 -0.146601353970E+02 -0.637281859200E+01  0.544444513650E+02  0.707107734927E+00
 -0.146588888650E+02 -0.594818769500E+01  0.541365040660E+02  0.100000000000E+01
 -0.147462549150E+02 -0.571618514200E+01  0.538741158340E+02  0.707106952505E+00
 -0.150036918540E+02 -0.574930547400E+01  0.536229941840E+02  0.100000000000E+01
 -0.153585242480E+02 -0.583008879500E+01  0.533024553400E+02  0.707105759555E+00
 -0.154487748150E+02 -0.625252643200E+01  0.535136440430E+02  0.100000000000E+01
 -0.154077428500E+02 -0.657789297400E+01  0.537944951110E+02  0.707106677758E+00
 -0.150762762880E+02 -0.645697962900E+01  0.540608228820E+02  0.100000000000E+01
 -0.148416171390E+02 -0.622577047800E+01  0.536461344000E+02  0.100000000000E+01
 -0.148416171390E+02 -0.622577047800E+01  0.536461344000E+02  0.707105712825E+00
 -0.148416171390E+02 -0.622577047800E+01  0.536461344000E+02  0.100000000000E+01
 -0.148416171390E+02 -0.622577047800E+01  0.536461344000E+02  0.707106416712E+00
 -0.148416171390E+02 -0.622577047800E+01  0.536461344000E+02  0.100000000000E+01
 -0.148416171390E+02 -0.622577047800E+01  0.536461344000E+02  0.707107770515E+00
 -0.148416171390E+02 -0.622577047800E+01  0.536461344000E+02  0.100000000000E+01
 -0.148416171390E+02 -0.622577047800E+01  0.536461344000E+02  0.707107224694E+00
 -0.148416171390E+02 -0.622577047800E+01  0.536461344000E+02  0.100000000000E+01
 -0.148653114810E+02 -0.659113110200E+01  0.538544067910E+02  0.100000000000E+01
 -0.144686670040E+02 -0.652982889500E+01  0.542196341660E+02  0.707105712825E+00
 -0.144229569910E+02 -0.606720435800E+01  0.539719240460E+02  0.100000000000E+01
 -0.145169018070E+02 -0.577530008000E+01  0.536904925000E+02  0.707106416712E+00
 -0.148153813510E+02 -0.582120749800E+01  0.534155128070E+02  0.100000000000E+01
 -0.151810476720E+02 -0.595433276700E+01  0.531275452360E+02  0.707107770515E+00
 -0.152177449220E+02 -0.636822729500E+01  0.533534410250E+02  0.100000000000E+01
 -0.151524233530E+02 -0.664785969200E+01  0.535978959920E+02  0.707107224694E+00
 -0.148653114810E+02 -0.659113110200E+01  0.538544067910E+02  0.100000000000E+01
 -0.146385468790E+02 -0.633819308100E+01  0.534497095410E+02  0.100000000000E+01
 -0.146385468790E+02 -0.633819308100E+01  0.534497095410E+02  0.707107669145E+00
 -0.146385468790E+02 -0.633819308100E+01  0.534497095410E+02  0.100000000000E+01
 -0.146385468790E+02 -0.633819308100E+01  0.534497095410E+02  0.707107016882E+00
 -0.146385468790E+02 -0.633819308100E+01  0.534497095410E+02  0.100000000000E+01
 -0.146385468790E+02 -0.633819308100E+01  0.534497095410E+02  0.707105937004E+00
 -0.146385468790E+02 -0.633819308100E+01  0.534497095410E+02  0.100000000000E+01
 -0.146385468790E+02 -0.633819308100E+01  0.534497095410E+02  0.707106501719E+00
 -0.146385468790E+02 -0.633819308100E+01  0.534497095410E+02  0.100000000000E+01
 -0.146422871660E+02 -0.673872521100E+01  0.536504846620E+02  0.100000000000E+01
 -0.143028510210E+02 -0.660214552400E+01  0.539392108330E+02  0.707107669145E+00
 -0.142725666020E+02 -0.618665848300E+01  0.537588310680E+02  0.100000000000E+01
 -0.143196833580E+02 -0.581437059100E+01  0.535187751210E+02  0.707107016882E+00
 -0.146343534890E+02 -0.588912608200E+01  0.532246080490E+02  0.100000000000E+01
 -0.149925916520E+02 -0.605422132400E+01  0.529305968400E+02  0.707105937004E+00
 -0.149973765020E+02 -0.648676660200E+01  0.531466303110E+02  0.100000000000E+01
 -0.149518836300E+02 -0.683368400500E+01  0.533720035510E+02  0.707106501719E+00
 -0.146422871660E+02 -0.673872521100E+01  0.536504846620E+02  0.100000000000E+01
 -0.144251631920E+02 -0.642867061400E+01  0.532528484530E+02  0.100000000000E+01
 -0.144251631920E+02 -0.642867061400E+01  0.532528484530E+02  0.707107546486E+00
 -0.144251631920E+02 -0.642867061400E+01  0.532528484530E+02  0.100000000000E+01
 -0.144251631920E+02 -0.642867061400E+01  0.532528484530E+02  0.707107056728E+00
 -0.144251631920E+02 -0.642867061400E+01  0.532528484530E+02  0.100000000000E+01
 -0.144251631920E+02 -0.642867061400E+01  0.532528484530E+02  0.707106101252E+00
 -0.144251631920E+02 -0.642867061400E+01  0.532528484530E+02  0.100000000000E+01
 -0.144251631920E+02 -0.642867061400E+01  0.532528484530E+02  0.707106420283E+00
 -0.144251631920E+02 -0.642867061400E+01  0.532528484530E+02  0.100000000000E+01
 -0.144098992200E+02 -0.687182629900E+01  0.534529955900E+02  0.100000000000E+01
 -0.141293932020E+02 -0.666747024800E+01  0.536802729810E+02  0.707107546486E+00
 -0.141298900700E+02 -0.629520597700E+01  0.535258427060E+02  0.100000000000E+01
 -0.141410184000E+02 -0.587985355600E+01  0.533417858800E+02  0.707107056728E+00
 -0.144411162430E+02 -0.596551342400E+01  0.530436703090E+02  0.100000000000E+01
 -0.147791415670E+02 -0.613289721000E+01  0.527371839420E+02  0.707106101252E+00
 -0.148156660570E+02 -0.660517892500E+01  0.528918124870E+02  0.100000000000E+01
 -0.148097437860E+02 -0.714441110400E+01  0.531212899680E+02  0.707106420283E+00
 -0.144098992200E+02 -0.687182629900E+01  0.534529955900E+02  0.100000000000E+01
 -0.142036095210E+02 -0.650210877800E+01  0.530578801310E+02  0.100000000000E+01
 -0.142036095210E+02 -0.650210877800E+01  0.530578801310E+02  0.707106935195E+00
 -0.142036095210E+02 -0.650210877800E+01  0.530578801310E+02  0.100000000000E+01
 -0.142036095210E+02 -0.650210877800E+01  0.530578801310E+02  0.707107011289E+00
 -0.142036095210E+02 -0.650210877800E+01  0.530578801310E+02  0.100000000000E+01
 -0.142036095210E+02 -0.650210877800E+01  0.530578801310E+02  0.707106667612E+00
 -0.142036095210E+02 -0.650210877800E+01  0.530578801310E+02  0.100000000000E+01
 -0.142036095210E+02 -0.650210877800E+01  0.530578801310E+02  0.707106510652E+00
 -0.142036095210E+02 -0.650210877800E+01  0.530578801310E+02  0.100000000000E+01
 -0.141741482740E+02 -0.695345745400E+01  0.532472009850E+02  0.100000000000E+01
 -0.139617015420E+02 -0.672088596700E+01  0.534136664360E+02  0.707106935195E+00
 -0.139676230920E+02 -0.638830325400E+01  0.532924744310E+02  0.100000000000E+01
 -0.139667426350E+02 -0.598956972000E+01  0.531564325790E+02  0.707107011289E+00
 -0.142353436020E+02 -0.601593799200E+01  0.528539536600E+02  0.100000000000E+01
 -0.145563807270E+02 -0.620465568000E+01  0.525464624880E+02  0.707106667612E+00
 -0.145908000770E+02 -0.668883273000E+01  0.526729742590E+02  0.100000000000E+01
 -0.146863399240E+02 -0.760147985200E+01  0.528758790550E+02  0.707106510652E+00
 -0.141741482740E+02 -0.695345745400E+01  0.532472009850E+02  0.100000000000E+01
 -0.139762929070E+02 -0.656321861000E+01  0.528652801120E+02  0.100000000000E+01
 -0.139762929070E+02 -0.656321861000E+01  0.528652801120E+02  0.707106995198E+00
 -0.139762929070E+02 -0.656321861000E+01  0.528652801120E+02  0.100000000000E+01
 -0.139762929070E+02 -0.656321861000E+01  0.528652801120E+02  0.707106877789E+00
 -0.139762929070E+02 -0.656321861000E+01  0.528652801120E+02  0.100000000000E+01
 -0.139762929070E+02 -0.656321861000E+01  0.528652801120E+02  0.707106628545E+00
 -0.139762929070E+02 -0.656321861000E+01  0.528652801120E+02  0.100000000000E+01
 -0.139762929070E+02 -0.656321861000E+01  0.528652801120E+02  0.707106623215E+00
 -0.139762929070E+02 -0.656321861000E+01  0.528652801120E+02  0.100000000000E+01
 -0.139441614610E+02 -0.693142119100E+01  0.530117998690E+02  0.100000000000E+01
 -0.138003605490E+02 -0.672502768100E+01  0.531237318540E+02  0.707106995198E+00
 -0.137716119190E+02 -0.645974966200E+01  0.530804109170E+02  0.100000000000E+01
 -0.137680676480E+02 -0.606751091000E+01  0.529696279020E+02  0.707106877789E+00
 -0.140240693260E+02 -0.601572834100E+01  0.526474160700E+02  0.100000000000E+01
 -0.142716630460E+02 -0.627364831500E+01  0.524261158590E+02  0.707106628545E+00
 -0.142967686080E+02 -0.672522368000E+01  0.525284420930E+02  0.100000000000E+01
 -0.143904184580E+02 -0.762163747000E+01  0.526790224970E+02  0.707106623215E+00
 -0.139441614610E+02 -0.693142119100E+01  0.530117998690E+02  0.100000000000E+01
           1
           2
           3
           4
           5
           6
           7
           8
           9
          10
          11
          12
          13
          14
          15
          16
          17
          18
          19
          20
          21
          22
          23
          24
          25
          26
          27
          28
          29
          30
          31
          32
          33
          34
          35
          36
          37
          38
          39
          40
          41
          42
          43
          44
          45
          46
          47
          48
          49
          50
          51
          52
          53
          54
          55
          56
          57
          58
          59
          60
          61
          62
          63
          64
          65
          66
          67
          68
          69
          70
          71
          72
          73
          74
          75
          76
          77
          78
          79
          80
          81
          82
          83
          84
          85
          86
          87
          88
          89
          90
          91
          92
          93
          94
          95
          96
          97
          98
          99
         100
         101
         102
         103
         104
         105
         106
         107
         108
         109
         110
         111
         112
         113
         114
         115
         116
         117
         118
         119
         120
         121
         122
         123
         124
         125
         126
         127
         128
         129
         130
         131
         132
         133
         134
         135
         136
         137
         138
         139
         140
         141
         142
         143
         144
         145
         146
         147
         148
         149
         150
         151
         152
         153
         154
         155
         156
         157
         158
         159
         160
         161
         162
         163
         164
         165
         166
         167
         168
         169
         170
         171
         172
         173
         174
         175
         176
         177
         178
         179
         180
         181
         182
         183
         184
         185
         186
         187
         188
         189
         190
         191
         192
         193
         194
         195
         196
         197
         198
         199
         200
         201
         202
         203
         204
         205
         206
         207
         208
         209
         210
         211
         212
         213
         214
         215
         216
         217
         218
         219
         220
         221
         222
         223
         224
         225
         226
         227
         228
         229
         230
         231
         232
         233
         234
         235
         236
         237
         238
         239
         240
         241
         242
         243
         244
         245
         246
         247
         248
         249
         250
         251
         252
         253
         254
         255
         256
         257
         258
         259
         260
         261
         262
         263
         264
         265
         266
         267
         268
         269
         270
         271
         272
         273
         274
         275
         276
         277
         278
         279
         280
         281
         282
         283
         284
         285
         286
         287
         288
         289
         290
         291
         292
         293
         294
         295
         296
         297
         298
         299
         300
         301
         302
         303
         304
         305
         306
         307
         308
         309
         310
         311
         312
         313
         314
         315
         316
         317
         318
         319
         320
         321
         322
         323
         324
         325
         326
         327
         328
         329
         330
         331
         332
         333
         334
         335
         336
         337
         338
         339
         340
         341
         342
 1 0 0
 0 0 0
 0 0 0
 0 0 0
 0 0 0
 0 0 0
 0 0 0
 0 0 0
 0 0 0
 0 0 0
 0 0 0
 0 0 0
 0 0 0
 0 0 0
 0 0 0
 0 0 0
 0 0 0
 0 0 0
 0 0 0
 0 0 0
 0 0 0
 0 0 0
 0 0 0
 0 0 0
 0 0 0
 0 0 0
 0 0 0
 0 0 0
 0 0 0
 0 0 0
 0 0 0
 0 0 0
 0 0 0
 0 0 0
 0 0 0
 0 0 0
 0 0 0
 0 0 0
 0 0 0
 0 0 0
 0 0 0
 0 0 0
 0 0 0
 0 0 0
 0 0 0
 0 0 0
 0 0 0
 0 0 0
 0 0 0
 0 0 0
 0 0 0
 0 0 0
 0 0 0
 0 0 0
 0 0 0
 0 0 0
 0 0 0
 0 0 0
 0 0 0
 0 0 0
 0 0 0
 0 0 0
 0 0 0
 0 0 0
 0 0 0
 0 0 0
 0 0 0
 0 0 0
 0 0 0
 0 0 0
 0 0 0
 0 0 0
 0 0 0
 0 0 0
 0 0 0
 0 0 0
 0 0 0
 0 0 0
 0 0 0
 0 0 0
 0 0 0
 0 0 0
 0 0 0
 0 0 0
 0 0 0
 0 0 0
 0 0 0
 0 0 0
 0 0 0
 0 0 0
 0 0 0
 0 0 0
 0 0 0
 0 0 0
 0 0 0
 0 0 0
 0 0 0
 0 0 0
 0 0 0
 0 0 0
 0 0 0
 0 0 0
 0 0 0
 0 0 0
 0 0 0
 0 0 0
 0 0 0
 0 0 0
 0 0 0
 0 0 0
 0 0 0
 0 0 0
 0 0 0
 0 0 0
 0 0 0
 0 0 0
 0 0 0
 0 0 0
 0 0 0
 0 0 0
 0 0 0
 0 0 0
 0 0 0
 0 0 0
 0 0 0
 0 0 0
 0 0 0
 0 0 0
 0 0 0
 0 0 0
 0 0 0
 0 0 0
 0 0 0
 0 0 0
 0 0 0
 0 0 0
 0 0 0
 0 0 0
 0 0 0
 0 0 0
 0 0 0
 0 0 0
 0 0 0
 0 0 0
 0 0 0
 0 0 0
 0 0 0
 0 0 0
 0 0 0
 0 0 0
 0 0 0
 0 0 0
 0 0 0
 0 0 0
 0 0 0
 0 0 0
 0 0 0
 0 0 0
 0 0 0
 0 0 0
 0 0 0
 0 0 0
 0 0 0
 0 0 0
 0 0 0
 0 0 0
 0 0 0
 0 0 0
 0 0 0
 0 0 0
 0 0 0
 0 0 0
 0 0 0
 0 0 0
 0 0 0
 0 0 0
 0 0 0
 0 0 0
 0 0 0
 0 0 0
 0 0 0
 0 0 0
 0 0 0
 0 0 0
 0 0 0
 0 0 0
 0 0 0
 0 0 0
 0 0 0
 0 0 0
 0 0 0
 0 0 0
 0 0 0
 0 0 0
 0 0 0
 0 0 0
 0 0 0
 0 0 0
 0 0 0
 0 0 0
 0 0 0
 0 0 0
 0 0 0
 0 0 0
 0 0 0
 0 0 0
 0 0 0
 0 0 0
 0 0 0
 0 0 0
 0 0 0
 0 0 0
 0 0 0
 0 0 0
 0 0 0
 0 0 0
 0 0 0
 0 0 0
 0 0 0
 0 0 0
 0 0 0
 0 0 0
 0 0 0
 0 0 0
 0 0 0
 0 0 0
 0 0 0
 0 0 0
 0 0 0
 0 0 0
 0 0 0
 0 0 0
 0 0 0
 0 0 0
 0 0 0
 0 0 0
 0 0 0
 0 0 0
 0 0 0
 0 0 0
 0 0 0
 0 0 0
 0 0 0
 0 0 0
 0 0 0
 0 0 0
 0 0 0
 0 0 0
 0 0 0
 0 0 0
 0 0 0
 0 0 0
 0 0 0
 0 0 0
 0 0 0
 0 0 0
 0 0 0
 0 0 0
 0 0 0
 0 0 0
 0 0 0
 0 0 0
 0 0 0
 0 0 0
 0 0 0
 0 0 0
 0 0 0
 0 0 0
 0 0 0
 0 0 0
 0 0 0
 0 0 0
 0 0 0
 0 0 0
 0 0 0
 0 0 0
 0 0 0
 0 0 0
 0 0 0
 0 0 0
 0 0 0
 0 0 0
 0 0 0
 0 0 0
 0 0 0
 0 0 0
 0 0 0
 0 0 0
 0 0 0
 0 0 0
 0 0 0
 0 0 0
 0 0 0
 0 0 0
 0 0 0
 0 0 0
 0 0 0
 0 0 0
 0 0 0
 0 0 0
 0 0 0
 0 0 0
 0 0 0
 0 0 0
 0 0 0
 0 0 0
 0 0 0
 0 0 0
 0 0 0
 0 0 0
 0 0 0
 0 0 0
 0 0 0
 0 0 0
 0 0 0
 0 0 0
 0 0 0
 0 0 0
 0 0 0
 0 0 0
 0 0 0
 0 0 0
 0 0 0
 0 0 0
 0 0 0
 0 0 0
 0 0 0
 0 0 0
 0 0 0
 0 0 0
 0 0 0
 0 0 0
 0 0 0
 0 0 0
 0 0 0
 0 0 0
 0 0 0
 0 0 0
 0 0 0
 0 0 0
 0 0 0
 0 0 0
 0 0 0
  0.000000000  0.000000000  0.000000000
  0.000000000  0.000000000  0.000000000
  0.000000000  0.000000000  0.000000000
  0.000000000  0.000000000  0.000000000
  0.000000000  0.000000000  0.000000000
  0.000000000  0.000000000  0.000000000
  0.000000000  0.000000000  0.000000000
  0.000000000  0.000000000  0.000000000
  0.000000000  0.000000000  0.000000000
  0.000000000  0.000000000  0.000000000
  0.000000000  0.000000000  0.000000000
  0.000000000  0.000000000  0.000000000
  0.000000000  0.000000000  0.000000000
  0.000000000  0.000000000  0.000000000
  0.000000000  0.000000000  0.000000000
  0.000000000  0.000000000  0.000000000
  0.000000000  0.000000000  0.000000000
  0.000000000  0.000000000  0.000000000
  0.000000000  0.000000000  0.000000000
  0.000000000  0.000000000  0.000000000
  0.000000000  0.000000000  0.000000000
  0.000000000  0.000000000  0.000000000
  0.000000000  0.000000000  0.000000000
  0.000000000  0.000000000  0.000000000
  0.000000000  0.000000000  0.000000000
  0.000000000  0.000000000  0.000000000
  0.000000000  0.000000000  0.000000000
  0.000000000  0.000000000  0.000000000
  0.000000000  0.000000000  0.000000000
  0.000000000  0.000000000  0.000000000
  0.000000000  0.000000000  0.000000000
  0.000000000  0.000000000  0.000000000
  0.000000000  0.000000000  0.000000000
  0.000000000  0.000000000  0.000000000
  0.000000000  0.000000000  0.000000000
  0.000000000  0.000000000  0.000000000
  0.000000000  0.000000000  0.000000000
  0.000000000  0.000000000  0.000000000
  0.000000000  0.000000000  0.000000000
  0.000000000  0.000000000  0.000000000
  0.000000000  0.000000000  0.000000000
  0.000000000  0.000000000  0.000000000
  0.000000000  0.000000000  0.000000000
  0.000000000  0.000000000  0.000000000
  0.000000000  0.000000000  0.000000000
  0.000000000  0.000000000  0.000000000
  0.000000000  0.000000000  0.000000000
  0.000000000  0.000000000  0.000000000
  0.000000000  0.000000000  0.000000000
  0.000000000  0.000000000  0.000000000
  0.000000000  0.000000000  0.000000000
  0.000000000  0.000000000  0.000000000
  0.000000000  0.000000000  0.000000000
  0.000000000  0.000000000  0.000000000
  0.000000000  0.000000000  0.000000000
  0.000000000  0.000000000  0.000000000
  0.000000000  0.000000000  0.000000000
  0.000000000  0.000000000  0.000000000
  0.000000000  0.000000000  0.000000000
  0.000000000  0.000000000  0.000000000
  0.000000000  0.000000000  0.000000000
  0.000000000  0.000000000  0.000000000
  0.000000000  0.000000000  0.000000000
  0.000000000  0.000000000  0.000000000
  0.000000000  0.000000000  0.000000000
  0.000000000  0.000000000  0.000000000
  0.000000000  0.000000000  0.000000000
  0.000000000  0.000000000  0.000000000
  0.000000000  0.000000000  0.000000000
  0.000000000  0.000000000  0.000000000
  0.000000000  0.000000000  0.000000000
  0.000000000  0.000000000  0.000000000
  0.000000000  0.000000000  0.000000000
  0.000000000  0.000000000  0.000000000
  0.000000000  0.000000000  0.000000000
  0.000000000  0.000000000  0.000000000
  0.000000000  0.000000000  0.000000000
  0.000000000  0.000000000  0.000000000
  0.000000000  0.000000000  0.000000000
  0.000000000  0.000000000  0.000000000
  0.000000000  0.000000000  0.000000000
  0.000000000  0.000000000  0.000000000
  0.000000000  0.000000000  0.000000000
  0.000000000  0.000000000  0.000000000
  0.000000000  0.000000000  0.000000000
  0.000000000  0.000000000  0.000000000
  0.000000000  0.000000000  0.000000000
  0.000000000  0.000000000  0.000000000
  0.000000000  0.000000000  0.000000000
  0.000000000  0.000000000  0.000000000
  0.000000000  0.000000000  0.000000000
  0.000000000  0.000000000  0.000000000
  0.000000000  0.000000000  0.000000000
  0.000000000  0.000000000  0.000000000
  0.000000000  0.000000000  0.000000000
  0.000000000  0.000000000  0.000000000
  0.000000000  0.000000000  0.000000000
  0.000000000  0.000000000  0.000000000
  0.000000000  0.000000000  0.000000000
  0.000000000  0.000000000  0.000000000
  0.000000000  0.000000000  0.000000000
  0.000000000  0.000000000  0.000000000
  0.000000000  0.000000000  0.000000000
  0.000000000  0.000000000  0.000000000
  0.000000000  0.000000000  0.000000000
  0.000000000  0.000000000  0.000000000
  0.000000000  0.000000000  0.000000000
  0.000000000  0.000000000  0.000000000
  0.000000000  0.000000000  0.000000000
  0.000000000  0.000000000  0.000000000
  0.000000000  0.000000000  0.000000000
  0.000000000  0.000000000  0.000000000
  0.000000000  0.000000000  0.000000000
  0.000000000  0.000000000  0.000000000
  0.000000000  0.000000000  0.000000000
  0.000000000  0.000000000  0.000000000
  0.000000000  0.000000000  0.000000000
  0.000000000  0.000000000  0.000000000
  0.000000000  0.000000000  0.000000000
  0.000000000  0.000000000  0.000000000
  0.000000000  0.000000000  0.000000000
  0.000000000  0.000000000  0.000000000
  0.000000000  0.000000000  0.000000000
  0.000000000  0.000000000  0.000000000
  0.000000000  0.000000000  0.000000000
  0.000000000  0.000000000  0.000000000
  0.000000000  0.000000000  0.000000000
  0.000000000  0.000000000  0.000000000
  0.000000000  0.000000000  0.000000000
  0.000000000  0.000000000  0.000000000
  0.000000000  0.000000000  0.000000000
  0.000000000  0.000000000  0.000000000
  0.000000000  0.000000000  0.000000000
  0.000000000  0.000000000  0.000000000
  0.000000000  0.000000000  0.000000000
  0.000000000  0.000000000  0.000000000
  0.000000000  0.000000000  0.000000000
  0.000000000  0.000000000  0.000000000
  0.000000000  0.000000000  0.000000000
  0.000000000  0.000000000  0.000000000
  0.000000000  0.000000000  0.000000000
  0.000000000  0.000000000  0.000000000
  0.000000000  0.000000000  0.000000000
  0.000000000  0.000000000  0.000000000
  0.000000000  0.000000000  0.000000000
  0.000000000  0.000000000  0.000000000
  0.000000000  0.000000000  0.000000000
  0.000000000  0.000000000  0.000000000
  0.000000000  0.000000000  0.000000000
  0.000000000  0.000000000  0.000000000
  0.000000000  0.000000000  0.000000000
  0.000000000  0.000000000  0.000000000
  0.000000000  0.000000000  0.000000000
  0.000000000  0.000000000  0.000000000
  0.000000000  0.000000000  0.000000000
  0.000000000  0.000000000  0.000000000
  0.000000000  0.000000000  0.000000000
  0.000000000  0.000000000  0.000000000
  0.000000000  0.000000000  0.000000000
  0.000000000  0.000000000  0.000000000
  0.000000000  0.000000000  0.000000000
  0.000000000  0.000000000  0.000000000
  0.000000000  0.000000000  0.000000000
  0.000000000  0.000000000  0.000000000
  0.000000000  0.000000000  0.000000000
  0.000000000  0.000000000  0.000000000
  0.000000000  0.000000000  0.000000000
  0.000000000  0.000000000  0.000000000
  0.000000000  0.000000000  0.000000000
  0.000000000  0.000000000  0.000000000
  0.000000000  0.000000000  0.000000000
  0.000000000  0.000000000  0.000000000
  0.000000000  0.000000000  0.000000000
  0.000000000  0.000000000  0.000000000
  0.000000000  0.000000000  0.000000000
  0.000000000  0.000000000  0.000000000
  0.000000000  0.000000000  0.000000000
  0.000000000  0.000000000  0.000000000
  0.000000000  0.000000000  0.000000000
  0.000000000  0.000000000  0.000000000
  0.000000000  0.000000000  0.000000000
  0.000000000  0.000000000  0.000000000
  0.000000000  0.000000000  0.000000000
  0.000000000  0.000000000  0.000000000
  0.000000000  0.000000000  0.000000000
  0.000000000  0.000000000  0.000000000
  0.000000000  0.000000000  0.000000000
  0.000000000  0.000000000  0.000000000
  0.000000000  0.000000000  0.000000000
  0.000000000  0.000000000  0.000000000
  0.000000000  0.000000000  0.000000000
  0.000000000  0.000000000  0.000000000
  0.000000000  0.000000000  0.000000000
  0.000000000  0.000000000  0.000000000
  0.000000000  0.000000000  0.000000000
  0.000000000  0.000000000  0.000000000
  0.000000000  0.000000000  0.000000000
  0.000000000  0.000000000  0.000000000
  0.000000000  0.000000000  0.000000000
  0.000000000  0.000000000  0.000000000
  0.000000000  0.000000000  0.000000000
  0.000000000  0.000000000  0.000000000
  0.000000000  0.000000000  0.000000000
  0.000000000  0.000000000  0.000000000
  0.000000000  0.000000000  0.000000000
  0.000000000  0.000000000  0.000000000
  0.000000000  0.000000000  0.000000000
  0.000000000  0.000000000  0.000000000
  0.000000000  0.000000000  0.000000000
  0.000000000  0.000000000  0.000000000
  0.000000000  0.000000000  0.000000000
  0.000000000  0.000000000  0.000000000
  0.000000000  0.000000000  0.000000000
  0.000000000  0.000000000  0.000000000
  0.000000000  0.000000000  0.000000000
  0.000000000  0.000000000  0.000000000
  0.000000000  0.000000000  0.000000000
  0.000000000  0.000000000  0.000000000
  0.000000000  0.000000000  0.000000000
  0.000000000  0.000000000  0.000000000
  0.000000000  0.000000000  0.000000000
  0.000000000  0.000000000  0.000000000
  0.000000000  0.000000000  0.000000000
  0.000000000  0.000000000  0.000000000
  0.000000000  0.000000000  0.000000000
  0.000000000  0.000000000  0.000000000
  0.000000000  0.000000000  0.000000000
  0.000000000  0.000000000  0.000000000
  0.000000000  0.000000000  0.000000000
  0.000000000  0.000000000  0.000000000
  0.000000000  0.000000000  0.000000000
  0.000000000  0.000000000  0.000000000
  0.000000000  0.000000000  0.000000000
  0.000000000  0.000000000  0.000000000
  0.000000000  0.000000000  0.000000000
  0.000000000  0.000000000  0.000000000
  0.000000000  0.000000000  0.000000000
  0.000000000  0.000000000  0.000000000
  0.000000000  0.000000000  0.000000000
  0.000000000  0.000000000  0.000000000
  0.000000000  0.000000000  0.000000000
  0.000000000  0.000000000  0.000000000
  0.000000000  0.000000000  0.000000000
  0.000000000  0.000000000  0.000000000
  0.000000000  0.000000000  0.000000000
  0.000000000  0.000000000  0.000000000
  0.000000000  0.000000000  0.000000000
  0.000000000  0.000000000  0.000000000
  0.000000000  0.000000000  0.000000000
  0.000000000  0.000000000  0.000000000
  0.000000000  0.000000000  0.000000000
  0.000000000  0.000000000  0.000000000
  0.000000000  0.000000000  0.000000000
  0.000000000  0.000000000  0.000000000
  0.000000000  0.000000000  0.000000000
  0.000000000  0.000000000  0.000000000
  0.000000000  0.000000000  0.000000000
  0.000000000  0.000000000  0.000000000
  0.000000000  0.000000000  0.000000000
  0.000000000  0.000000000  0.000000000
  0.000000000  0.000000000  0.000000000
  0.000000000  0.000000000  0.000000000
  0.000000000  0.000000000  0.000000000
  0.000000000  0.000000000  0.000000000
  0.000000000  0.000000000  0.000000000
  0.000000000  0.000000000  0.000000000
  0.000000000  0.000000000  0.000000000
  0.000000000  0.000000000  0.000000000
  0.000000000  0.000000000  0.000000000
  0.000000000  0.000000000  0.000000000
  0.000000000  0.000000000  0.000000000
  0.000000000  0.000000000  0.000000000
  0.000000000  0.000000000  0.000000000
  0.000000000  0.000000000  0.000000000
  0.000000000  0.000000000  0.000000000
  0.000000000  0.000000000  0.000000000
  0.000000000  0.000000000  0.000000000
  0.000000000  0.000000000  0.000000000
  0.000000000  0.000000000  0.000000000
  0.000000000  0.000000000  0.000000000
  0.000000000  0.000000000  0.000000000
  0.000000000  0.000000000  0.000000000
  0.000000000  0.000000000  0.000000000
  0.000000000  0.000000000  0.000000000
  0.000000000  0.000000000  0.000000000
  0.000000000  0.000000000  0.000000000
  0.000000000  0.000000000  0.000000000
  0.000000000  0.000000000  0.000000000
  0.000000000  0.000000000  0.000000000
  0.000000000  0.000000000  0.000000000
  0.000000000  0.000000000  0.000000000
  0.000000000  0.000000000  0.000000000
  0.000000000  0.000000000  0.000000000
  0.000000000  0.000000000  0.000000000
  0.000000000  0.000000000  0.000000000
  0.000000000  0.000000000  0.000000000
  0.000000000  0.000000000  0.000000000
  0.000000000  0.000000000  0.000000000
  0.000000000  0.000000000  0.000000000
  0.000000000  0.000000000  0.000000000
  0.000000000  0.000000000  0.000000000
  0.000000000  0.000000000  0.000000000
  0.000000000  0.000000000  0.000000000
  0.000000000  0.000000000  0.000000000
  0.000000000  0.000000000  0.000000000
  0.000000000  0.000000000  0.000000000
  0.000000000  0.000000000  0.000000000
  0.000000000  0.000000000  0.000000000
  0.000000000  0.000000000  0.000000000
  0.000000000  0.000000000  0.000000000
  0.000000000  0.000000000  0.000000000
  0.000000000  0.000000000  0.000000000
  0.000000000  0.000000000  0.000000000
  0.000000000  0.000000000  0.000000000
  0.000000000  0.000000000  0.000000000
  0.000000000  0.000000000  0.000000000
  0.000000000  0.000000000  0.000000000
  0.000000000  0.000000000  0.000000000
  0.000000000  0.000000000  0.000000000
  0.000000000  0.000000000  0.000000000
  0.000000000  0.000000000  0.000000000
  0.000000000  0.000000000  0.000000000
  0.000000000  0.000000000  0.000000000
  0.000000000  0.000000000  0.000000000
  0.000000000  0.000000000  0.000000000
  0.000000000  0.000000000  0.000000000
  0.000000000  0.000000000  0.000000000
  0.000000000  0.000000000  0.000000000
  0.000000000  0.000000000  0.000000000
  0.000000000  0.000000000  0.000000000
  0.000000000  0.000000000  0.000000000
  0.000000000  0.000000000  0.000000000
  0.000000000  0.000000000  0.000000000
  0.000000000  0.000000000  0.000000000
  0.000000000  0.000000000  0.000000000
  0.000000000  0.000000000  0.000000000
  0.000000000  0.000000000  0.000000000
  0.000000000  0.000000000  0.000000000
  0.000000000  0.000000000  0.000000000
  0.000000000  0.000000000  0.000000000
  0.000000000  0.000000000  0.000000000
  0.000000000  0.000000000  0.000000000
 0 0 0
 0 0 0
 0 0 0
 0 0 0
 0 0 0
 0 0 0
 0 0 0
 0 0 0
 0 0 0
 0 0 0
 0 0 0
 0 0 0
 0 0 0
 0 0 0
 0 0 0
 0 0 0
 0 0 0
 0 0 0
 0 0 0
 0 0 0
 0 0 0
 0 0 0
 0 0 0
 0 0 0
 0 0 0
 0 0 0
 0 0 0
 0 0 0
 0 0 0
 0 0 0
 0 0 0
 0 0 0
 0 0 0
 0 0 0
 0 0 0
 0 0 0
 0 0 0
 0 0 0
 0 0 0
 0 0 0
 0 0 0
 0 0 0
 0 0 0
 0 0 0
 0 0 0
 0 0 0
 0 0 0
 0 0 0
 0 0 0
 0 0 0
 0 0 0
 0 0 0
 0 0 0
 0 0 0
 0 0 0
 0 0 0
 0 0 0
 0 0 0
 0 0 0
 0 0 0
 0 0 0
 0 0 0
 0 0 0
 0 0 0
 0 0 0
 0 0 0
 0 0 0
 0 0 0
 0 0 0
 0 0 0
 0 0 0
 0 0 0
 0 0 0
 0 0 0
 0 0 0
 0 0 0
 0 0 0
 0 0 0
 0 0 0
 0 0 0
 0 0 0
 0 0 0
 0 0 0
 0 0 0
 0 0 0
 0 0 0
 0 0 0
 0 0 0
 0 0 0
 0 0 0
 0 0 0
 0 0 0
 0 0 0
 0 0 0
 0 0 0
 0 0 0
 0 0 0
 0 0 0
 0 0 0
 0 0 0
 0 0 0
 0 0 0
 0 0 0
 0 0 0
 0 0 0
 0 0 0
 0 0 0
 0 0 0
 0 0 0
 0 0 0
 0 0 0
 0 0 0
 0 0 0
 0 0 0
 0 0 0
 0 0 0
 0 0 0
 0 0 0
 0 0 0
 0 0 0
 0 0 0
 0 0 0
 0 0 0
 0 0 0
 0 0 0
 0 0 0
 0 0 0
 0 0 0
 0 0 0
 0 0 0
 0 0 0
 0 0 0
 0 0 0
 0 0 0
 0 0 0
 0 0 0
 0 0 0
 0 0 0
 0 0 0
 0 0 0
 0 0 0
 0 0 0
 0 0 0
 0 0 0
 0 0 0
 0 0 0
 0 0 0
 0 0 0
 0 0 0
 0 0 0
 0 0 0
 0 0 0
 0 0 0
 0 0 0
 0 0 0
 0 0 0
 0 0 0
 0 0 0
 0 0 0
 0 0 0
 0 0 0
 0 0 0
 0 0 0
 0 0 0
 0 0 0
 0 0 0
 0 0 0
 0 0 0
 0 0 0
 0 0 0
 0 0 0
 0 0 0
 0 0 0
 0 0 0
 0 0 0
 0 0 0
 0 0 0
 0 0 0
 0 0 0
 0 0 0
 0 0 0
 0 0 0
 0 0 0
 0 0 0
 0 0 0
 0 0 0
 0 0 0
 0 0 0
 0 0 0
 0 0 0
 0 0 0
 0 0 0
 0 0 0
 0 0 0
 0 0 0
 0 0 0
 0 0 0
 0 0 0
 0 0 0
 0 0 0
 0 0 0
 0 0 0
 0 0 0
 0 0 0
 0 0 0
 0 0 0
 0 0 0
 0 0 0
 0 0 0
 0 0 0
 0 0 0
 0 0 0
 0 0 0
 0 0 0
 0 0 0
 0 0 0
 0 0 0
 0 0 0
 0 0 0
 0 0 0
 0 0 0
 0 0 0
 0 0 0
 0 0 0
 0 0 0
 0 0 0
 0 0 0
 0 0 0
 0 0 0
 0 0 0
 0 0 0
 0 0 0
 0 0 0
 0 0 0
 0 0 0
 0 0 0
 0 0 0
 0 0 0
 0 0 0
 0 0 0
 0 0 0
 0 0 0
 0 0 0
 0 0 0
 0 0 0
 0 0 0
 0 0 0
 0 0 0
 0 0 0
 0 0 0
 0 0 0
 0 0 0
  0.000000000  0.000000000  0.000000000
  0.000000000  0.000000000  0.000000000
  0.000000000  0.000000000  0.000000000
  0.000000000  0.000000000  0.000000000
  0.000000000  0.000000000  0.000000000
  0.000000000  0.000000000  0.000000000
  0.000000000  0.000000000  0.000000000
  0.000000000  0.000000000  0.000000000
  0.000000000  0.000000000  0.000000000
  0.000000000  0.000000000  0.000000000
  0.000000000  0.000000000  0.000000000
  0.000000000  0.000000000  0.000000000
  0.000000000  0.000000000  0.000000000
  0.000000000  0.000000000  0.000000000
  0.000000000  0.000000000  0.000000000
  0.000000000  0.000000000  0.000000000
  0.000000000  0.000000000  0.000000000
  0.000000000  0.000000000  0.000000000
  0.000000000  0.000000000  0.000000000
  0.000000000  0.000000000  0.000000000
  0.000000000  0.000000000  0.000000000
  0.000000000  0.000000000  0.000000000
  0.000000000  0.000000000  0.000000000
  0.000000000  0.000000000  0.000000000
  0.000000000  0.000000000  0.000000000
  0.000000000  0.000000000  0.000000000
  0.000000000  0.000000000  0.000000000
  0.000000000  0.000000000  0.000000000
  0.000000000  0.000000000  0.000000000
  0.000000000  0.000000000  0.000000000
  0.000000000  0.000000000  0.000000000
  0.000000000  0.000000000  0.000000000
  0.000000000  0.000000000  0.000000000
  0.000000000  0.000000000  0.000000000
  0.000000000  0.000000000  0.000000000
  0.000000000  0.000000000  0.000000000
  0.000000000  0.000000000  0.000000000
  0.000000000  0.000000000  0.000000000
  0.000000000  0.000000000  0.000000000
  0.000000000  0.000000000  0.000000000
  0.000000000  0.000000000  0.000000000
  0.000000000  0.000000000  0.000000000
  0.000000000  0.000000000  0.000000000
  0.000000000  0.000000000  0.000000000
  0.000000000  0.000000000  0.000000000
  0.000000000  0.000000000  0.000000000
  0.000000000  0.000000000  0.000000000
  0.000000000  0.000000000  0.000000000
  0.000000000  0.000000000  0.000000000
  0.000000000  0.000000000  0.000000000
  0.000000000  0.000000000  0.000000000
  0.000000000  0.000000000  0.000000000
  0.000000000  0.000000000  0.000000000
  0.000000000  0.000000000  0.000000000
  0.000000000  0.000000000  0.000000000
  0.000000000  0.000000000  0.000000000
  0.000000000  0.000000000  0.000000000
  0.000000000  0.000000000  0.000000000
  0.000000000  0.000000000  0.000000000
  0.000000000  0.000000000  0.000000000
  0.000000000  0.000000000  0.000000000
  0.000000000  0.000000000  0.000000000
  0.000000000  0.000000000  0.000000000
  0.000000000  0.000000000  0.000000000
  0.000000000  0.000000000  0.000000000
  0.000000000  0.000000000  0.000000000
  0.000000000  0.000000000  0.000000000
  0.000000000  0.000000000  0.000000000
  0.000000000  0.000000000  0.000000000
  0.000000000  0.000000000  0.000000000
  0.000000000  0.000000000  0.000000000
  0.000000000  0.000000000  0.000000000
  0.000000000  0.000000000  0.000000000
  0.000000000  0.000000000  0.000000000
  0.000000000  0.000000000  0.000000000
  0.000000000  0.000000000  0.000000000
  0.000000000  0.000000000  0.000000000
  0.000000000  0.000000000  0.000000000
  0.000000000  0.000000000  0.000000000
  0.000000000  0.000000000  0.000000000
  0.000000000  0.000000000  0.000000000
  0.000000000  0.000000000  0.000000000
  0.000000000  0.000000000  0.000000000
  0.000000000  0.000000000  0.000000000
  0.000000000  0.000000000  0.000000000
  0.000000000  0.000000000  0.000000000
  0.000000000  0.000000000  0.000000000
  0.000000000  0.000000000  0.000000000
  0.000000000  0.000000000  0.000000000
  0.000000000  0.000000000  0.000000000
  0.000000000  0.000000000  0.000000000
  0.000000000  0.000000000  0.000000000
  0.000000000  0.000000000  0.000000000
  0.000000000  0.000000000  0.000000000
  0.000000000  0.000000000  0.000000000
  0.000000000  0.000000000  0.000000000
  0.000000000  0.000000000  0.000000000
  0.000000000  0.000000000  0.000000000
  0.000000000  0.000000000  0.000000000
  0.000000000  0.000000000  0.000000000
  0.000000000  0.000000000  0.000000000
  0.000000000  0.000000000  0.000000000
  0.000000000  0.000000000  0.000000000
  0.000000000  0.000000000  0.000000000
  0.000000000  0.000000000  0.000000000
  0.000000000  0.000000000  0.000000000
  0.000000000  0.000000000  0.000000000
  0.000000000  0.000000000  0.000000000
  0.000000000  0.000000000  0.000000000
  0.000000000  0.000000000  0.000000000
  0.000000000  0.000000000  0.000000000
  0.000000000  0.000000000  0.000000000
  0.000000000  0.000000000  0.000000000
  0.000000000  0.000000000  0.000000000
  0.000000000  0.000000000  0.000000000
  0.000000000  0.000000000  0.000000000
  0.000000000  0.000000000  0.000000000
  0.000000000  0.000000000  0.000000000
  0.000000000  0.000000000  0.000000000
  0.000000000  0.000000000  0.000000000
  0.000000000  0.000000000  0.000000000
  0.000000000  0.000000000  0.000000000
  0.000000000  0.000000000  0.000000000
  0.000000000  0.000000000  0.000000000
  0.000000000  0.000000000  0.000000000
  0.000000000  0.000000000  0.000000000
  0.000000000  0.000000000  0.000000000
  0.000000000  0.000000000  0.000000000
  0.000000000  0.000000000  0.000000000
  0.000000000  0.000000000  0.000000000
  0.000000000  0.000000000  0.000000000
  0.000000000  0.000000000  0.000000000
  0.000000000  0.000000000  0.000000000
  0.000000000  0.000000000  0.000000000
  0.000000000  0.000000000  0.000000000
  0.000000000  0.000000000  0.000000000
  0.000000000  0.000000000  0.000000000
  0.000000000  0.000000000  0.000000000
  0.000000000  0.000000000  0.000000000
  0.000000000  0.000000000  0.000000000
  0.000000000  0.000000000  0.000000000
  0.000000000  0.000000000  0.000000000
  0.000000000  0.000000000  0.000000000
  0.000000000  0.000000000  0.000000000
  0.000000000  0.000000000  0.000000000
  0.000000000  0.000000000  0.000000000
  0.000000000  0.000000000  0.000000000
  0.000000000  0.000000000  0.000000000
  0.000000000  0.000000000  0.000000000
  0.000000000  0.000000000  0.000000000
  0.000000000  0.000000000  0.000000000
  0.000000000  0.000000000  0.000000000
  0.000000000  0.000000000  0.000000000
  0.000000000  0.000000000  0.000000000
  0.000000000  0.000000000  0.000000000
  0.000000000  0.000000000  0.000000000
  0.000000000  0.000000000  0.000000000
  0.000000000  0.000000000  0.000000000
  0.000000000  0.000000000  0.000000000
  0.000000000  0.000000000  0.000000000
  0.000000000  0.000000000  0.000000000
  0.000000000  0.000000000  0.000000000
  0.000000000  0.000000000  0.000000000
  0.000000000  0.000000000  0.000000000
  0.000000000  0.000000000  0.000000000
  0.000000000  0.000000000  0.000000000
  0.000000000  0.000000000  0.000000000
  0.000000000  0.000000000  0.000000000
  0.000000000  0.000000000  0.000000000
  0.000000000  0.000000000  0.000000000
  0.000000000  0.000000000  0.000000000
  0.000000000  0.000000000  0.000000000
  0.000000000  0.000000000  0.000000000
  0.000000000  0.000000000  0.000000000
  0.000000000  0.000000000  0.000000000
  0.000000000  0.000000000  0.000000000
  0.000000000  0.000000000  0.000000000
  0.000000000  0.000000000  0.000000000
  0.000000000  0.000000000  0.000000000
  0.000000000  0.000000000  0.000000000
  0.000000000  0.000000000  0.000000000
  0.000000000  0.000000000  0.000000000
  0.000000000  0.000000000  0.000000000
  0.000000000  0.000000000  0.000000000
  0.000000000  0.000000000  0.000000000
  0.000000000  0.000000000  0.000000000
  0.000000000  0.000000000  0.000000000
  0.000000000  0.000000000  0.000000000
  0.000000000  0.000000000  0.000000000
  0.000000000  0.000000000  0.000000000
  0.000000000  0.000000000  0.000000000
  0.000000000  0.000000000  0.000000000
  0.000000000  0.000000000  0.000000000
  0.000000000  0.000000000  0.000000000
  0.000000000  0.000000000  0.000000000
  0.000000000  0.000000000  0.000000000
  0.000000000  0.000000000  0.000000000
  0.000000000  0.000000000  0.000000000
  0.000000000  0.000000000  0.000000000
  0.000000000  0.000000000  0.000000000
  0.000000000  0.000000000  0.000000000
  0.000000000  0.000000000  0.000000000
  0.000000000  0.000000000  0.000000000
  0.000000000  0.000000000  0.000000000
  0.000000000  0.000000000  0.000000000
  0.000000000  0.000000000  0.000000000
  0.000000000  0.000000000  0.000000000
  0.000000000  0.000000000  0.000000000
  0.000000000  0.000000000  0.000000000
  0.000000000  0.000000000  0.000000000
  0.000000000  0.000000000  0.000000000
  0.000000000  0.000000000  0.000000000
  0.000000000  0.000000000  0.000000000
  0.000000000  0.000000000  0.000000000
  0.000000000  0.000000000  0.000000000
  0.000000000  0.000000000  0.000000000
  0.000000000  0.000000000  0.000000000
  0.000000000  0.000000000  0.000000000
  0.000000000  0.000000000  0.000000000
  0.000000000  0.000000000  0.000000000
  0.000000000  0.000000000  0.000000000
  0.000000000  0.000000000  0.000000000
  0.000000000  0.000000000  0.000000000
  0.000000000  0.000000000  0.000000000
  0.000000000  0.000000000  0.000000000
  0.000000000  0.000000000  0.000000000
  0.000000000  0.000000000  0.000000000
  0.000000000  0.000000000  0.000000000
  0.000000000  0.000000000  0.000000000
  0.000000000  0.000000000  0.000000000
  0.000000000  0.000000000  0.000000000
  0.000000000  0.000000000  0.000000000
  0.000000000  0.000000000  0.000000000
  0.000000000  0.000000000  0.000000000
  0.000000000  0.000000000  0.000000000
  0.000000000  0.000000000  0.000000000
  0.000000000  0.000000000  0.000000000
  0.000000000  0.000000000  0.000000000
  0.000000000  0.000000000  0.000000000
  0.000000000  0.000000000  0.000000000
  0.000000000  0.000000000  0.000000000
  0.000000000  0.000000000  0.000000000
  0.000000000  0.000000000  0.000000000
  0.000000000  0.000000000  0.000000000
  0.000000000  0.000000000  0.000000000
  0.000000000  0.000000000  0.000000000
  0.000000000  0.000000000  0.000000000
  0.000000000  0.000000000  0.000000000
  0.000000000  0.000000000  0.000000000
  0.000000000  0.000000000  0.000000000
  0.000000000  0.000000000  0.000000000
  0.000000000  0.000000000  0.000000000
  0.000000000  0.000000000  0.000000000
  0.000000000  0.000000000  0.000000000
  0.000000000  0.000000000  0.000000000
  0.000000000  0.000000000  0.000000000
  0.000000000  0.000000000  0.000000000
  0.000000000  0.000000000  0.000000000
  0.000000000  0.000000000  0.000000000
  0.000000000  0.000000000  0.000000000
  0.000000000  0.000000000  0.000000000
  0.000000000  0.000000000  0.000000000
  0.000000000  0.000000000  0.000000000
  0.000000000  0.000000000  0.000000000
  0.000000000  0.000000000  0.000000000
  0.000000000  0.000000000  0.000000000
  0.000000000  0.000000000  0.000000000
  0.000000000  0.000000000  0.000000000
  0.000000000  0.000000000  0.000000000
  0.000000000  0.000000000  0.000000000
  0.000000000  0.000000000  0.000000000
  0.000000000  0.000000000  0.000000000
  0.000000000  0.000000000  0.000000000
  0.000000000  0.000000000  0.000000000
  0.000000000  0.000000000  0.000000000
  0.000000000  0.000000000  0.000000000
  0.000000000  0.000000000  0.000000000
  0.000000000  0.000000000  0.000000000
  0.000000000  0.000000000  0.000000000
  0.000000000  0.000000000  0.000000000
  0.000000000  0.000000000  0.000000000
  0.000000000  0.000000000  0.000000000
  0.000000000  0.000000000  0.000000000
  0.000000000  0.000000000  0.000000000
  0.000000000  0.000000000  0.000000000
  0.000000000  0.000000000  0.000000000
  0.000000000  0.000000000  0.000000000
  0.000000000  0.000000000  0.000000000
  0.000000000  0.000000000  0.000000000
  0.000000000  0.000000000  0.000000000
  0.000000000  0.000000000  0.000000000
  0.000000000  0.000000000  0.000000000
  0.000000000  0.000000000  0.000000000
  0.000000000  0.000000000  0.000000000
  0.000000000  0.000000000  0.000000000
  0.000000000  0.000000000  0.000000000
  0.000000000  0.000000000  0.000000000
  0.000000000  0.000000000  0.000000000
  0.000000000  0.000000000  0.000000000
  0.000000000  0.000000000  0.000000000
  0.000000000  0.000000000  0.000000000
  0.000000000  0.000000000  0.000000000
  0.000000000  0.000000000  0.000000000
  0.000000000  0.000000000  0.000000000
  0.000000000  0.000000000  0.000000000
  0.000000000  0.000000000  0.000000000
  0.000000000  0.000000000  0.000000000
  0.000000000  0.000000000  0.000000000
  0.000000000  0.000000000  0.000000000
  0.000000000  0.000000000  0.000000000
  0.000000000  0.000000000  0.000000000
  0.000000000  0.000000000  0.000000000
  0.000000000  0.000000000  0.000000000
  0.000000000  0.000000000  0.000000000
  0.000000000  0.000000000  0.000000000
  0.000000000  0.000000000  0.000000000
  0.000000000  0.000000000  0.000000000
  0.000000000  0.000000000  0.000000000
  0.000000000  0.000000000  0.000000000
  0.000000000  0.000000000  0.000000000
  0.000000000  0.000000000  0.000000000
  0.000000000  0.000000000  0.000000000
  0.000000000  0.000000000  0.000000000
  0.000000000  0.000000000  0.000000000
  0.000000000  0.000000000  0.000000000
  0.000000000  0.000000000  0.000000000
  0.000000000  0.000000000  0.000000000
  0.000000000  0.000000000  0.000000000
  0.000000000  0.000000000  0.000000000
  0.000000000  0.000000000  0.000000000
  0.000000000  0.000000000  0.000000000
  0.000000000  0.000000000  0.000000000
  0.000000000  0.000000000  0.000000000
  0.000000000  0.000000000  0.000000000
  0.000000000  0.000000000  0.000000000
  0.000000000  0.000000000  0.000000000
  0.000000000  0.000000000  0.000000000
  0.000000000  0.000000000  0.000000000
  0.000000000  0.000000000  0.000000000
  0.000000000  0.000000000  0.000000000
  0.000000000  0.000000000  0.000000000
  0.000000000  0.000000000  0.000000000
  0.000000000  0.000000000  0.000000000
  0.000000000  0.000000000  0.000000000
  0.000000000  0.000000000  0.000000000
  0.000000000  0.000000000  0.000000000
  0.000000000  0.000000000  0.000000000
  0.000000000  0.000000000  0.000000000
  0.000000000  0.000000000  0.000000000
  0.000000000  0.000000000  0.000000000
  0.000000000  0.000000000  0.000000000
  0.000000000  0.000000000  0.000000000
  0.000000000  0.000000000  0.000000000
  0.000000000  0.000000000  0.000000000
  0.000000000  0.000000000  0.000000000
  0.000000000  0.000000000  0.000000000
  0.000000000  0.000000000  0.000000000
  0.000000000  0.000000000  0.000000000
  0.000000000  0.000000000  0.000000000
  0.000000000  0.000000000  0.000000000
  0.000000000  0.000000000  0.000000000
  0.000000000  0.000000000  0.000000000
  0.000000000  0.000000000  0.000000000
  0.000000000  0.000000000  0.000000000
  0.000000000  0.000000000  0.000000000
  0.000000000  0.000000000  0.000000000
  0.000000000  0.000000000  0.000000000
  0.000000000  0.000000000  0.000000000
  0.000000000  0.000000000  0.000000000
  0.000000000  0.000000000  0.000000000
  0.000000000  0.000000000  0.000000000
   1.06000000000000     
   1.06000000000000     
   1.06000000000000     
   1.06000000000000     
   1.06000000000000     
   1.06000000000000     
   1.06000000000000     
   1.06000000000000     
   1.06000000000000     
   1.06000000000000     
   1.06000000000000     
   1.06000000000000     
   1.06000000000000     
   1.06000000000000     
   1.06000000000000     
   1.06000000000000     
   1.06000000000000     
   1.06000000000000     
   1.06000000000000     
   1.06000000000000     
   1.06000000000000     
   1.06000000000000     
   1.06000000000000     
   1.06000000000000     
   1.06000000000000     
   1.06000000000000     
   1.06000000000000     
   1.06000000000000     
   1.06000000000000     
   1.06000000000000     
   1.06000000000000     
   1.06000000000000     
   1.06000000000000     
   1.06000000000000     
   1.06000000000000     
   1.06000000000000     
   1.06000000000000     
   1.06000000000000     
   1.06000000000000     
   1.06000000000000     
   1.06000000000000     
   1.06000000000000     
   1.06000000000000     
   1.06000000000000     
   1.06000000000000     
   1.06000000000000     
   1.06000000000000     
   1.06000000000000     
   1.06000000000000     
   1.06000000000000     
   1.06000000000000     
   1.06000000000000     
   1.06000000000000     
   1.06000000000000     
   1.06000000000000     
   1.06000000000000     
   1.06000000000000     
   1.06000000000000     
   1.06000000000000     
   1.06000000000000     
   1.06000000000000     
   1.06000000000000     
   1.06000000000000     
   1.06000000000000     
   1.06000000000000     
   1.06000000000000     
   1.06000000000000     
   1.06000000000000     
   1.06000000000000     
   1.06000000000000     
   1.06000000000000     
   1.06000000000000     
   1.06000000000000     
   1.06000000000000     
   1.06000000000000     
   1.06000000000000     
   1.06000000000000     
   1.06000000000000     
   1.06000000000000     
   1.06000000000000     
   1.06000000000000     
   1.06000000000000     
   1.06000000000000     
   1.06000000000000     
   1.06000000000000     
   1.06000000000000     
   1.06000000000000     
   1.06000000000000     
   1.06000000000000     
   1.06000000000000     
   1.06000000000000     
   1.06000000000000     
   1.06000000000000     
   1.06000000000000     
   1.06000000000000     
   1.06000000000000     
   1.06000000000000     
   1.06000000000000     
   1.06000000000000     
   1.06000000000000     
   1.06000000000000     
   1.06000000000000     
   1.06000000000000     
   1.06000000000000     
   1.06000000000000     
   1.06000000000000     
   1.06000000000000     
   1.06000000000000     
   1.06000000000000     
   1.06000000000000     
   1.06000000000000     
   1.06000000000000     
   1.06000000000000     
   1.06000000000000     
   1.06000000000000     
   1.06000000000000     
   1.06000000000000     
   1.06000000000000     
   1.06000000000000     
  3.000000000000000E-002
  3.000000000000000E-002
  3.000000000000000E-002
  3.000000000000000E-002
  3.000000000000000E-002
  3.000000000000000E-002
  3.000000000000000E-002
  3.000000000000000E-002
  3.000000000000000E-002
  3.000000000000000E-002
  3.000000000000000E-002
  3.000000000000000E-002
  3.000000000000000E-002
  3.000000000000000E-002
  3.000000000000000E-002
  3.000000000000000E-002
  3.000000000000000E-002
  3.000000000000000E-002
  3.000000000000000E-002
  3.000000000000000E-002
  3.000000000000000E-002
  3.000000000000000E-002
  3.000000000000000E-002
  3.000000000000000E-002
  3.000000000000000E-002
  3.000000000000000E-002
  3.000000000000000E-002
  3.000000000000000E-002
  3.000000000000000E-002
  3.000000000000000E-002
  3.000000000000000E-002
  3.000000000000000E-002
  3.000000000000000E-002
  3.000000000000000E-002
  3.000000000000000E-002
  3.000000000000000E-002
  3.000000000000000E-002
  3.000000000000000E-002
  3.000000000000000E-002
  3.000000000000000E-002
  3.000000000000000E-002
  3.000000000000000E-002
  3.000000000000000E-002
  3.000000000000000E-002
  3.000000000000000E-002
  3.000000000000000E-002
  3.000000000000000E-002
  3.000000000000000E-002
  3.000000000000000E-002
  3.000000000000000E-002
  3.000000000000000E-002
  3.000000000000000E-002
  3.000000000000000E-002
  3.000000000000000E-002
  3.000000000000000E-002
  3.000000000000000E-002
  3.000000000000000E-002
  3.000000000000000E-002
  3.000000000000000E-002
  3.000000000000000E-002
  3.000000000000000E-002
  3.000000000000000E-002
  3.000000000000000E-002
  3.000000000000000E-002
  3.000000000000000E-002
  3.000000000000000E-002
  3.000000000000000E-002
  3.000000000000000E-002
  3.000000000000000E-002
  3.000000000000000E-002
  3.000000000000000E-002
  3.000000000000000E-002
  3.000000000000000E-002
  3.000000000000000E-002
  3.000000000000000E-002
  3.000000000000000E-002
  3.000000000000000E-002
  3.000000000000000E-002
  3.000000000000000E-002
  3.000000000000000E-002
  3.000000000000000E-002
  3.000000000000000E-002
  3.000000000000000E-002
  3.000000000000000E-002
  3.000000000000000E-002
  3.000000000000000E-002
  3.000000000000000E-002
  3.000000000000000E-002
  3.000000000000000E-002
  3.000000000000000E-002
  3.000000000000000E-002
  3.000000000000000E-002
  3.000000000000000E-002
  3.000000000000000E-002
  3.000000000000000E-002
  3.000000000000000E-002
  3.000000000000000E-002
  3.000000000000000E-002
  3.000000000000000E-002
  3.000000000000000E-002
  3.000000000000000E-002
  3.000000000000000E-002
  3.000000000000000E-002
  3.000000000000000E-002
  3.000000000000000E-002
  3.000000000000000E-002
  3.000000000000000E-002
  3.000000000000000E-002
  3.000000000000000E-002
  3.000000000000000E-002
  3.000000000000000E-002
  3.000000000000000E-002
  3.000000000000000E-002
  3.000000000000000E-002
  3.000000000000000E-002
  3.000000000000000E-002
  3.000000000000000E-002
  3.000000000000000E-002
  3.000000000000000E-002
