           3
 2 1 2
   9   2   3
  0.000000000  0.000000000  0.000000000  0.250000000  0.250000000  0.500000000  0.500000000  0.750000000  0.750000000  1.000000000  1.000000000  1.000000000
  0.000000000  0.000000000  1.000000000  1.000000000
  0.281183932  0.281183932  0.281183932  0.282452431  0.282452431  0.282452431
 -0.168035986960E+02 -0.377875819800E+01  0.580812421220E+02  0.100000000000E+01
 -0.168035986960E+02 -0.377875819800E+01  0.580812421220E+02  0.707106647762E+00
 -0.168035986960E+02 -0.377875819800E+01  0.580812421220E+02  0.100000000000E+01
 -0.168035986960E+02 -0.377875819800E+01  0.580812421220E+02  0.707107019866E+00
 -0.168035986960E+02 -0.377875819800E+01  0.580812421220E+02  0.100000000000E+01
 -0.168035986960E+02 -0.377875819800E+01  0.580812421220E+02  0.707106839778E+00
 -0.168035986960E+02 -0.377875819800E+01  0.580812421220E+02  0.100000000000E+01
 -0.168035986960E+02 -0.377875819800E+01  0.580812421220E+02  0.707106721150E+00
 -0.168035986960E+02 -0.377875819800E+01  0.580812421220E+02  0.100000000000E+01
 -0.190785878670E+02 -0.418306669700E+01  0.587329630790E+02  0.100000000000E+01
 -0.182960662720E+02 -0.588068667400E+01  0.579052578460E+02  0.707106647762E+00
 -0.167453652560E+02 -0.454428855500E+01  0.578096063550E+02  0.100000000000E+01
 -0.162562305710E+02 -0.416827457100E+01  0.577644758680E+02  0.707107019866E+00
 -0.159607270530E+02 -0.362896417600E+01  0.578397825910E+02  0.100000000000E+01
 -0.157008791480E+02 -0.214209361000E+01  0.568998151620E+02  0.707106839778E+00
 -0.174962901160E+02 -0.169670395300E+01  0.569548792970E+02  0.100000000000E+01
 -0.203288841800E+02 -0.187310676400E+01  0.575698835490E+02  0.707106721150E+00
 -0.190785878670E+02 -0.418306669700E+01  0.587329630790E+02  0.100000000000E+01
 -0.169432525850E+02 -0.413790489000E+01  0.573414218920E+02  0.100000000000E+01
 -0.169432525850E+02 -0.413790489000E+01  0.573414218920E+02  0.707106991112E+00
 -0.169432525850E+02 -0.413790489000E+01  0.573414218920E+02  0.100000000000E+01
 -0.169432525850E+02 -0.413790489000E+01  0.573414218920E+02  0.707106978338E+00
 -0.169432525850E+02 -0.413790489000E+01  0.573414218920E+02  0.100000000000E+01
 -0.169432525850E+02 -0.413790489000E+01  0.573414218920E+02  0.707106438530E+00
 -0.169432525850E+02 -0.413790489000E+01  0.573414218920E+02  0.100000000000E+01
 -0.169432525850E+02 -0.413790489000E+01  0.573414218920E+02  0.707106716767E+00
 -0.169432525850E+02 -0.413790489000E+01  0.573414218920E+02  0.100000000000E+01
 -0.195701007520E+02 -0.394518550900E+01  0.579101684850E+02  0.100000000000E+01
 -0.186013488860E+02 -0.591328711300E+01  0.584173199660E+02  0.707106991112E+00
 -0.169391477310E+02 -0.464901313200E+01  0.575335710270E+02  0.100000000000E+01
 -0.166578447760E+02 -0.437193664400E+01  0.573601575070E+02  0.707106978338E+00
 -0.163028007480E+02 -0.418489207300E+01  0.572027572150E+02  0.100000000000E+01
 -0.158957344790E+02 -0.307232464200E+01  0.566828905830E+02  0.707106438530E+00
 -0.169585774420E+02 -0.222974713500E+01  0.566240618940E+02  0.100000000000E+01
 -0.196943490180E+02 -0.114400276600E+01  0.568819311750E+02  0.707106716767E+00
 -0.195701007520E+02 -0.394518550900E+01  0.579101684850E+02  0.100000000000E+01
 -0.171274538420E+02 -0.446834369000E+01  0.565971506210E+02  0.100000000000E+01
 -0.171274538420E+02 -0.446834369000E+01  0.565971506210E+02  0.707106772675E+00
 -0.171274538420E+02 -0.446834369000E+01  0.565971506210E+02  0.100000000000E+01
 -0.171274538420E+02 -0.446834369000E+01  0.565971506210E+02  0.707105800585E+00
 -0.171274538420E+02 -0.446834369000E+01  0.565971506210E+02  0.100000000000E+01
 -0.171274538420E+02 -0.446834369000E+01  0.565971506210E+02  0.707106710127E+00
 -0.171274538420E+02 -0.446834369000E+01  0.565971506210E+02  0.100000000000E+01
 -0.171274538420E+02 -0.446834369000E+01  0.565971506210E+02  0.707106848973E+00
 -0.171274538420E+02 -0.446834369000E+01  0.565971506210E+02  0.100000000000E+01
 -0.196310941780E+02 -0.407028423100E+01  0.577694021190E+02  0.100000000000E+01
 -0.187268988730E+02 -0.601187057700E+01  0.580276605240E+02  0.707106772675E+00
 -0.171179312570E+02 -0.510958690200E+01  0.568352343500E+02  0.100000000000E+01
 -0.167968537930E+02 -0.456586294500E+01  0.568707270570E+02  0.707105800585E+00
 -0.162992390310E+02 -0.426191926400E+01  0.571199902850E+02  0.100000000000E+01
 -0.158984943770E+02 -0.282699728800E+01  0.568915904220E+02  0.707106710127E+00
 -0.171553440240E+02 -0.259046228300E+01  0.558999159660E+02  0.100000000000E+01
 -0.197865610140E+02 -0.116929662700E+01  0.567516962260E+02  0.707106848973E+00
 -0.196310941780E+02 -0.407028423100E+01  0.577694021190E+02  0.100000000000E+01
           1
           2
           3
           4
           5
           6
           7
           8
           9
          10
          11
          12
          13
          14
          15
          16
          17
          18
          19
          20
          21
          22
          23
          24
          25
          26
          27
          28
          29
          30
          31
          32
          33
          34
          35
          36
          37
          38
          39
          40
          41
          42
          43
          44
          45
          46
          47
          48
          49
          50
          51
          52
          53
          54
 1 0 0
 0 0 0
 0 0 0
 0 0 0
 0 0 0
 0 0 0
 0 0 0
 0 0 0
 0 0 0
 0 0 0
 0 0 0
 0 0 0
 0 0 0
 0 0 0
 0 0 0
 0 0 0
 0 0 0
 0 0 0
 0 0 0
 0 0 0
 0 0 0
 0 0 0
 0 0 0
 0 0 0
 0 0 0
 0 0 0
 0 0 0
 0 0 0
 0 0 0
 0 0 0
 0 0 0
 0 0 0
 0 0 0
 0 0 0
 0 0 0
 0 0 0
 0 0 0
 0 0 0
 0 0 0
 0 0 0
 0 0 0
 0 0 0
 0 0 0
 0 0 0
 0 0 0
 0 0 0
 0 0 0
 0 0 0
 0 0 0
 0 0 0
 0 0 0
 0 0 0
 0 0 0
 0 0 0
 0 0 0
  0.000000000  0.000000000  0.000000000
  0.000000000  0.000000000  0.000000000
  0.000000000  0.000000000  0.000000000
  0.000000000  0.000000000  0.000000000
  0.000000000  0.000000000  0.000000000
  0.000000000  0.000000000  0.000000000
  0.000000000  0.000000000  0.000000000
  0.000000000  0.000000000  0.000000000
  0.000000000  0.000000000  0.000000000
  0.000000000  0.000000000  0.000000000
  0.000000000  0.000000000  0.000000000
  0.000000000  0.000000000  0.000000000
  0.000000000  0.000000000  0.000000000
  0.000000000  0.000000000  0.000000000
  0.000000000  0.000000000  0.000000000
  0.000000000  0.000000000  0.000000000
  0.000000000  0.000000000  0.000000000
  0.000000000  0.000000000  0.000000000
  0.000000000  0.000000000  0.000000000
  0.000000000  0.000000000  0.000000000
  0.000000000  0.000000000  0.000000000
  0.000000000  0.000000000  0.000000000
  0.000000000  0.000000000  0.000000000
  0.000000000  0.000000000  0.000000000
  0.000000000  0.000000000  0.000000000
  0.000000000  0.000000000  0.000000000
  0.000000000  0.000000000  0.000000000
  0.000000000  0.000000000  0.000000000
  0.000000000  0.000000000  0.000000000
  0.000000000  0.000000000  0.000000000
  0.000000000  0.000000000  0.000000000
  0.000000000  0.000000000  0.000000000
  0.000000000  0.000000000  0.000000000
  0.000000000  0.000000000  0.000000000
  0.000000000  0.000000000  0.000000000
  0.000000000  0.000000000  0.000000000
  0.000000000  0.000000000  0.000000000
  0.000000000  0.000000000  0.000000000
  0.000000000  0.000000000  0.000000000
  0.000000000  0.000000000  0.000000000
  0.000000000  0.000000000  0.000000000
  0.000000000  0.000000000  0.000000000
  0.000000000  0.000000000  0.000000000
  0.000000000  0.000000000  0.000000000
  0.000000000  0.000000000  0.000000000
  0.000000000  0.000000000  0.000000000
  0.000000000  0.000000000  0.000000000
  0.000000000  0.000000000  0.000000000
  0.000000000  0.000000000  0.000000000
  0.000000000  0.000000000  0.000000000
  0.000000000  0.000000000  0.000000000
  0.000000000  0.000000000  0.000000000
  0.000000000  0.000000000  0.000000000
  0.000000000  0.000000000  0.000000000
 0 0 0
 0 0 0
 0 0 0
 0 0 0
 0 0 0
 0 0 0
 0 0 0
 0 0 0
 0 0 0
 0 0 0
 0 0 0
 0 0 0
 0 0 0
 0 0 0
 0 0 0
 0 0 0
 0 0 0
 0 0 0
 0 0 0
 0 0 0
 0 0 0
 0 0 0
 0 0 0
 0 0 0
 0 0 0
 0 0 0
 0 0 0
 0 0 0
  0.000000000  0.000000000  0.000000000
  0.000000000  0.000000000  0.000000000
  0.000000000  0.000000000  0.000000000
  0.000000000  0.000000000  0.000000000
  0.000000000  0.000000000  0.000000000
  0.000000000  0.000000000  0.000000000
  0.000000000  0.000000000  0.000000000
  0.000000000  0.000000000  0.000000000
  0.000000000  0.000000000  0.000000000
  0.000000000  0.000000000  0.000000000
  0.000000000  0.000000000  0.000000000
  0.000000000  0.000000000  0.000000000
  0.000000000  0.000000000  0.000000000
  0.000000000  0.000000000  0.000000000
  0.000000000  0.000000000  0.000000000
  0.000000000  0.000000000  0.000000000
  0.000000000  0.000000000  0.000000000
  0.000000000  0.000000000  0.000000000
  0.000000000  0.000000000  0.000000000
  0.000000000  0.000000000  0.000000000
  0.000000000  0.000000000  0.000000000
  0.000000000  0.000000000  0.000000000
  0.000000000  0.000000000  0.000000000
  0.000000000  0.000000000  0.000000000
  0.000000000  0.000000000  0.000000000
  0.000000000  0.000000000  0.000000000
  0.000000000  0.000000000  0.000000000
  0.000000000  0.000000000  0.000000000
  0.000000000  0.000000000  0.000000000
  0.000000000  0.000000000  0.000000000
  0.000000000  0.000000000  0.000000000
  0.000000000  0.000000000  0.000000000
  0.000000000  0.000000000  0.000000000
  0.000000000  0.000000000  0.000000000
  0.000000000  0.000000000  0.000000000
   1.06000000000000     
   1.06000000000000     
   1.06000000000000     
   1.06000000000000     
   1.06000000000000     
   1.06000000000000     
   1.06000000000000     
  3.000000000000000E-002
  3.000000000000000E-002
  3.000000000000000E-002
  3.000000000000000E-002
  3.000000000000000E-002
  3.000000000000000E-002
  3.000000000000000E-002
