           3
 2 1 2
   9   2  16
  0.000000000  0.000000000  0.000000000  0.250000000  0.250000000  0.500000000  0.500000000  0.750000000  0.750000000  1.000000000  1.000000000  1.000000000
  0.000000000  0.000000000  1.000000000  1.000000000
  0.312473573  0.312473573  0.312473573  0.312956811  0.313440048  0.313923286  0.314406524  0.314889762  0.315372999  0.315856237  0.316339475  0.316822712  0.317305950  0.317789188  0.318272426  0.318755663  0.319238901  0.319238901  0.319238901
 -0.190382777730E+02 -0.984587017000E+01  0.441299644500E+02  0.100000000000E+01
 -0.190382777730E+02 -0.984587017000E+01  0.441299644500E+02  0.707106039741E+00
 -0.190382777730E+02 -0.984587017000E+01  0.441299644500E+02  0.100000000000E+01
 -0.190382777730E+02 -0.984587017000E+01  0.441299644500E+02  0.707107175667E+00
 -0.190382777730E+02 -0.984587017000E+01  0.441299644500E+02  0.100000000000E+01
 -0.190382777730E+02 -0.984587017000E+01  0.441299644500E+02  0.707107367412E+00
 -0.190382777730E+02 -0.984587017000E+01  0.441299644500E+02  0.100000000000E+01
 -0.190382777730E+02 -0.984587017000E+01  0.441299644500E+02  0.707106489613E+00
 -0.190382777730E+02 -0.984587017000E+01  0.441299644500E+02  0.100000000000E+01
 -0.186723445190E+02 -0.103206378310E+02  0.448649855520E+02  0.100000000000E+01
 -0.181614332220E+02 -0.982602686000E+01  0.446401178920E+02  0.707106039741E+00
 -0.183052530010E+02 -0.937717267600E+01  0.440677656070E+02  0.100000000000E+01
 -0.186356823720E+02 -0.897905593200E+01  0.434371189940E+02  0.707107175667E+00
 -0.194046722810E+02 -0.937050576300E+01  0.433940171810E+02  0.100000000000E+01
 -0.188735028050E+02 -0.998374668800E+01  0.427397582290E+02  0.707107367412E+00
 -0.184499412210E+02 -0.105248130560E+02  0.433985120610E+02  0.100000000000E+01
 -0.182630868760E+02 -0.107875427720E+02  0.442341895080E+02  0.707106489613E+00
 -0.186723445190E+02 -0.103206378310E+02  0.448649855520E+02  0.100000000000E+01
 -0.187644195470E+02 -0.982752286400E+01  0.440103842010E+02  0.100000000000E+01
 -0.187644195470E+02 -0.982752286400E+01  0.440103842010E+02  0.707106591367E+00
 -0.187644195470E+02 -0.982752286400E+01  0.440103842010E+02  0.100000000000E+01
 -0.187644195470E+02 -0.982752286400E+01  0.440103842010E+02  0.707106815267E+00
 -0.187644195470E+02 -0.982752286400E+01  0.440103842010E+02  0.100000000000E+01
 -0.187644195470E+02 -0.982752286400E+01  0.440103842010E+02  0.707107102832E+00
 -0.187644195470E+02 -0.982752286400E+01  0.440103842010E+02  0.100000000000E+01
 -0.187644195470E+02 -0.982752286400E+01  0.440103842010E+02  0.707106956678E+00
 -0.187644195470E+02 -0.982752286400E+01  0.440103842010E+02  0.100000000000E+01
 -0.184747238650E+02 -0.102390308180E+02  0.446563890470E+02  0.100000000000E+01
 -0.182061807860E+02 -0.982803825100E+01  0.444022857860E+02  0.707106591367E+00
 -0.182252604050E+02 -0.946579888100E+01  0.439990219570E+02  0.100000000000E+01
 -0.184228368490E+02 -0.908672951200E+01  0.434525098970E+02  0.707106815267E+00
 -0.190630773290E+02 -0.940328509900E+01  0.433443932010E+02  0.100000000000E+01
 -0.186533711350E+02 -0.100107098850E+02  0.426970284310E+02  0.707107102832E+00
 -0.183370944420E+02 -0.104597516430E+02  0.434160217620E+02  0.100000000000E+01
 -0.182749689040E+02 -0.105393710740E+02  0.440839415580E+02  0.707106956678E+00
 -0.184747238650E+02 -0.102390308180E+02  0.446563890470E+02  0.100000000000E+01
 -0.184871291350E+02 -0.982782976700E+01  0.438976469410E+02  0.100000000000E+01
 -0.184871291350E+02 -0.982782976700E+01  0.438976469410E+02  0.707107237627E+00
 -0.184871291350E+02 -0.982782976700E+01  0.438976469410E+02  0.100000000000E+01
 -0.184871291350E+02 -0.982782976700E+01  0.438976469410E+02  0.707106548505E+00
 -0.184871291350E+02 -0.982782976700E+01  0.438976469410E+02  0.100000000000E+01
 -0.184871291350E+02 -0.982782976700E+01  0.438976469410E+02  0.707106170418E+00
 -0.184871291350E+02 -0.982782976700E+01  0.438976469410E+02  0.100000000000E+01
 -0.184871291350E+02 -0.982782976700E+01  0.438976469410E+02  0.707106495953E+00
 -0.184871291350E+02 -0.982782976700E+01  0.438976469410E+02  0.100000000000E+01
 -0.183224174170E+02 -0.101127956100E+02  0.443598720120E+02  0.100000000000E+01
 -0.181433984220E+02 -0.981387082700E+01  0.441610150450E+02  0.707107237627E+00
 -0.180574844900E+02 -0.954376883800E+01  0.439196719950E+02  0.100000000000E+01
 -0.181552762000E+02 -0.919357548600E+01  0.434367035620E+02  0.707106548505E+00
 -0.187085061830E+02 -0.944482720600E+01  0.432764062920E+02  0.100000000000E+01
 -0.184189195870E+02 -0.100465304170E+02  0.426848455060E+02  0.707106170418E+00
 -0.181944200080E+02 -0.104271168540E+02  0.434238748300E+02  0.100000000000E+01
 -0.182028777750E+02 -0.103746221310E+02  0.439281507760E+02  0.707106495953E+00
 -0.183224174170E+02 -0.101127956100E+02  0.443598720120E+02  0.100000000000E+01
 -0.182068768180E+02 -0.986038411300E+01  0.437982925700E+02  0.100000000000E+01
 -0.182068768180E+02 -0.986038411300E+01  0.437982925700E+02  0.707107908235E+00
 -0.182068768180E+02 -0.986038411300E+01  0.437982925700E+02  0.100000000000E+01
 -0.182068768180E+02 -0.986038411300E+01  0.437982925700E+02  0.707106063091E+00
 -0.182068768180E+02 -0.986038411300E+01  0.437982925700E+02  0.100000000000E+01
 -0.182068768180E+02 -0.986038411300E+01  0.437982925700E+02  0.707105804546E+00
 -0.182068768180E+02 -0.986038411300E+01  0.437982925700E+02  0.100000000000E+01
 -0.182068768180E+02 -0.986038411300E+01  0.437982925700E+02  0.707106522811E+00
 -0.182068768180E+02 -0.986038411300E+01  0.437982925700E+02  0.100000000000E+01
 -0.181468372290E+02 -0.100299675410E+02  0.440959703810E+02  0.100000000000E+01
 -0.178149603970E+02 -0.983347141300E+01  0.441335265820E+02  0.707107908235E+00
 -0.177646342740E+02 -0.960353640800E+01  0.438554201880E+02  0.100000000000E+01
 -0.178217226010E+02 -0.930715861300E+01  0.433807576230E+02  0.707106063091E+00
 -0.183297464300E+02 -0.951333470400E+01  0.431891052870E+02  0.100000000000E+01
 -0.181713439290E+02 -0.100831898550E+02  0.428111656840E+02  0.707105804546E+00
 -0.180373030670E+02 -0.104678690380E+02  0.434180132970E+02  0.100000000000E+01
 -0.180350571060E+02 -0.104285202790E+02  0.438632643990E+02  0.707106522811E+00
 -0.181468372290E+02 -0.100299675410E+02  0.440959703810E+02  0.100000000000E+01
 -0.179312259790E+02 -0.995039915900E+01  0.437277246480E+02  0.100000000000E+01
 -0.179312259790E+02 -0.995039915900E+01  0.437277246480E+02  0.707107047470E+00
 -0.179312259790E+02 -0.995039915900E+01  0.437277246480E+02  0.100000000000E+01
 -0.179312259790E+02 -0.995039915900E+01  0.437277246480E+02  0.707105745253E+00
 -0.179312259790E+02 -0.995039915900E+01  0.437277246480E+02  0.100000000000E+01
 -0.179312259790E+02 -0.995039915900E+01  0.437277246480E+02  0.707105930504E+00
 -0.179312259790E+02 -0.995039915900E+01  0.437277246480E+02  0.100000000000E+01
 -0.179312259790E+02 -0.995039915900E+01  0.437277246480E+02  0.707107113818E+00
 -0.179312259790E+02 -0.995039915900E+01  0.437277246480E+02  0.100000000000E+01
 -0.179427261170E+02 -0.100885450610E+02  0.440280007830E+02  0.100000000000E+01
 -0.175224171810E+02 -0.997589974000E+01  0.442566560320E+02  0.707107047470E+00
 -0.174306563070E+02 -0.974611265700E+01  0.438408808300E+02  0.100000000000E+01
 -0.175443243520E+02 -0.962120247300E+01  0.434264185410E+02  0.707105745253E+00
 -0.179083956700E+02 -0.967612410800E+01  0.431315582470E+02  0.100000000000E+01
 -0.179026294690E+02 -0.102226946790E+02  0.429899318430E+02  0.707105930504E+00
 -0.179204112860E+02 -0.105423672330E+02  0.434557969760E+02  0.100000000000E+01
 -0.179366696840E+02 -0.105032762950E+02  0.438769351460E+02  0.707107113818E+00
 -0.179427261170E+02 -0.100885450610E+02  0.440280007830E+02  0.100000000000E+01
 -0.176800872190E+02 -0.101099564190E+02  0.437020758500E+02  0.100000000000E+01
 -0.176800872190E+02 -0.101099564190E+02  0.437020758500E+02  0.707106374427E+00
 -0.176800872190E+02 -0.101099564190E+02  0.437020758500E+02  0.100000000000E+01
 -0.176800872190E+02 -0.101099564190E+02  0.437020758500E+02  0.707105878488E+00
 -0.176800872190E+02 -0.101099564190E+02  0.437020758500E+02  0.100000000000E+01
 -0.176800872190E+02 -0.101099564190E+02  0.437020758500E+02  0.707106860378E+00
 -0.176800872190E+02 -0.101099564190E+02  0.437020758500E+02  0.100000000000E+01
 -0.176800872190E+02 -0.101099564190E+02  0.437020758500E+02  0.707107374442E+00
 -0.176800872190E+02 -0.101099564190E+02  0.437020758500E+02  0.100000000000E+01
 -0.177642889510E+02 -0.102385032250E+02  0.440827086250E+02  0.100000000000E+01
 -0.172759176860E+02 -0.101352507280E+02  0.444330381920E+02  0.707106374427E+00
 -0.172134060320E+02 -0.996540876900E+01  0.438541286030E+02  0.100000000000E+01
 -0.172927221220E+02 -0.990867931700E+01  0.435045277250E+02  0.707105878488E+00
 -0.175877236400E+02 -0.996894739900E+01  0.432845401320E+02  0.100000000000E+01
 -0.176783595860E+02 -0.104300951230E+02  0.430863178870E+02  0.707106860378E+00
 -0.177898082260E+02 -0.106506341410E+02  0.434952079910E+02  0.100000000000E+01
 -0.178341896020E+02 -0.106115053080E+02  0.438971497180E+02  0.707107374442E+00
 -0.177642889510E+02 -0.102385032250E+02  0.440827086250E+02  0.100000000000E+01
 -0.174446192370E+02 -0.102948690290E+02  0.437006267260E+02  0.100000000000E+01
 -0.174446192370E+02 -0.102948690290E+02  0.437006267260E+02  0.707106071768E+00
 -0.174446192370E+02 -0.102948690290E+02  0.437006267260E+02  0.100000000000E+01
 -0.174446192370E+02 -0.102948690290E+02  0.437006267260E+02  0.707105719059E+00
 -0.174446192370E+02 -0.102948690290E+02  0.437006267260E+02  0.100000000000E+01
 -0.174446192370E+02 -0.102948690290E+02  0.437006267260E+02  0.707107508432E+00
 -0.174446192370E+02 -0.102948690290E+02  0.437006267260E+02  0.100000000000E+01
 -0.174446192370E+02 -0.102948690290E+02  0.437006267260E+02  0.707107242608E+00
 -0.174446192370E+02 -0.102948690290E+02  0.437006267260E+02  0.100000000000E+01
 -0.175640718830E+02 -0.104382379530E+02  0.441644418820E+02  0.100000000000E+01
 -0.169829526660E+02 -0.102560911490E+02  0.446404722480E+02  0.707106071768E+00
 -0.170266245340E+02 -0.101292346030E+02  0.438594764820E+02  0.100000000000E+01
 -0.171185478800E+02 -0.101164921860E+02  0.435638368320E+02  0.707105719059E+00
 -0.173626757830E+02 -0.101965180780E+02  0.433824472990E+02  0.100000000000E+01
 -0.174566665000E+02 -0.105780445540E+02  0.431587059780E+02  0.707107508432E+00
 -0.175906574860E+02 -0.108202817850E+02  0.435006070920E+02  0.100000000000E+01
 -0.176656862010E+02 -0.108426519610E+02  0.439402067650E+02  0.707107242608E+00
 -0.175640718830E+02 -0.104382379530E+02  0.441644418820E+02  0.100000000000E+01
 -0.172051159030E+02 -0.104744425850E+02  0.437049694450E+02  0.100000000000E+01
 -0.172051159030E+02 -0.104744425850E+02  0.437049694450E+02  0.707108352236E+00
 -0.172051159030E+02 -0.104744425850E+02  0.437049694450E+02  0.100000000000E+01
 -0.172051159030E+02 -0.104744425850E+02  0.437049694450E+02  0.707105880385E+00
 -0.172051159030E+02 -0.104744425850E+02  0.437049694450E+02  0.100000000000E+01
 -0.172051159030E+02 -0.104744425850E+02  0.437049694450E+02  0.707105024386E+00
 -0.172051159030E+02 -0.104744425850E+02  0.437049694450E+02  0.100000000000E+01
 -0.172051159030E+02 -0.104744425850E+02  0.437049694450E+02  0.707107403582E+00
 -0.172051159030E+02 -0.104744425850E+02  0.437049694450E+02  0.100000000000E+01
 -0.173300512820E+02 -0.106420229500E+02  0.442257189080E+02  0.100000000000E+01
 -0.167715033510E+02 -0.103414340720E+02  0.445992325040E+02  0.707108352236E+00
 -0.168422031780E+02 -0.102645134520E+02  0.438595961120E+02  0.100000000000E+01
 -0.169271976010E+02 -0.102743235140E+02  0.435863786110E+02  0.707105880385E+00
 -0.171384932420E+02 -0.103850782820E+02  0.434272765760E+02  0.100000000000E+01
 -0.172230392370E+02 -0.107351207700E+02  0.431815645720E+02  0.707105024386E+00
 -0.173484814700E+02 -0.109813084060E+02  0.435074625010E+02  0.100000000000E+01
 -0.174300639790E+02 -0.110466078050E+02  0.439590529650E+02  0.707107403582E+00
 -0.173300512820E+02 -0.106420229500E+02  0.442257189080E+02  0.100000000000E+01
 -0.169508624170E+02 -0.106322730730E+02  0.437058549460E+02  0.100000000000E+01
 -0.169508624170E+02 -0.106322730730E+02  0.437058549460E+02  0.707108009821E+00
 -0.169508624170E+02 -0.106322730730E+02  0.437058549460E+02  0.100000000000E+01
 -0.169508624170E+02 -0.106322730730E+02  0.437058549460E+02  0.707106157262E+00
 -0.169508624170E+02 -0.106322730730E+02  0.437058549460E+02  0.100000000000E+01
 -0.169508624170E+02 -0.106322730730E+02  0.437058549460E+02  0.707105277002E+00
 -0.169508624170E+02 -0.106322730730E+02  0.437058549460E+02  0.100000000000E+01
 -0.169508624170E+02 -0.106322730730E+02  0.437058549460E+02  0.707107088798E+00
 -0.169508624170E+02 -0.106322730730E+02  0.437058549460E+02  0.100000000000E+01
 -0.170448470610E+02 -0.108172528740E+02  0.442232574650E+02  0.100000000000E+01
 -0.166443591950E+02 -0.104687585000E+02  0.444193942230E+02  0.707108009821E+00
 -0.166371908930E+02 -0.103594854200E+02  0.438603601300E+02  0.100000000000E+01
 -0.166971135160E+02 -0.103635897760E+02  0.435687349840E+02  0.707106157262E+00
 -0.168974885230E+02 -0.105272210940E+02  0.434120201370E+02  0.100000000000E+01
 -0.169715322560E+02 -0.108688985670E+02  0.431707696010E+02  0.707105277002E+00
 -0.170687374770E+02 -0.111192759870E+02  0.435103323440E+02  0.100000000000E+01
 -0.171405325570E+02 -0.112441026170E+02  0.439601537670E+02  0.707107088798E+00
 -0.170448470610E+02 -0.108172528740E+02  0.442232574650E+02  0.100000000000E+01
 -0.166788897130E+02 -0.107566249380E+02  0.436972841410E+02  0.100000000000E+01
 -0.166788897130E+02 -0.107566249380E+02  0.436972841410E+02  0.707107163404E+00
 -0.166788897130E+02 -0.107566249380E+02  0.436972841410E+02  0.100000000000E+01
 -0.166788897130E+02 -0.107566249380E+02  0.436972841410E+02  0.707105974427E+00
 -0.166788897130E+02 -0.107566249380E+02  0.436972841410E+02  0.100000000000E+01
 -0.166788897130E+02 -0.107566249380E+02  0.436972841410E+02  0.707106445233E+00
 -0.166788897130E+02 -0.107566249380E+02  0.436972841410E+02  0.100000000000E+01
 -0.166788897130E+02 -0.107566249380E+02  0.436972841410E+02  0.707107254223E+00
 -0.166788897130E+02 -0.107566249380E+02  0.436972841410E+02  0.100000000000E+01
 -0.167271063620E+02 -0.109479135720E+02  0.441802492190E+02  0.100000000000E+01
 -0.164596193680E+02 -0.105771343940E+02  0.442824405050E+02  0.707107163404E+00
 -0.164321194340E+02 -0.104294419340E+02  0.438515086930E+02  0.100000000000E+01
 -0.164556514360E+02 -0.103823742320E+02  0.435214840330E+02  0.707105974427E+00
 -0.166474396460E+02 -0.106318511360E+02  0.433822555120E+02  0.100000000000E+01
 -0.167086378790E+02 -0.109720931730E+02  0.431723287510E+02  0.707106445233E+00
 -0.167605374230E+02 -0.111991101860E+02  0.435138778400E+02  0.100000000000E+01
 -0.168142709960E+02 -0.114214671350E+02  0.439745893220E+02  0.707107254223E+00
 -0.167271063620E+02 -0.109479135720E+02  0.441802492190E+02  0.100000000000E+01
 -0.163941014310E+02 -0.108469422530E+02  0.436795666510E+02  0.100000000000E+01
 -0.163941014310E+02 -0.108469422530E+02  0.436795666510E+02  0.707105499206E+00
 -0.163941014310E+02 -0.108469422530E+02  0.436795666510E+02  0.100000000000E+01
 -0.163941014310E+02 -0.108469422530E+02  0.436795666510E+02  0.707107312629E+00
 -0.163941014310E+02 -0.108469422530E+02  0.436795666510E+02  0.100000000000E+01
 -0.163941014310E+02 -0.108469422530E+02  0.436795666510E+02  0.707108046016E+00
 -0.163941014310E+02 -0.108469422530E+02  0.436795666510E+02  0.100000000000E+01
 -0.163941014310E+02 -0.108469422530E+02  0.436795666510E+02  0.707105963585E+00
 -0.163941014310E+02 -0.108469422530E+02  0.436795666510E+02  0.100000000000E+01
 -0.164116700130E+02 -0.110293284750E+02  0.441170423840E+02  0.100000000000E+01
 -0.162428892340E+02 -0.106721577230E+02  0.441953360270E+02  0.707105499206E+00
 -0.162169040480E+02 -0.104952679800E+02  0.438332961420E+02  0.100000000000E+01
 -0.162132532780E+02 -0.103634584710E+02  0.434541954730E+02  0.707107312629E+00
 -0.163805421880E+02 -0.107061660420E+02  0.433418968840E+02  0.100000000000E+01
 -0.164266949370E+02 -0.110084043650E+02  0.432901381080E+02  0.707108046016E+00
 -0.164528015770E+02 -0.112179132620E+02  0.435225482830E+02  0.100000000000E+01
 -0.164766202800E+02 -0.114368901130E+02  0.439235232570E+02  0.707105963585E+00
 -0.164116700130E+02 -0.110293284750E+02  0.441170423840E+02  0.100000000000E+01
 -0.161033618450E+02 -0.109148914960E+02  0.436575717610E+02  0.100000000000E+01
 -0.161033618450E+02 -0.109148914960E+02  0.436575717610E+02  0.707104974296E+00
 -0.161033618450E+02 -0.109148914960E+02  0.436575717610E+02  0.100000000000E+01
 -0.161033618450E+02 -0.109148914960E+02  0.436575717610E+02  0.707108093165E+00
 -0.161033618450E+02 -0.109148914960E+02  0.436575717610E+02  0.100000000000E+01
 -0.161033618450E+02 -0.109148914960E+02  0.436575717610E+02  0.707108983566E+00
 -0.161033618450E+02 -0.109148914960E+02  0.436575717610E+02  0.100000000000E+01
 -0.161033618450E+02 -0.109148914960E+02  0.436575717610E+02  0.707105274060E+00
 -0.161033618450E+02 -0.109148914960E+02  0.436575717610E+02  0.100000000000E+01
 -0.161069020630E+02 -0.110754264280E+02  0.440351187260E+02  0.100000000000E+01
 -0.159944463760E+02 -0.107344228450E+02  0.441589574290E+02  0.707104974296E+00
 -0.159857428840E+02 -0.105660507230E+02  0.438070013650E+02  0.100000000000E+01
 -0.159850066350E+02 -0.104134382920E+02  0.434248823640E+02  0.707108093165E+00
 -0.161001926090E+02 -0.107712374830E+02  0.433197230580E+02  0.100000000000E+01
 -0.161434960420E+02 -0.110521834620E+02  0.432909317260E+02  0.707108983566E+00
 -0.161565842640E+02 -0.112250699370E+02  0.435251816330E+02  0.100000000000E+01
 -0.161642412190E+02 -0.113965895770E+02  0.438565795200E+02  0.707105274060E+00
 -0.161069020630E+02 -0.110754264280E+02  0.440351187260E+02  0.100000000000E+01
 -0.158100806230E+02 -0.109704667430E+02  0.436342171450E+02  0.100000000000E+01
 -0.158100806230E+02 -0.109704667430E+02  0.436342171450E+02  0.707105842048E+00
 -0.158100806230E+02 -0.109704667430E+02  0.436342171450E+02  0.100000000000E+01
 -0.158100806230E+02 -0.109704667430E+02  0.436342171450E+02  0.707107341553E+00
 -0.158100806230E+02 -0.109704667430E+02  0.436342171450E+02  0.100000000000E+01
 -0.158100806230E+02 -0.109704667430E+02  0.436342171450E+02  0.707107936223E+00
 -0.158100806230E+02 -0.109704667430E+02  0.436342171450E+02  0.100000000000E+01
 -0.158100806230E+02 -0.109704667430E+02  0.436342171450E+02  0.707106004920E+00
 -0.158100806230E+02 -0.109704667430E+02  0.436342171450E+02  0.100000000000E+01
 -0.158084737190E+02 -0.111110288590E+02  0.439623073840E+02  0.100000000000E+01
 -0.157400260270E+02 -0.107872243020E+02  0.441079442480E+02  0.707105842048E+00
 -0.157357921970E+02 -0.106160297920E+02  0.437857018750E+02  0.100000000000E+01
 -0.157432111620E+02 -0.105014716860E+02  0.434419764160E+02  0.707107341553E+00
 -0.158117487270E+02 -0.108245341220E+02  0.432935903250E+02  0.100000000000E+01
 -0.158592783530E+02 -0.110923404080E+02  0.432865967920E+02  0.707107936223E+00
 -0.158664248630E+02 -0.112392907740E+02  0.435193214130E+02  0.100000000000E+01
 -0.158638692620E+02 -0.113515203320E+02  0.437971810890E+02  0.707106004920E+00
 -0.158084737190E+02 -0.111110288590E+02  0.439623073840E+02  0.100000000000E+01
 -0.155156133540E+02 -0.110193699830E+02  0.436107585000E+02  0.100000000000E+01
 -0.155156133540E+02 -0.110193699830E+02  0.436107585000E+02  0.707108220534E+00
 -0.155156133540E+02 -0.110193699830E+02  0.436107585000E+02  0.100000000000E+01
 -0.155156133540E+02 -0.110193699830E+02  0.436107585000E+02  0.707106058140E+00
 -0.155156133540E+02 -0.110193699830E+02  0.436107585000E+02  0.100000000000E+01
 -0.155156133540E+02 -0.110193699830E+02  0.436107585000E+02  0.707104979390E+00
 -0.155156133540E+02 -0.110193699830E+02  0.436107585000E+02  0.100000000000E+01
 -0.155156133540E+02 -0.110193699830E+02  0.436107585000E+02  0.707107866679E+00
 -0.155156133540E+02 -0.110193699830E+02  0.436107585000E+02  0.100000000000E+01
 -0.155124359580E+02 -0.111439166890E+02  0.439006414660E+02  0.100000000000E+01
 -0.154540625190E+02 -0.108495394340E+02  0.440488708500E+02  0.707108220534E+00
 -0.154488929780E+02 -0.106723850250E+02  0.437591091580E+02  0.100000000000E+01
 -0.154573449150E+02 -0.105581239080E+02  0.434231302130E+02  0.707106058140E+00
 -0.155192568080E+02 -0.108765720610E+02  0.432783978450E+02  0.100000000000E+01
 -0.155651496680E+02 -0.111500406630E+02  0.432461227660E+02  0.707104979390E+00
 -0.155655054630E+02 -0.112788364510E+02  0.434998279070E+02  0.100000000000E+01
 -0.155565860580E+02 -0.113467724380E+02  0.437488488370E+02  0.707107866679E+00
 -0.155124359580E+02 -0.111439166890E+02  0.439006414660E+02  0.100000000000E+01
 -0.152205331170E+02 -0.110646474080E+02  0.435876979920E+02  0.100000000000E+01
 -0.152205331170E+02 -0.110646474080E+02  0.435876979920E+02  0.707109187952E+00
 -0.152205331170E+02 -0.110646474080E+02  0.435876979920E+02  0.100000000000E+01
 -0.152205331170E+02 -0.110646474080E+02  0.435876979920E+02  0.707105342032E+00
 -0.152205331170E+02 -0.110646474080E+02  0.435876979920E+02  0.100000000000E+01
 -0.152205331170E+02 -0.110646474080E+02  0.435876979920E+02  0.707103998886E+00
 -0.152205331170E+02 -0.110646474080E+02  0.435876979920E+02  0.100000000000E+01
 -0.152205331170E+02 -0.110646474080E+02  0.435876979920E+02  0.707108595865E+00
 -0.152205331170E+02 -0.110646474080E+02  0.435876979920E+02  0.100000000000E+01
 -0.152167501220E+02 -0.111903177630E+02  0.438799427830E+02  0.100000000000E+01
 -0.151650371090E+02 -0.109056893420E+02  0.439992977210E+02  0.707109187952E+00
 -0.151663811020E+02 -0.107676434250E+02  0.437147163330E+02  0.100000000000E+01
 -0.151767697020E+02 -0.106959514040E+02  0.434413324360E+02  0.707105342032E+00
 -0.152245112720E+02 -0.109325108120E+02  0.432804186190E+02  0.100000000000E+01
 -0.152703745990E+02 -0.112019426150E+02  0.432074660920E+02  0.707103998886E+00
 -0.152667598930E+02 -0.113181823890E+02  0.434792734800E+02  0.100000000000E+01
 -0.152589582780E+02 -0.113934471060E+02  0.437260444640E+02  0.707108595865E+00
 -0.152167501220E+02 -0.111903177630E+02  0.438799427830E+02  0.100000000000E+01
 -0.149251128500E+02 -0.111079648980E+02  0.435652239020E+02  0.100000000000E+01
 -0.149251128500E+02 -0.111079648980E+02  0.435652239020E+02  0.707106664613E+00
 -0.149251128500E+02 -0.111079648980E+02  0.435652239020E+02  0.100000000000E+01
 -0.149251128500E+02 -0.111079648980E+02  0.435652239020E+02  0.707107557091E+00
 -0.149251128500E+02 -0.111079648980E+02  0.435652239020E+02  0.100000000000E+01
 -0.149251128500E+02 -0.111079648980E+02  0.435652239020E+02  0.707106837658E+00
 -0.149251128500E+02 -0.111079648980E+02  0.435652239020E+02  0.100000000000E+01
 -0.149251128500E+02 -0.111079648980E+02  0.435652239020E+02  0.707106065383E+00
 -0.149251128500E+02 -0.111079648980E+02  0.435652239020E+02  0.100000000000E+01
 -0.149211872300E+02 -0.112393247820E+02  0.438707106500E+02  0.100000000000E+01
 -0.148747506660E+02 -0.109548545380E+02  0.439419603080E+02  0.707106664613E+00
 -0.148783118580E+02 -0.108428465960E+02  0.436786237620E+02  0.100000000000E+01
 -0.148921453230E+02 -0.108226986180E+02  0.434552767770E+02  0.707107557091E+00
 -0.149282538310E+02 -0.110028525030E+02  0.433207787320E+02  0.100000000000E+01
 -0.149770461030E+02 -0.112529883060E+02  0.431519461280E+02  0.707106837658E+00
 -0.149697315460E+02 -0.113607215920E+02  0.434571107950E+02  0.100000000000E+01
 -0.149649994480E+02 -0.114684323310E+02  0.437277858500E+02  0.707106065383E+00
 -0.149211872300E+02 -0.112393247820E+02  0.438707106500E+02  0.100000000000E+01
           1
           2
           3
           4
           5
           6
           7
           8
           9
          10
          11
          12
          13
          14
          15
          16
          17
          18
          19
          20
          21
          22
          23
          24
          25
          26
          27
          28
          29
          30
          31
          32
          33
          34
          35
          36
          37
          38
          39
          40
          41
          42
          43
          44
          45
          46
          47
          48
          49
          50
          51
          52
          53
          54
          55
          56
          57
          58
          59
          60
          61
          62
          63
          64
          65
          66
          67
          68
          69
          70
          71
          72
          73
          74
          75
          76
          77
          78
          79
          80
          81
          82
          83
          84
          85
          86
          87
          88
          89
          90
          91
          92
          93
          94
          95
          96
          97
          98
          99
         100
         101
         102
         103
         104
         105
         106
         107
         108
         109
         110
         111
         112
         113
         114
         115
         116
         117
         118
         119
         120
         121
         122
         123
         124
         125
         126
         127
         128
         129
         130
         131
         132
         133
         134
         135
         136
         137
         138
         139
         140
         141
         142
         143
         144
         145
         146
         147
         148
         149
         150
         151
         152
         153
         154
         155
         156
         157
         158
         159
         160
         161
         162
         163
         164
         165
         166
         167
         168
         169
         170
         171
         172
         173
         174
         175
         176
         177
         178
         179
         180
         181
         182
         183
         184
         185
         186
         187
         188
         189
         190
         191
         192
         193
         194
         195
         196
         197
         198
         199
         200
         201
         202
         203
         204
         205
         206
         207
         208
         209
         210
         211
         212
         213
         214
         215
         216
         217
         218
         219
         220
         221
         222
         223
         224
         225
         226
         227
         228
         229
         230
         231
         232
         233
         234
         235
         236
         237
         238
         239
         240
         241
         242
         243
         244
         245
         246
         247
         248
         249
         250
         251
         252
         253
         254
         255
         256
         257
         258
         259
         260
         261
         262
         263
         264
         265
         266
         267
         268
         269
         270
         271
         272
         273
         274
         275
         276
         277
         278
         279
         280
         281
         282
         283
         284
         285
         286
         287
         288
 1 0 0
 0 0 0
 0 0 0
 0 0 0
 0 0 0
 0 0 0
 0 0 0
 0 0 0
 0 0 0
 0 0 0
 0 0 0
 0 0 0
 0 0 0
 0 0 0
 0 0 0
 0 0 0
 0 0 0
 0 0 0
 0 0 0
 0 0 0
 0 0 0
 0 0 0
 0 0 0
 0 0 0
 0 0 0
 0 0 0
 0 0 0
 0 0 0
 0 0 0
 0 0 0
 0 0 0
 0 0 0
 0 0 0
 0 0 0
 0 0 0
 0 0 0
 0 0 0
 0 0 0
 0 0 0
 0 0 0
 0 0 0
 0 0 0
 0 0 0
 0 0 0
 0 0 0
 0 0 0
 0 0 0
 0 0 0
 0 0 0
 0 0 0
 0 0 0
 0 0 0
 0 0 0
 0 0 0
 0 0 0
 0 0 0
 0 0 0
 0 0 0
 0 0 0
 0 0 0
 0 0 0
 0 0 0
 0 0 0
 0 0 0
 0 0 0
 0 0 0
 0 0 0
 0 0 0
 0 0 0
 0 0 0
 0 0 0
 0 0 0
 0 0 0
 0 0 0
 0 0 0
 0 0 0
 0 0 0
 0 0 0
 0 0 0
 0 0 0
 0 0 0
 0 0 0
 0 0 0
 0 0 0
 0 0 0
 0 0 0
 0 0 0
 0 0 0
 0 0 0
 0 0 0
 0 0 0
 0 0 0
 0 0 0
 0 0 0
 0 0 0
 0 0 0
 0 0 0
 0 0 0
 0 0 0
 0 0 0
 0 0 0
 0 0 0
 0 0 0
 0 0 0
 0 0 0
 0 0 0
 0 0 0
 0 0 0
 0 0 0
 0 0 0
 0 0 0
 0 0 0
 0 0 0
 0 0 0
 0 0 0
 0 0 0
 0 0 0
 0 0 0
 0 0 0
 0 0 0
 0 0 0
 0 0 0
 0 0 0
 0 0 0
 0 0 0
 0 0 0
 0 0 0
 0 0 0
 0 0 0
 0 0 0
 0 0 0
 0 0 0
 0 0 0
 0 0 0
 0 0 0
 0 0 0
 0 0 0
 0 0 0
 0 0 0
 0 0 0
 0 0 0
 0 0 0
 0 0 0
 0 0 0
 0 0 0
 0 0 0
 0 0 0
 0 0 0
 0 0 0
 0 0 0
 0 0 0
 0 0 0
 0 0 0
 0 0 0
 0 0 0
 0 0 0
 0 0 0
 0 0 0
 0 0 0
 0 0 0
 0 0 0
 0 0 0
 0 0 0
 0 0 0
 0 0 0
 0 0 0
 0 0 0
 0 0 0
 0 0 0
 0 0 0
 0 0 0
 0 0 0
 0 0 0
 0 0 0
 0 0 0
 0 0 0
 0 0 0
 0 0 0
 0 0 0
 0 0 0
 0 0 0
 0 0 0
 0 0 0
 0 0 0
 0 0 0
 0 0 0
 0 0 0
 0 0 0
 0 0 0
 0 0 0
 0 0 0
 0 0 0
 0 0 0
 0 0 0
 0 0 0
 0 0 0
 0 0 0
 0 0 0
 0 0 0
 0 0 0
 0 0 0
 0 0 0
 0 0 0
 0 0 0
 0 0 0
 0 0 0
 0 0 0
 0 0 0
 0 0 0
 0 0 0
 0 0 0
 0 0 0
 0 0 0
 0 0 0
 0 0 0
 0 0 0
 0 0 0
 0 0 0
 0 0 0
 0 0 0
 0 0 0
 0 0 0
 0 0 0
 0 0 0
 0 0 0
 0 0 0
 0 0 0
 0 0 0
 0 0 0
 0 0 0
 0 0 0
 0 0 0
 0 0 0
 0 0 0
 0 0 0
 0 0 0
 0 0 0
 0 0 0
 0 0 0
 0 0 0
 0 0 0
 0 0 0
 0 0 0
 0 0 0
 0 0 0
 0 0 0
 0 0 0
 0 0 0
 0 0 0
 0 0 0
 0 0 0
 0 0 0
 0 0 0
 0 0 0
 0 0 0
 0 0 0
 0 0 0
 0 0 0
 0 0 0
 0 0 0
 0 0 0
 0 0 0
 0 0 0
 0 0 0
 0 0 0
 0 0 0
 0 0 0
 0 0 0
 0 0 0
 0 0 0
 0 0 0
 0 0 0
 0 0 0
 0 0 0
 0 0 0
 0 0 0
 0 0 0
 0 0 0
 0 0 0
 0 0 0
 0 0 0
 0 0 0
 0 0 0
 0 0 0
 0 0 0
 0 0 0
 0 0 0
 0 0 0
 0 0 0
  0.000000000  0.000000000  0.000000000
  0.000000000  0.000000000  0.000000000
  0.000000000  0.000000000  0.000000000
  0.000000000  0.000000000  0.000000000
  0.000000000  0.000000000  0.000000000
  0.000000000  0.000000000  0.000000000
  0.000000000  0.000000000  0.000000000
  0.000000000  0.000000000  0.000000000
  0.000000000  0.000000000  0.000000000
  0.000000000  0.000000000  0.000000000
  0.000000000  0.000000000  0.000000000
  0.000000000  0.000000000  0.000000000
  0.000000000  0.000000000  0.000000000
  0.000000000  0.000000000  0.000000000
  0.000000000  0.000000000  0.000000000
  0.000000000  0.000000000  0.000000000
  0.000000000  0.000000000  0.000000000
  0.000000000  0.000000000  0.000000000
  0.000000000  0.000000000  0.000000000
  0.000000000  0.000000000  0.000000000
  0.000000000  0.000000000  0.000000000
  0.000000000  0.000000000  0.000000000
  0.000000000  0.000000000  0.000000000
  0.000000000  0.000000000  0.000000000
  0.000000000  0.000000000  0.000000000
  0.000000000  0.000000000  0.000000000
  0.000000000  0.000000000  0.000000000
  0.000000000  0.000000000  0.000000000
  0.000000000  0.000000000  0.000000000
  0.000000000  0.000000000  0.000000000
  0.000000000  0.000000000  0.000000000
  0.000000000  0.000000000  0.000000000
  0.000000000  0.000000000  0.000000000
  0.000000000  0.000000000  0.000000000
  0.000000000  0.000000000  0.000000000
  0.000000000  0.000000000  0.000000000
  0.000000000  0.000000000  0.000000000
  0.000000000  0.000000000  0.000000000
  0.000000000  0.000000000  0.000000000
  0.000000000  0.000000000  0.000000000
  0.000000000  0.000000000  0.000000000
  0.000000000  0.000000000  0.000000000
  0.000000000  0.000000000  0.000000000
  0.000000000  0.000000000  0.000000000
  0.000000000  0.000000000  0.000000000
  0.000000000  0.000000000  0.000000000
  0.000000000  0.000000000  0.000000000
  0.000000000  0.000000000  0.000000000
  0.000000000  0.000000000  0.000000000
  0.000000000  0.000000000  0.000000000
  0.000000000  0.000000000  0.000000000
  0.000000000  0.000000000  0.000000000
  0.000000000  0.000000000  0.000000000
  0.000000000  0.000000000  0.000000000
  0.000000000  0.000000000  0.000000000
  0.000000000  0.000000000  0.000000000
  0.000000000  0.000000000  0.000000000
  0.000000000  0.000000000  0.000000000
  0.000000000  0.000000000  0.000000000
  0.000000000  0.000000000  0.000000000
  0.000000000  0.000000000  0.000000000
  0.000000000  0.000000000  0.000000000
  0.000000000  0.000000000  0.000000000
  0.000000000  0.000000000  0.000000000
  0.000000000  0.000000000  0.000000000
  0.000000000  0.000000000  0.000000000
  0.000000000  0.000000000  0.000000000
  0.000000000  0.000000000  0.000000000
  0.000000000  0.000000000  0.000000000
  0.000000000  0.000000000  0.000000000
  0.000000000  0.000000000  0.000000000
  0.000000000  0.000000000  0.000000000
  0.000000000  0.000000000  0.000000000
  0.000000000  0.000000000  0.000000000
  0.000000000  0.000000000  0.000000000
  0.000000000  0.000000000  0.000000000
  0.000000000  0.000000000  0.000000000
  0.000000000  0.000000000  0.000000000
  0.000000000  0.000000000  0.000000000
  0.000000000  0.000000000  0.000000000
  0.000000000  0.000000000  0.000000000
  0.000000000  0.000000000  0.000000000
  0.000000000  0.000000000  0.000000000
  0.000000000  0.000000000  0.000000000
  0.000000000  0.000000000  0.000000000
  0.000000000  0.000000000  0.000000000
  0.000000000  0.000000000  0.000000000
  0.000000000  0.000000000  0.000000000
  0.000000000  0.000000000  0.000000000
  0.000000000  0.000000000  0.000000000
  0.000000000  0.000000000  0.000000000
  0.000000000  0.000000000  0.000000000
  0.000000000  0.000000000  0.000000000
  0.000000000  0.000000000  0.000000000
  0.000000000  0.000000000  0.000000000
  0.000000000  0.000000000  0.000000000
  0.000000000  0.000000000  0.000000000
  0.000000000  0.000000000  0.000000000
  0.000000000  0.000000000  0.000000000
  0.000000000  0.000000000  0.000000000
  0.000000000  0.000000000  0.000000000
  0.000000000  0.000000000  0.000000000
  0.000000000  0.000000000  0.000000000
  0.000000000  0.000000000  0.000000000
  0.000000000  0.000000000  0.000000000
  0.000000000  0.000000000  0.000000000
  0.000000000  0.000000000  0.000000000
  0.000000000  0.000000000  0.000000000
  0.000000000  0.000000000  0.000000000
  0.000000000  0.000000000  0.000000000
  0.000000000  0.000000000  0.000000000
  0.000000000  0.000000000  0.000000000
  0.000000000  0.000000000  0.000000000
  0.000000000  0.000000000  0.000000000
  0.000000000  0.000000000  0.000000000
  0.000000000  0.000000000  0.000000000
  0.000000000  0.000000000  0.000000000
  0.000000000  0.000000000  0.000000000
  0.000000000  0.000000000  0.000000000
  0.000000000  0.000000000  0.000000000
  0.000000000  0.000000000  0.000000000
  0.000000000  0.000000000  0.000000000
  0.000000000  0.000000000  0.000000000
  0.000000000  0.000000000  0.000000000
  0.000000000  0.000000000  0.000000000
  0.000000000  0.000000000  0.000000000
  0.000000000  0.000000000  0.000000000
  0.000000000  0.000000000  0.000000000
  0.000000000  0.000000000  0.000000000
  0.000000000  0.000000000  0.000000000
  0.000000000  0.000000000  0.000000000
  0.000000000  0.000000000  0.000000000
  0.000000000  0.000000000  0.000000000
  0.000000000  0.000000000  0.000000000
  0.000000000  0.000000000  0.000000000
  0.000000000  0.000000000  0.000000000
  0.000000000  0.000000000  0.000000000
  0.000000000  0.000000000  0.000000000
  0.000000000  0.000000000  0.000000000
  0.000000000  0.000000000  0.000000000
  0.000000000  0.000000000  0.000000000
  0.000000000  0.000000000  0.000000000
  0.000000000  0.000000000  0.000000000
  0.000000000  0.000000000  0.000000000
  0.000000000  0.000000000  0.000000000
  0.000000000  0.000000000  0.000000000
  0.000000000  0.000000000  0.000000000
  0.000000000  0.000000000  0.000000000
  0.000000000  0.000000000  0.000000000
  0.000000000  0.000000000  0.000000000
  0.000000000  0.000000000  0.000000000
  0.000000000  0.000000000  0.000000000
  0.000000000  0.000000000  0.000000000
  0.000000000  0.000000000  0.000000000
  0.000000000  0.000000000  0.000000000
  0.000000000  0.000000000  0.000000000
  0.000000000  0.000000000  0.000000000
  0.000000000  0.000000000  0.000000000
  0.000000000  0.000000000  0.000000000
  0.000000000  0.000000000  0.000000000
  0.000000000  0.000000000  0.000000000
  0.000000000  0.000000000  0.000000000
  0.000000000  0.000000000  0.000000000
  0.000000000  0.000000000  0.000000000
  0.000000000  0.000000000  0.000000000
  0.000000000  0.000000000  0.000000000
  0.000000000  0.000000000  0.000000000
  0.000000000  0.000000000  0.000000000
  0.000000000  0.000000000  0.000000000
  0.000000000  0.000000000  0.000000000
  0.000000000  0.000000000  0.000000000
  0.000000000  0.000000000  0.000000000
  0.000000000  0.000000000  0.000000000
  0.000000000  0.000000000  0.000000000
  0.000000000  0.000000000  0.000000000
  0.000000000  0.000000000  0.000000000
  0.000000000  0.000000000  0.000000000
  0.000000000  0.000000000  0.000000000
  0.000000000  0.000000000  0.000000000
  0.000000000  0.000000000  0.000000000
  0.000000000  0.000000000  0.000000000
  0.000000000  0.000000000  0.000000000
  0.000000000  0.000000000  0.000000000
  0.000000000  0.000000000  0.000000000
  0.000000000  0.000000000  0.000000000
  0.000000000  0.000000000  0.000000000
  0.000000000  0.000000000  0.000000000
  0.000000000  0.000000000  0.000000000
  0.000000000  0.000000000  0.000000000
  0.000000000  0.000000000  0.000000000
  0.000000000  0.000000000  0.000000000
  0.000000000  0.000000000  0.000000000
  0.000000000  0.000000000  0.000000000
  0.000000000  0.000000000  0.000000000
  0.000000000  0.000000000  0.000000000
  0.000000000  0.000000000  0.000000000
  0.000000000  0.000000000  0.000000000
  0.000000000  0.000000000  0.000000000
  0.000000000  0.000000000  0.000000000
  0.000000000  0.000000000  0.000000000
  0.000000000  0.000000000  0.000000000
  0.000000000  0.000000000  0.000000000
  0.000000000  0.000000000  0.000000000
  0.000000000  0.000000000  0.000000000
  0.000000000  0.000000000  0.000000000
  0.000000000  0.000000000  0.000000000
  0.000000000  0.000000000  0.000000000
  0.000000000  0.000000000  0.000000000
  0.000000000  0.000000000  0.000000000
  0.000000000  0.000000000  0.000000000
  0.000000000  0.000000000  0.000000000
  0.000000000  0.000000000  0.000000000
  0.000000000  0.000000000  0.000000000
  0.000000000  0.000000000  0.000000000
  0.000000000  0.000000000  0.000000000
  0.000000000  0.000000000  0.000000000
  0.000000000  0.000000000  0.000000000
  0.000000000  0.000000000  0.000000000
  0.000000000  0.000000000  0.000000000
  0.000000000  0.000000000  0.000000000
  0.000000000  0.000000000  0.000000000
  0.000000000  0.000000000  0.000000000
  0.000000000  0.000000000  0.000000000
  0.000000000  0.000000000  0.000000000
  0.000000000  0.000000000  0.000000000
  0.000000000  0.000000000  0.000000000
  0.000000000  0.000000000  0.000000000
  0.000000000  0.000000000  0.000000000
  0.000000000  0.000000000  0.000000000
  0.000000000  0.000000000  0.000000000
  0.000000000  0.000000000  0.000000000
  0.000000000  0.000000000  0.000000000
  0.000000000  0.000000000  0.000000000
  0.000000000  0.000000000  0.000000000
  0.000000000  0.000000000  0.000000000
  0.000000000  0.000000000  0.000000000
  0.000000000  0.000000000  0.000000000
  0.000000000  0.000000000  0.000000000
  0.000000000  0.000000000  0.000000000
  0.000000000  0.000000000  0.000000000
  0.000000000  0.000000000  0.000000000
  0.000000000  0.000000000  0.000000000
  0.000000000  0.000000000  0.000000000
  0.000000000  0.000000000  0.000000000
  0.000000000  0.000000000  0.000000000
  0.000000000  0.000000000  0.000000000
  0.000000000  0.000000000  0.000000000
  0.000000000  0.000000000  0.000000000
  0.000000000  0.000000000  0.000000000
  0.000000000  0.000000000  0.000000000
  0.000000000  0.000000000  0.000000000
  0.000000000  0.000000000  0.000000000
  0.000000000  0.000000000  0.000000000
  0.000000000  0.000000000  0.000000000
  0.000000000  0.000000000  0.000000000
  0.000000000  0.000000000  0.000000000
  0.000000000  0.000000000  0.000000000
  0.000000000  0.000000000  0.000000000
  0.000000000  0.000000000  0.000000000
  0.000000000  0.000000000  0.000000000
  0.000000000  0.000000000  0.000000000
  0.000000000  0.000000000  0.000000000
  0.000000000  0.000000000  0.000000000
  0.000000000  0.000000000  0.000000000
  0.000000000  0.000000000  0.000000000
  0.000000000  0.000000000  0.000000000
  0.000000000  0.000000000  0.000000000
  0.000000000  0.000000000  0.000000000
  0.000000000  0.000000000  0.000000000
  0.000000000  0.000000000  0.000000000
  0.000000000  0.000000000  0.000000000
  0.000000000  0.000000000  0.000000000
  0.000000000  0.000000000  0.000000000
  0.000000000  0.000000000  0.000000000
  0.000000000  0.000000000  0.000000000
  0.000000000  0.000000000  0.000000000
  0.000000000  0.000000000  0.000000000
  0.000000000  0.000000000  0.000000000
  0.000000000  0.000000000  0.000000000
  0.000000000  0.000000000  0.000000000
  0.000000000  0.000000000  0.000000000
  0.000000000  0.000000000  0.000000000
  0.000000000  0.000000000  0.000000000
  0.000000000  0.000000000  0.000000000
  0.000000000  0.000000000  0.000000000
  0.000000000  0.000000000  0.000000000
  0.000000000  0.000000000  0.000000000
  0.000000000  0.000000000  0.000000000
 0 0 0
 0 0 0
 0 0 0
 0 0 0
 0 0 0
 0 0 0
 0 0 0
 0 0 0
 0 0 0
 0 0 0
 0 0 0
 0 0 0
 0 0 0
 0 0 0
 0 0 0
 0 0 0
 0 0 0
 0 0 0
 0 0 0
 0 0 0
 0 0 0
 0 0 0
 0 0 0
 0 0 0
 0 0 0
 0 0 0
 0 0 0
 0 0 0
 0 0 0
 0 0 0
 0 0 0
 0 0 0
 0 0 0
 0 0 0
 0 0 0
 0 0 0
 0 0 0
 0 0 0
 0 0 0
 0 0 0
 0 0 0
 0 0 0
 0 0 0
 0 0 0
 0 0 0
 0 0 0
 0 0 0
 0 0 0
 0 0 0
 0 0 0
 0 0 0
 0 0 0
 0 0 0
 0 0 0
 0 0 0
 0 0 0
 0 0 0
 0 0 0
 0 0 0
 0 0 0
 0 0 0
 0 0 0
 0 0 0
 0 0 0
 0 0 0
 0 0 0
 0 0 0
 0 0 0
 0 0 0
 0 0 0
 0 0 0
 0 0 0
 0 0 0
 0 0 0
 0 0 0
 0 0 0
 0 0 0
 0 0 0
 0 0 0
 0 0 0
 0 0 0
 0 0 0
 0 0 0
 0 0 0
 0 0 0
 0 0 0
 0 0 0
 0 0 0
 0 0 0
 0 0 0
 0 0 0
 0 0 0
 0 0 0
 0 0 0
 0 0 0
 0 0 0
 0 0 0
 0 0 0
 0 0 0
 0 0 0
 0 0 0
 0 0 0
 0 0 0
 0 0 0
 0 0 0
 0 0 0
 0 0 0
 0 0 0
 0 0 0
 0 0 0
 0 0 0
 0 0 0
 0 0 0
 0 0 0
 0 0 0
 0 0 0
 0 0 0
 0 0 0
 0 0 0
 0 0 0
 0 0 0
 0 0 0
 0 0 0
 0 0 0
 0 0 0
 0 0 0
 0 0 0
 0 0 0
 0 0 0
 0 0 0
 0 0 0
 0 0 0
 0 0 0
 0 0 0
 0 0 0
 0 0 0
 0 0 0
 0 0 0
 0 0 0
 0 0 0
 0 0 0
 0 0 0
 0 0 0
 0 0 0
 0 0 0
 0 0 0
 0 0 0
 0 0 0
 0 0 0
 0 0 0
 0 0 0
 0 0 0
 0 0 0
 0 0 0
 0 0 0
 0 0 0
 0 0 0
 0 0 0
 0 0 0
 0 0 0
 0 0 0
 0 0 0
 0 0 0
 0 0 0
 0 0 0
 0 0 0
 0 0 0
 0 0 0
 0 0 0
 0 0 0
 0 0 0
 0 0 0
 0 0 0
 0 0 0
 0 0 0
 0 0 0
 0 0 0
 0 0 0
 0 0 0
 0 0 0
 0 0 0
 0 0 0
 0 0 0
 0 0 0
 0 0 0
 0 0 0
 0 0 0
 0 0 0
 0 0 0
 0 0 0
 0 0 0
 0 0 0
 0 0 0
 0 0 0
 0 0 0
 0 0 0
 0 0 0
 0 0 0
 0 0 0
 0 0 0
 0 0 0
 0 0 0
 0 0 0
 0 0 0
 0 0 0
 0 0 0
 0 0 0
 0 0 0
 0 0 0
 0 0 0
  0.000000000  0.000000000  0.000000000
  0.000000000  0.000000000  0.000000000
  0.000000000  0.000000000  0.000000000
  0.000000000  0.000000000  0.000000000
  0.000000000  0.000000000  0.000000000
  0.000000000  0.000000000  0.000000000
  0.000000000  0.000000000  0.000000000
  0.000000000  0.000000000  0.000000000
  0.000000000  0.000000000  0.000000000
  0.000000000  0.000000000  0.000000000
  0.000000000  0.000000000  0.000000000
  0.000000000  0.000000000  0.000000000
  0.000000000  0.000000000  0.000000000
  0.000000000  0.000000000  0.000000000
  0.000000000  0.000000000  0.000000000
  0.000000000  0.000000000  0.000000000
  0.000000000  0.000000000  0.000000000
  0.000000000  0.000000000  0.000000000
  0.000000000  0.000000000  0.000000000
  0.000000000  0.000000000  0.000000000
  0.000000000  0.000000000  0.000000000
  0.000000000  0.000000000  0.000000000
  0.000000000  0.000000000  0.000000000
  0.000000000  0.000000000  0.000000000
  0.000000000  0.000000000  0.000000000
  0.000000000  0.000000000  0.000000000
  0.000000000  0.000000000  0.000000000
  0.000000000  0.000000000  0.000000000
  0.000000000  0.000000000  0.000000000
  0.000000000  0.000000000  0.000000000
  0.000000000  0.000000000  0.000000000
  0.000000000  0.000000000  0.000000000
  0.000000000  0.000000000  0.000000000
  0.000000000  0.000000000  0.000000000
  0.000000000  0.000000000  0.000000000
  0.000000000  0.000000000  0.000000000
  0.000000000  0.000000000  0.000000000
  0.000000000  0.000000000  0.000000000
  0.000000000  0.000000000  0.000000000
  0.000000000  0.000000000  0.000000000
  0.000000000  0.000000000  0.000000000
  0.000000000  0.000000000  0.000000000
  0.000000000  0.000000000  0.000000000
  0.000000000  0.000000000  0.000000000
  0.000000000  0.000000000  0.000000000
  0.000000000  0.000000000  0.000000000
  0.000000000  0.000000000  0.000000000
  0.000000000  0.000000000  0.000000000
  0.000000000  0.000000000  0.000000000
  0.000000000  0.000000000  0.000000000
  0.000000000  0.000000000  0.000000000
  0.000000000  0.000000000  0.000000000
  0.000000000  0.000000000  0.000000000
  0.000000000  0.000000000  0.000000000
  0.000000000  0.000000000  0.000000000
  0.000000000  0.000000000  0.000000000
  0.000000000  0.000000000  0.000000000
  0.000000000  0.000000000  0.000000000
  0.000000000  0.000000000  0.000000000
  0.000000000  0.000000000  0.000000000
  0.000000000  0.000000000  0.000000000
  0.000000000  0.000000000  0.000000000
  0.000000000  0.000000000  0.000000000
  0.000000000  0.000000000  0.000000000
  0.000000000  0.000000000  0.000000000
  0.000000000  0.000000000  0.000000000
  0.000000000  0.000000000  0.000000000
  0.000000000  0.000000000  0.000000000
  0.000000000  0.000000000  0.000000000
  0.000000000  0.000000000  0.000000000
  0.000000000  0.000000000  0.000000000
  0.000000000  0.000000000  0.000000000
  0.000000000  0.000000000  0.000000000
  0.000000000  0.000000000  0.000000000
  0.000000000  0.000000000  0.000000000
  0.000000000  0.000000000  0.000000000
  0.000000000  0.000000000  0.000000000
  0.000000000  0.000000000  0.000000000
  0.000000000  0.000000000  0.000000000
  0.000000000  0.000000000  0.000000000
  0.000000000  0.000000000  0.000000000
  0.000000000  0.000000000  0.000000000
  0.000000000  0.000000000  0.000000000
  0.000000000  0.000000000  0.000000000
  0.000000000  0.000000000  0.000000000
  0.000000000  0.000000000  0.000000000
  0.000000000  0.000000000  0.000000000
  0.000000000  0.000000000  0.000000000
  0.000000000  0.000000000  0.000000000
  0.000000000  0.000000000  0.000000000
  0.000000000  0.000000000  0.000000000
  0.000000000  0.000000000  0.000000000
  0.000000000  0.000000000  0.000000000
  0.000000000  0.000000000  0.000000000
  0.000000000  0.000000000  0.000000000
  0.000000000  0.000000000  0.000000000
  0.000000000  0.000000000  0.000000000
  0.000000000  0.000000000  0.000000000
  0.000000000  0.000000000  0.000000000
  0.000000000  0.000000000  0.000000000
  0.000000000  0.000000000  0.000000000
  0.000000000  0.000000000  0.000000000
  0.000000000  0.000000000  0.000000000
  0.000000000  0.000000000  0.000000000
  0.000000000  0.000000000  0.000000000
  0.000000000  0.000000000  0.000000000
  0.000000000  0.000000000  0.000000000
  0.000000000  0.000000000  0.000000000
  0.000000000  0.000000000  0.000000000
  0.000000000  0.000000000  0.000000000
  0.000000000  0.000000000  0.000000000
  0.000000000  0.000000000  0.000000000
  0.000000000  0.000000000  0.000000000
  0.000000000  0.000000000  0.000000000
  0.000000000  0.000000000  0.000000000
  0.000000000  0.000000000  0.000000000
  0.000000000  0.000000000  0.000000000
  0.000000000  0.000000000  0.000000000
  0.000000000  0.000000000  0.000000000
  0.000000000  0.000000000  0.000000000
  0.000000000  0.000000000  0.000000000
  0.000000000  0.000000000  0.000000000
  0.000000000  0.000000000  0.000000000
  0.000000000  0.000000000  0.000000000
  0.000000000  0.000000000  0.000000000
  0.000000000  0.000000000  0.000000000
  0.000000000  0.000000000  0.000000000
  0.000000000  0.000000000  0.000000000
  0.000000000  0.000000000  0.000000000
  0.000000000  0.000000000  0.000000000
  0.000000000  0.000000000  0.000000000
  0.000000000  0.000000000  0.000000000
  0.000000000  0.000000000  0.000000000
  0.000000000  0.000000000  0.000000000
  0.000000000  0.000000000  0.000000000
  0.000000000  0.000000000  0.000000000
  0.000000000  0.000000000  0.000000000
  0.000000000  0.000000000  0.000000000
  0.000000000  0.000000000  0.000000000
  0.000000000  0.000000000  0.000000000
  0.000000000  0.000000000  0.000000000
  0.000000000  0.000000000  0.000000000
  0.000000000  0.000000000  0.000000000
  0.000000000  0.000000000  0.000000000
  0.000000000  0.000000000  0.000000000
  0.000000000  0.000000000  0.000000000
  0.000000000  0.000000000  0.000000000
  0.000000000  0.000000000  0.000000000
  0.000000000  0.000000000  0.000000000
  0.000000000  0.000000000  0.000000000
  0.000000000  0.000000000  0.000000000
  0.000000000  0.000000000  0.000000000
  0.000000000  0.000000000  0.000000000
  0.000000000  0.000000000  0.000000000
  0.000000000  0.000000000  0.000000000
  0.000000000  0.000000000  0.000000000
  0.000000000  0.000000000  0.000000000
  0.000000000  0.000000000  0.000000000
  0.000000000  0.000000000  0.000000000
  0.000000000  0.000000000  0.000000000
  0.000000000  0.000000000  0.000000000
  0.000000000  0.000000000  0.000000000
  0.000000000  0.000000000  0.000000000
  0.000000000  0.000000000  0.000000000
  0.000000000  0.000000000  0.000000000
  0.000000000  0.000000000  0.000000000
  0.000000000  0.000000000  0.000000000
  0.000000000  0.000000000  0.000000000
  0.000000000  0.000000000  0.000000000
  0.000000000  0.000000000  0.000000000
  0.000000000  0.000000000  0.000000000
  0.000000000  0.000000000  0.000000000
  0.000000000  0.000000000  0.000000000
  0.000000000  0.000000000  0.000000000
  0.000000000  0.000000000  0.000000000
  0.000000000  0.000000000  0.000000000
  0.000000000  0.000000000  0.000000000
  0.000000000  0.000000000  0.000000000
  0.000000000  0.000000000  0.000000000
  0.000000000  0.000000000  0.000000000
  0.000000000  0.000000000  0.000000000
  0.000000000  0.000000000  0.000000000
  0.000000000  0.000000000  0.000000000
  0.000000000  0.000000000  0.000000000
  0.000000000  0.000000000  0.000000000
  0.000000000  0.000000000  0.000000000
  0.000000000  0.000000000  0.000000000
  0.000000000  0.000000000  0.000000000
  0.000000000  0.000000000  0.000000000
  0.000000000  0.000000000  0.000000000
  0.000000000  0.000000000  0.000000000
  0.000000000  0.000000000  0.000000000
  0.000000000  0.000000000  0.000000000
  0.000000000  0.000000000  0.000000000
  0.000000000  0.000000000  0.000000000
  0.000000000  0.000000000  0.000000000
  0.000000000  0.000000000  0.000000000
  0.000000000  0.000000000  0.000000000
  0.000000000  0.000000000  0.000000000
  0.000000000  0.000000000  0.000000000
  0.000000000  0.000000000  0.000000000
  0.000000000  0.000000000  0.000000000
  0.000000000  0.000000000  0.000000000
  0.000000000  0.000000000  0.000000000
  0.000000000  0.000000000  0.000000000
  0.000000000  0.000000000  0.000000000
  0.000000000  0.000000000  0.000000000
  0.000000000  0.000000000  0.000000000
  0.000000000  0.000000000  0.000000000
  0.000000000  0.000000000  0.000000000
  0.000000000  0.000000000  0.000000000
  0.000000000  0.000000000  0.000000000
  0.000000000  0.000000000  0.000000000
  0.000000000  0.000000000  0.000000000
  0.000000000  0.000000000  0.000000000
  0.000000000  0.000000000  0.000000000
  0.000000000  0.000000000  0.000000000
  0.000000000  0.000000000  0.000000000
  0.000000000  0.000000000  0.000000000
  0.000000000  0.000000000  0.000000000
  0.000000000  0.000000000  0.000000000
  0.000000000  0.000000000  0.000000000
  0.000000000  0.000000000  0.000000000
  0.000000000  0.000000000  0.000000000
  0.000000000  0.000000000  0.000000000
  0.000000000  0.000000000  0.000000000
  0.000000000  0.000000000  0.000000000
  0.000000000  0.000000000  0.000000000
  0.000000000  0.000000000  0.000000000
  0.000000000  0.000000000  0.000000000
  0.000000000  0.000000000  0.000000000
  0.000000000  0.000000000  0.000000000
  0.000000000  0.000000000  0.000000000
  0.000000000  0.000000000  0.000000000
  0.000000000  0.000000000  0.000000000
  0.000000000  0.000000000  0.000000000
  0.000000000  0.000000000  0.000000000
  0.000000000  0.000000000  0.000000000
  0.000000000  0.000000000  0.000000000
  0.000000000  0.000000000  0.000000000
  0.000000000  0.000000000  0.000000000
  0.000000000  0.000000000  0.000000000
  0.000000000  0.000000000  0.000000000
  0.000000000  0.000000000  0.000000000
  0.000000000  0.000000000  0.000000000
  0.000000000  0.000000000  0.000000000
  0.000000000  0.000000000  0.000000000
  0.000000000  0.000000000  0.000000000
  0.000000000  0.000000000  0.000000000
  0.000000000  0.000000000  0.000000000
  0.000000000  0.000000000  0.000000000
  0.000000000  0.000000000  0.000000000
  0.000000000  0.000000000  0.000000000
  0.000000000  0.000000000  0.000000000
  0.000000000  0.000000000  0.000000000
  0.000000000  0.000000000  0.000000000
  0.000000000  0.000000000  0.000000000
  0.000000000  0.000000000  0.000000000
  0.000000000  0.000000000  0.000000000
  0.000000000  0.000000000  0.000000000
  0.000000000  0.000000000  0.000000000
  0.000000000  0.000000000  0.000000000
  0.000000000  0.000000000  0.000000000
  0.000000000  0.000000000  0.000000000
  0.000000000  0.000000000  0.000000000
  0.000000000  0.000000000  0.000000000
  0.000000000  0.000000000  0.000000000
  0.000000000  0.000000000  0.000000000
  0.000000000  0.000000000  0.000000000
  0.000000000  0.000000000  0.000000000
  0.000000000  0.000000000  0.000000000
  0.000000000  0.000000000  0.000000000
  0.000000000  0.000000000  0.000000000
  0.000000000  0.000000000  0.000000000
  0.000000000  0.000000000  0.000000000
  0.000000000  0.000000000  0.000000000
  0.000000000  0.000000000  0.000000000
  0.000000000  0.000000000  0.000000000
  0.000000000  0.000000000  0.000000000
  0.000000000  0.000000000  0.000000000
  0.000000000  0.000000000  0.000000000
  0.000000000  0.000000000  0.000000000
  0.000000000  0.000000000  0.000000000
  0.000000000  0.000000000  0.000000000
  0.000000000  0.000000000  0.000000000
  0.000000000  0.000000000  0.000000000
  0.000000000  0.000000000  0.000000000
  0.000000000  0.000000000  0.000000000
  0.000000000  0.000000000  0.000000000
  0.000000000  0.000000000  0.000000000
  0.000000000  0.000000000  0.000000000
  0.000000000  0.000000000  0.000000000
  0.000000000  0.000000000  0.000000000
  0.000000000  0.000000000  0.000000000
  0.000000000  0.000000000  0.000000000
  0.000000000  0.000000000  0.000000000
  0.000000000  0.000000000  0.000000000
  0.000000000  0.000000000  0.000000000
  0.000000000  0.000000000  0.000000000
  0.000000000  0.000000000  0.000000000
  0.000000000  0.000000000  0.000000000
  0.000000000  0.000000000  0.000000000
  0.000000000  0.000000000  0.000000000
  0.000000000  0.000000000  0.000000000
  0.000000000  0.000000000  0.000000000
  0.000000000  0.000000000  0.000000000
  0.000000000  0.000000000  0.000000000
  0.000000000  0.000000000  0.000000000
   1.06000000000000     
   1.06000000000000     
   1.06000000000000     
   1.06000000000000     
   1.06000000000000     
   1.06000000000000     
   1.06000000000000     
   1.06000000000000     
   1.06000000000000     
   1.06000000000000     
   1.06000000000000     
   1.06000000000000     
   1.06000000000000     
   1.06000000000000     
   1.06000000000000     
   1.06000000000000     
   1.06000000000000     
   1.06000000000000     
   1.06000000000000     
   1.06000000000000     
   1.06000000000000     
   1.06000000000000     
   1.06000000000000     
   1.06000000000000     
   1.06000000000000     
   1.06000000000000     
   1.06000000000000     
   1.06000000000000     
   1.06000000000000     
   1.06000000000000     
   1.06000000000000     
   1.06000000000000     
   1.06000000000000     
   1.06000000000000     
   1.06000000000000     
   1.06000000000000     
   1.06000000000000     
   1.06000000000000     
   1.06000000000000     
   1.06000000000000     
   1.06000000000000     
   1.06000000000000     
   1.06000000000000     
   1.06000000000000     
   1.06000000000000     
   1.06000000000000     
   1.06000000000000     
   1.06000000000000     
   1.06000000000000     
   1.06000000000000     
   1.06000000000000     
   1.06000000000000     
   1.06000000000000     
   1.06000000000000     
   1.06000000000000     
   1.06000000000000     
   1.06000000000000     
   1.06000000000000     
   1.06000000000000     
   1.06000000000000     
   1.06000000000000     
   1.06000000000000     
   1.06000000000000     
   1.06000000000000     
   1.06000000000000     
   1.06000000000000     
   1.06000000000000     
   1.06000000000000     
   1.06000000000000     
   1.06000000000000     
   1.06000000000000     
   1.06000000000000     
   1.06000000000000     
   1.06000000000000     
   1.06000000000000     
   1.06000000000000     
   1.06000000000000     
   1.06000000000000     
   1.06000000000000     
   1.06000000000000     
   1.06000000000000     
   1.06000000000000     
   1.06000000000000     
   1.06000000000000     
   1.06000000000000     
   1.06000000000000     
   1.06000000000000     
   1.06000000000000     
   1.06000000000000     
   1.06000000000000     
   1.06000000000000     
   1.06000000000000     
   1.06000000000000     
   1.06000000000000     
   1.06000000000000     
   1.06000000000000     
   1.06000000000000     
   1.06000000000000     
  3.000000000000000E-002
  3.000000000000000E-002
  3.000000000000000E-002
  3.000000000000000E-002
  3.000000000000000E-002
  3.000000000000000E-002
  3.000000000000000E-002
  3.000000000000000E-002
  3.000000000000000E-002
  3.000000000000000E-002
  3.000000000000000E-002
  3.000000000000000E-002
  3.000000000000000E-002
  3.000000000000000E-002
  3.000000000000000E-002
  3.000000000000000E-002
  3.000000000000000E-002
  3.000000000000000E-002
  3.000000000000000E-002
  3.000000000000000E-002
  3.000000000000000E-002
  3.000000000000000E-002
  3.000000000000000E-002
  3.000000000000000E-002
  3.000000000000000E-002
  3.000000000000000E-002
  3.000000000000000E-002
  3.000000000000000E-002
  3.000000000000000E-002
  3.000000000000000E-002
  3.000000000000000E-002
  3.000000000000000E-002
  3.000000000000000E-002
  3.000000000000000E-002
  3.000000000000000E-002
  3.000000000000000E-002
  3.000000000000000E-002
  3.000000000000000E-002
  3.000000000000000E-002
  3.000000000000000E-002
  3.000000000000000E-002
  3.000000000000000E-002
  3.000000000000000E-002
  3.000000000000000E-002
  3.000000000000000E-002
  3.000000000000000E-002
  3.000000000000000E-002
  3.000000000000000E-002
  3.000000000000000E-002
  3.000000000000000E-002
  3.000000000000000E-002
  3.000000000000000E-002
  3.000000000000000E-002
  3.000000000000000E-002
  3.000000000000000E-002
  3.000000000000000E-002
  3.000000000000000E-002
  3.000000000000000E-002
  3.000000000000000E-002
  3.000000000000000E-002
  3.000000000000000E-002
  3.000000000000000E-002
  3.000000000000000E-002
  3.000000000000000E-002
  3.000000000000000E-002
  3.000000000000000E-002
  3.000000000000000E-002
  3.000000000000000E-002
  3.000000000000000E-002
  3.000000000000000E-002
  3.000000000000000E-002
  3.000000000000000E-002
  3.000000000000000E-002
  3.000000000000000E-002
  3.000000000000000E-002
  3.000000000000000E-002
  3.000000000000000E-002
  3.000000000000000E-002
  3.000000000000000E-002
  3.000000000000000E-002
  3.000000000000000E-002
  3.000000000000000E-002
  3.000000000000000E-002
  3.000000000000000E-002
  3.000000000000000E-002
  3.000000000000000E-002
  3.000000000000000E-002
  3.000000000000000E-002
  3.000000000000000E-002
  3.000000000000000E-002
  3.000000000000000E-002
  3.000000000000000E-002
  3.000000000000000E-002
  3.000000000000000E-002
  3.000000000000000E-002
  3.000000000000000E-002
  3.000000000000000E-002
  3.000000000000000E-002
