           3
 2 1 2
   9   2   6
  0.000000000  0.000000000  0.000000000  0.250000000  0.250000000  0.500000000  0.500000000  0.750000000  0.750000000  1.000000000  1.000000000  1.000000000
  0.000000000  0.000000000  1.000000000  1.000000000
  0.257928118  0.257928118  0.257928118  0.258562368  0.259196617  0.259830867  0.260465116  0.260465116  0.260465116
 -0.560245578600E+01 -0.362211928030E+02  0.407912119900E+02  0.100000000000E+01
 -0.560245578600E+01 -0.362211928030E+02  0.407912119900E+02  0.707107770746E+00
 -0.560245578600E+01 -0.362211928030E+02  0.407912119900E+02  0.100000000000E+01
 -0.560245578600E+01 -0.362211928030E+02  0.407912119900E+02  0.707106500648E+00
 -0.560245578600E+01 -0.362211928030E+02  0.407912119900E+02  0.100000000000E+01
 -0.560245578600E+01 -0.362211928030E+02  0.407912119900E+02  0.707104359263E+00
 -0.560245578600E+01 -0.362211928030E+02  0.407912119900E+02  0.100000000000E+01
 -0.560245578600E+01 -0.362211928030E+02  0.407912119900E+02  0.707106633862E+00
 -0.560245578600E+01 -0.362211928030E+02  0.407912119900E+02  0.100000000000E+01
 -0.540904823800E+01 -0.357334685140E+02  0.407491651910E+02  0.100000000000E+01
 -0.500620617000E+01 -0.359974645800E+02  0.405036303040E+02  0.707107770746E+00
 -0.498991491300E+01 -0.364949221040E+02  0.404336218570E+02  0.100000000000E+01
 -0.532599990700E+01 -0.368280517890E+02  0.405701699450E+02  0.707106500648E+00
 -0.575077635900E+01 -0.365952175970E+02  0.408234538630E+02  0.100000000000E+01
 -0.559619770300E+01 -0.364762053140E+02  0.411139322630E+02  0.707104359263E+00
 -0.542930381600E+01 -0.362455391370E+02  0.413052753460E+02  0.100000000000E+01
 -0.522994633800E+01 -0.357839977590E+02  0.413112276110E+02  0.707106633862E+00
 -0.540904823800E+01 -0.357334685140E+02  0.407491651910E+02  0.100000000000E+01
 -0.530300675000E+01 -0.363389809880E+02  0.407910423880E+02  0.100000000000E+01
 -0.530300675000E+01 -0.363389809880E+02  0.407910423880E+02  0.707106646551E+00
 -0.530300675000E+01 -0.363389809880E+02  0.407910423880E+02  0.100000000000E+01
 -0.530300675000E+01 -0.363389809880E+02  0.407910423880E+02  0.707107576100E+00
 -0.530300675000E+01 -0.363389809880E+02  0.407910423880E+02  0.100000000000E+01
 -0.530300675000E+01 -0.363389809880E+02  0.407910423880E+02  0.707107123852E+00
 -0.530300675000E+01 -0.363389809880E+02  0.407910423880E+02  0.100000000000E+01
 -0.530300675000E+01 -0.363389809880E+02  0.407910423880E+02  0.707106373902E+00
 -0.530300675000E+01 -0.363389809880E+02  0.407910423880E+02  0.100000000000E+01
 -0.515096189900E+01 -0.359579743140E+02  0.407581800940E+02  0.100000000000E+01
 -0.490873161200E+01 -0.361507433230E+02  0.405261636180E+02  0.707106646551E+00
 -0.495488271800E+01 -0.365045031590E+02  0.404826491910E+02  0.100000000000E+01
 -0.515986566500E+01 -0.367537192710E+02  0.405863593300E+02  0.707107576100E+00
 -0.540638206300E+01 -0.365980289050E+02  0.408133853980E+02  0.100000000000E+01
 -0.531931674900E+01 -0.365717839880E+02  0.411211539400E+02  0.707107123852E+00
 -0.518418584800E+01 -0.363441550880E+02  0.412808127810E+02  0.100000000000E+01
 -0.501660329200E+01 -0.359293362670E+02  0.412533121940E+02  0.707106373902E+00
 -0.515096189900E+01 -0.359579743140E+02  0.407581800940E+02  0.100000000000E+01
 -0.500461546300E+01 -0.364589051840E+02  0.408021384060E+02  0.100000000000E+01
 -0.500461546300E+01 -0.364589051840E+02  0.408021384060E+02  0.707106815672E+00
 -0.500461546300E+01 -0.364589051840E+02  0.408021384060E+02  0.100000000000E+01
 -0.500461546300E+01 -0.364589051840E+02  0.408021384060E+02  0.707104755815E+00
 -0.500461546300E+01 -0.364589051840E+02  0.408021384060E+02  0.100000000000E+01
 -0.500461546300E+01 -0.364589051840E+02  0.408021384060E+02  0.707107471322E+00
 -0.500461546300E+01 -0.364589051840E+02  0.408021384060E+02  0.100000000000E+01
 -0.500461546300E+01 -0.364589051840E+02  0.408021384060E+02  0.707108211754E+00
 -0.500461546300E+01 -0.364589051840E+02  0.408021384060E+02  0.100000000000E+01
 -0.488241197100E+01 -0.361618067420E+02  0.407765228900E+02  0.100000000000E+01
 -0.474975797800E+01 -0.363007663470E+02  0.405781165470E+02  0.707106815672E+00
 -0.481643834100E+01 -0.365574303680E+02  0.405571389520E+02  0.100000000000E+01
 -0.494375366400E+01 -0.367779496010E+02  0.406167318590E+02  0.707104755815E+00
 -0.510361577100E+01 -0.366995915970E+02  0.408228917790E+02  0.100000000000E+01
 -0.507041482100E+01 -0.367419491190E+02  0.411899649310E+02  0.707107471322E+00
 -0.492188188100E+01 -0.364452915190E+02  0.413547020360E+02  0.100000000000E+01
 -0.475040972700E+01 -0.360164580070E+02  0.412824264150E+02  0.707108211754E+00
 -0.488241197100E+01 -0.361618067420E+02  0.407765228900E+02  0.100000000000E+01
 -0.470777999500E+01 -0.365809455890E+02  0.408252777190E+02  0.100000000000E+01
 -0.470777999500E+01 -0.365809455890E+02  0.408252777190E+02  0.707106624750E+00
 -0.470777999500E+01 -0.365809455890E+02  0.408252777190E+02  0.100000000000E+01
 -0.470777999500E+01 -0.365809455890E+02  0.408252777190E+02  0.707103357413E+00
 -0.470777999500E+01 -0.365809455890E+02  0.408252777190E+02  0.100000000000E+01
 -0.470777999500E+01 -0.365809455890E+02  0.408252777190E+02  0.707107799091E+00
 -0.470777999500E+01 -0.365809455890E+02  0.408252777190E+02  0.100000000000E+01
 -0.470777999500E+01 -0.365809455890E+02  0.408252777190E+02  0.707109245837E+00
 -0.470777999500E+01 -0.365809455890E+02  0.408252777190E+02  0.100000000000E+01
 -0.457756291200E+01 -0.362742160680E+02  0.407989805550E+02  0.100000000000E+01
 -0.449405395500E+01 -0.364152509860E+02  0.405808310460E+02  0.707106624750E+00
 -0.457746780400E+01 -0.366581525660E+02  0.405700128630E+02  0.100000000000E+01
 -0.469245039100E+01 -0.369193090960E+02  0.405990075840E+02  0.707103357413E+00
 -0.482498414500E+01 -0.368570204700E+02  0.408489497680E+02  0.100000000000E+01
 -0.482129271300E+01 -0.368755180310E+02  0.412203098720E+02  0.707107799091E+00
 -0.467827801700E+01 -0.365494262420E+02  0.413389595190E+02  0.100000000000E+01
 -0.451719088400E+01 -0.361685958540E+02  0.412874423090E+02  0.707109245837E+00
 -0.457756291200E+01 -0.362742160680E+02  0.407989805550E+02  0.100000000000E+01
 -0.441308940000E+01 -0.367050500240E+02  0.408612530830E+02  0.100000000000E+01
 -0.441308940000E+01 -0.367050500240E+02  0.408612530830E+02  0.707107220962E+00
 -0.441308940000E+01 -0.367050500240E+02  0.408612530830E+02  0.100000000000E+01
 -0.441308940000E+01 -0.367050500240E+02  0.408612530830E+02  0.707109405510E+00
 -0.441308940000E+01 -0.367050500240E+02  0.408612530830E+02  0.100000000000E+01
 -0.441308940000E+01 -0.367050500240E+02  0.408612530830E+02  0.707106374661E+00
 -0.441308940000E+01 -0.367050500240E+02  0.408612530830E+02  0.100000000000E+01
 -0.441308940000E+01 -0.367050500240E+02  0.408612530830E+02  0.707104347754E+00
 -0.441308940000E+01 -0.367050500240E+02  0.408612530830E+02  0.100000000000E+01
 -0.428560550800E+01 -0.364144777400E+02  0.408366400140E+02  0.100000000000E+01
 -0.422895152600E+01 -0.365182087030E+02  0.405872045810E+02  0.707107220962E+00
 -0.431965086200E+01 -0.367718436080E+02  0.405566756800E+02  0.100000000000E+01
 -0.444583006700E+01 -0.370200455350E+02  0.406213873770E+02  0.707109405510E+00
 -0.455218016300E+01 -0.370220811510E+02  0.408881046110E+02  0.100000000000E+01
 -0.456310011000E+01 -0.369832537350E+02  0.412366363670E+02  0.707106374661E+00
 -0.442815993800E+01 -0.366630169490E+02  0.412794584300E+02  0.100000000000E+01
 -0.428302914300E+01 -0.363399577520E+02  0.412093724500E+02  0.707104347754E+00
 -0.428560550800E+01 -0.364144777400E+02  0.408366400140E+02  0.100000000000E+01
 -0.412123134700E+01 -0.368311265800E+02  0.409108531850E+02  0.100000000000E+01
 -0.412123134700E+01 -0.368311265800E+02  0.409108531850E+02  0.707104755522E+00
 -0.412123134700E+01 -0.368311265800E+02  0.409108531850E+02  0.100000000000E+01
 -0.412123134700E+01 -0.368311265800E+02  0.409108531850E+02  0.707106213292E+00
 -0.412123134700E+01 -0.368311265800E+02  0.409108531850E+02  0.100000000000E+01
 -0.412123134700E+01 -0.368311265800E+02  0.409108531850E+02  0.707108911755E+00
 -0.412123134700E+01 -0.368311265800E+02  0.409108531850E+02  0.100000000000E+01
 -0.412123134700E+01 -0.368311265800E+02  0.409108531850E+02  0.707107244171E+00
 -0.412123134700E+01 -0.368311265800E+02  0.409108531850E+02  0.100000000000E+01
 -0.399783247000E+01 -0.365592795550E+02  0.408882925890E+02  0.100000000000E+01
 -0.397054024300E+01 -0.366157564540E+02  0.406219483330E+02  0.707104755522E+00
 -0.408081473100E+01 -0.368747684610E+02  0.406060732130E+02  0.100000000000E+01
 -0.419545424600E+01 -0.371117053550E+02  0.406620299120E+02  0.707106213292E+00
 -0.424003926900E+01 -0.370928600310E+02  0.409325766260E+02  0.100000000000E+01
 -0.426657243500E+01 -0.370377702050E+02  0.411919246650E+02  0.707108911755E+00
 -0.415849511800E+01 -0.367908906000E+02  0.411918569190E+02  0.100000000000E+01
 -0.404377790100E+01 -0.365414748690E+02  0.411634729570E+02  0.707107244171E+00
 -0.399783247000E+01 -0.365592795550E+02  0.408882925890E+02  0.100000000000E+01
           1
           2
           3
           4
           5
           6
           7
           8
           9
          10
          11
          12
          13
          14
          15
          16
          17
          18
          19
          20
          21
          22
          23
          24
          25
          26
          27
          28
          29
          30
          31
          32
          33
          34
          35
          36
          37
          38
          39
          40
          41
          42
          43
          44
          45
          46
          47
          48
          49
          50
          51
          52
          53
          54
          55
          56
          57
          58
          59
          60
          61
          62
          63
          64
          65
          66
          67
          68
          69
          70
          71
          72
          73
          74
          75
          76
          77
          78
          79
          80
          81
          82
          83
          84
          85
          86
          87
          88
          89
          90
          91
          92
          93
          94
          95
          96
          97
          98
          99
         100
         101
         102
         103
         104
         105
         106
         107
         108
 1 0 0
 0 0 0
 0 0 0
 0 0 0
 0 0 0
 0 0 0
 0 0 0
 0 0 0
 0 0 0
 0 0 0
 0 0 0
 0 0 0
 0 0 0
 0 0 0
 0 0 0
 0 0 0
 0 0 0
 0 0 0
 0 0 0
 0 0 0
 0 0 0
 0 0 0
 0 0 0
 0 0 0
 0 0 0
 0 0 0
 0 0 0
 0 0 0
 0 0 0
 0 0 0
 0 0 0
 0 0 0
 0 0 0
 0 0 0
 0 0 0
 0 0 0
 0 0 0
 0 0 0
 0 0 0
 0 0 0
 0 0 0
 0 0 0
 0 0 0
 0 0 0
 0 0 0
 0 0 0
 0 0 0
 0 0 0
 0 0 0
 0 0 0
 0 0 0
 0 0 0
 0 0 0
 0 0 0
 0 0 0
 0 0 0
 0 0 0
 0 0 0
 0 0 0
 0 0 0
 0 0 0
 0 0 0
 0 0 0
 0 0 0
 0 0 0
 0 0 0
 0 0 0
 0 0 0
 0 0 0
 0 0 0
 0 0 0
 0 0 0
 0 0 0
 0 0 0
 0 0 0
 0 0 0
 0 0 0
 0 0 0
 0 0 0
 0 0 0
 0 0 0
 0 0 0
 0 0 0
 0 0 0
 0 0 0
 0 0 0
 0 0 0
 0 0 0
 0 0 0
 0 0 0
 0 0 0
 0 0 0
 0 0 0
 0 0 0
 0 0 0
 0 0 0
 0 0 0
 0 0 0
 0 0 0
 0 0 0
 0 0 0
 0 0 0
 0 0 0
 0 0 0
 0 0 0
 0 0 0
 0 0 0
 0 0 0
 0 0 0
  0.000000000  0.000000000  0.000000000
  0.000000000  0.000000000  0.000000000
  0.000000000  0.000000000  0.000000000
  0.000000000  0.000000000  0.000000000
  0.000000000  0.000000000  0.000000000
  0.000000000  0.000000000  0.000000000
  0.000000000  0.000000000  0.000000000
  0.000000000  0.000000000  0.000000000
  0.000000000  0.000000000  0.000000000
  0.000000000  0.000000000  0.000000000
  0.000000000  0.000000000  0.000000000
  0.000000000  0.000000000  0.000000000
  0.000000000  0.000000000  0.000000000
  0.000000000  0.000000000  0.000000000
  0.000000000  0.000000000  0.000000000
  0.000000000  0.000000000  0.000000000
  0.000000000  0.000000000  0.000000000
  0.000000000  0.000000000  0.000000000
  0.000000000  0.000000000  0.000000000
  0.000000000  0.000000000  0.000000000
  0.000000000  0.000000000  0.000000000
  0.000000000  0.000000000  0.000000000
  0.000000000  0.000000000  0.000000000
  0.000000000  0.000000000  0.000000000
  0.000000000  0.000000000  0.000000000
  0.000000000  0.000000000  0.000000000
  0.000000000  0.000000000  0.000000000
  0.000000000  0.000000000  0.000000000
  0.000000000  0.000000000  0.000000000
  0.000000000  0.000000000  0.000000000
  0.000000000  0.000000000  0.000000000
  0.000000000  0.000000000  0.000000000
  0.000000000  0.000000000  0.000000000
  0.000000000  0.000000000  0.000000000
  0.000000000  0.000000000  0.000000000
  0.000000000  0.000000000  0.000000000
  0.000000000  0.000000000  0.000000000
  0.000000000  0.000000000  0.000000000
  0.000000000  0.000000000  0.000000000
  0.000000000  0.000000000  0.000000000
  0.000000000  0.000000000  0.000000000
  0.000000000  0.000000000  0.000000000
  0.000000000  0.000000000  0.000000000
  0.000000000  0.000000000  0.000000000
  0.000000000  0.000000000  0.000000000
  0.000000000  0.000000000  0.000000000
  0.000000000  0.000000000  0.000000000
  0.000000000  0.000000000  0.000000000
  0.000000000  0.000000000  0.000000000
  0.000000000  0.000000000  0.000000000
  0.000000000  0.000000000  0.000000000
  0.000000000  0.000000000  0.000000000
  0.000000000  0.000000000  0.000000000
  0.000000000  0.000000000  0.000000000
  0.000000000  0.000000000  0.000000000
  0.000000000  0.000000000  0.000000000
  0.000000000  0.000000000  0.000000000
  0.000000000  0.000000000  0.000000000
  0.000000000  0.000000000  0.000000000
  0.000000000  0.000000000  0.000000000
  0.000000000  0.000000000  0.000000000
  0.000000000  0.000000000  0.000000000
  0.000000000  0.000000000  0.000000000
  0.000000000  0.000000000  0.000000000
  0.000000000  0.000000000  0.000000000
  0.000000000  0.000000000  0.000000000
  0.000000000  0.000000000  0.000000000
  0.000000000  0.000000000  0.000000000
  0.000000000  0.000000000  0.000000000
  0.000000000  0.000000000  0.000000000
  0.000000000  0.000000000  0.000000000
  0.000000000  0.000000000  0.000000000
  0.000000000  0.000000000  0.000000000
  0.000000000  0.000000000  0.000000000
  0.000000000  0.000000000  0.000000000
  0.000000000  0.000000000  0.000000000
  0.000000000  0.000000000  0.000000000
  0.000000000  0.000000000  0.000000000
  0.000000000  0.000000000  0.000000000
  0.000000000  0.000000000  0.000000000
  0.000000000  0.000000000  0.000000000
  0.000000000  0.000000000  0.000000000
  0.000000000  0.000000000  0.000000000
  0.000000000  0.000000000  0.000000000
  0.000000000  0.000000000  0.000000000
  0.000000000  0.000000000  0.000000000
  0.000000000  0.000000000  0.000000000
  0.000000000  0.000000000  0.000000000
  0.000000000  0.000000000  0.000000000
  0.000000000  0.000000000  0.000000000
  0.000000000  0.000000000  0.000000000
  0.000000000  0.000000000  0.000000000
  0.000000000  0.000000000  0.000000000
  0.000000000  0.000000000  0.000000000
  0.000000000  0.000000000  0.000000000
  0.000000000  0.000000000  0.000000000
  0.000000000  0.000000000  0.000000000
  0.000000000  0.000000000  0.000000000
  0.000000000  0.000000000  0.000000000
  0.000000000  0.000000000  0.000000000
  0.000000000  0.000000000  0.000000000
  0.000000000  0.000000000  0.000000000
  0.000000000  0.000000000  0.000000000
  0.000000000  0.000000000  0.000000000
  0.000000000  0.000000000  0.000000000
  0.000000000  0.000000000  0.000000000
  0.000000000  0.000000000  0.000000000
  0.000000000  0.000000000  0.000000000
 0 0 0
 0 0 0
 0 0 0
 0 0 0
 0 0 0
 0 0 0
 0 0 0
 0 0 0
 0 0 0
 0 0 0
 0 0 0
 0 0 0
 0 0 0
 0 0 0
 0 0 0
 0 0 0
 0 0 0
 0 0 0
 0 0 0
 0 0 0
 0 0 0
 0 0 0
 0 0 0
 0 0 0
 0 0 0
 0 0 0
 0 0 0
 0 0 0
 0 0 0
 0 0 0
 0 0 0
 0 0 0
 0 0 0
 0 0 0
 0 0 0
 0 0 0
 0 0 0
 0 0 0
 0 0 0
 0 0 0
 0 0 0
 0 0 0
 0 0 0
 0 0 0
 0 0 0
 0 0 0
 0 0 0
 0 0 0
 0 0 0
 0 0 0
 0 0 0
 0 0 0
 0 0 0
 0 0 0
 0 0 0
 0 0 0
 0 0 0
 0 0 0
 0 0 0
 0 0 0
 0 0 0
 0 0 0
 0 0 0
 0 0 0
 0 0 0
 0 0 0
 0 0 0
 0 0 0
 0 0 0
 0 0 0
  0.000000000  0.000000000  0.000000000
  0.000000000  0.000000000  0.000000000
  0.000000000  0.000000000  0.000000000
  0.000000000  0.000000000  0.000000000
  0.000000000  0.000000000  0.000000000
  0.000000000  0.000000000  0.000000000
  0.000000000  0.000000000  0.000000000
  0.000000000  0.000000000  0.000000000
  0.000000000  0.000000000  0.000000000
  0.000000000  0.000000000  0.000000000
  0.000000000  0.000000000  0.000000000
  0.000000000  0.000000000  0.000000000
  0.000000000  0.000000000  0.000000000
  0.000000000  0.000000000  0.000000000
  0.000000000  0.000000000  0.000000000
  0.000000000  0.000000000  0.000000000
  0.000000000  0.000000000  0.000000000
  0.000000000  0.000000000  0.000000000
  0.000000000  0.000000000  0.000000000
  0.000000000  0.000000000  0.000000000
  0.000000000  0.000000000  0.000000000
  0.000000000  0.000000000  0.000000000
  0.000000000  0.000000000  0.000000000
  0.000000000  0.000000000  0.000000000
  0.000000000  0.000000000  0.000000000
  0.000000000  0.000000000  0.000000000
  0.000000000  0.000000000  0.000000000
  0.000000000  0.000000000  0.000000000
  0.000000000  0.000000000  0.000000000
  0.000000000  0.000000000  0.000000000
  0.000000000  0.000000000  0.000000000
  0.000000000  0.000000000  0.000000000
  0.000000000  0.000000000  0.000000000
  0.000000000  0.000000000  0.000000000
  0.000000000  0.000000000  0.000000000
  0.000000000  0.000000000  0.000000000
  0.000000000  0.000000000  0.000000000
  0.000000000  0.000000000  0.000000000
  0.000000000  0.000000000  0.000000000
  0.000000000  0.000000000  0.000000000
  0.000000000  0.000000000  0.000000000
  0.000000000  0.000000000  0.000000000
  0.000000000  0.000000000  0.000000000
  0.000000000  0.000000000  0.000000000
  0.000000000  0.000000000  0.000000000
  0.000000000  0.000000000  0.000000000
  0.000000000  0.000000000  0.000000000
  0.000000000  0.000000000  0.000000000
  0.000000000  0.000000000  0.000000000
  0.000000000  0.000000000  0.000000000
  0.000000000  0.000000000  0.000000000
  0.000000000  0.000000000  0.000000000
  0.000000000  0.000000000  0.000000000
  0.000000000  0.000000000  0.000000000
  0.000000000  0.000000000  0.000000000
  0.000000000  0.000000000  0.000000000
  0.000000000  0.000000000  0.000000000
  0.000000000  0.000000000  0.000000000
  0.000000000  0.000000000  0.000000000
  0.000000000  0.000000000  0.000000000
  0.000000000  0.000000000  0.000000000
  0.000000000  0.000000000  0.000000000
  0.000000000  0.000000000  0.000000000
  0.000000000  0.000000000  0.000000000
  0.000000000  0.000000000  0.000000000
  0.000000000  0.000000000  0.000000000
  0.000000000  0.000000000  0.000000000
  0.000000000  0.000000000  0.000000000
  0.000000000  0.000000000  0.000000000
  0.000000000  0.000000000  0.000000000
  0.000000000  0.000000000  0.000000000
  0.000000000  0.000000000  0.000000000
  0.000000000  0.000000000  0.000000000
  0.000000000  0.000000000  0.000000000
  0.000000000  0.000000000  0.000000000
  0.000000000  0.000000000  0.000000000
  0.000000000  0.000000000  0.000000000
  0.000000000  0.000000000  0.000000000
  0.000000000  0.000000000  0.000000000
  0.000000000  0.000000000  0.000000000
  0.000000000  0.000000000  0.000000000
  0.000000000  0.000000000  0.000000000
  0.000000000  0.000000000  0.000000000
  0.000000000  0.000000000  0.000000000
  0.000000000  0.000000000  0.000000000
  0.000000000  0.000000000  0.000000000
  0.000000000  0.000000000  0.000000000
  0.000000000  0.000000000  0.000000000
  0.000000000  0.000000000  0.000000000
  0.000000000  0.000000000  0.000000000
  0.000000000  0.000000000  0.000000000
  0.000000000  0.000000000  0.000000000
  0.000000000  0.000000000  0.000000000
  0.000000000  0.000000000  0.000000000
  0.000000000  0.000000000  0.000000000
  0.000000000  0.000000000  0.000000000
  0.000000000  0.000000000  0.000000000
  0.000000000  0.000000000  0.000000000
   1.06000000000000     
   1.06000000000000     
   1.06000000000000     
   1.06000000000000     
   1.06000000000000     
   1.06000000000000     
   1.06000000000000     
   1.06000000000000     
   1.06000000000000     
   1.06000000000000     
   1.06000000000000     
   1.06000000000000     
   1.06000000000000     
   1.06000000000000     
   1.06000000000000     
   1.06000000000000     
   1.06000000000000     
   1.06000000000000     
   1.06000000000000     
   1.06000000000000     
   1.06000000000000     
   1.06000000000000     
   1.06000000000000     
   1.06000000000000     
   1.06000000000000     
   1.06000000000000     
   1.06000000000000     
   1.06000000000000     
  3.000000000000000E-002
  3.000000000000000E-002
  3.000000000000000E-002
  3.000000000000000E-002
  3.000000000000000E-002
  3.000000000000000E-002
  3.000000000000000E-002
  3.000000000000000E-002
  3.000000000000000E-002
  3.000000000000000E-002
  3.000000000000000E-002
  3.000000000000000E-002
  3.000000000000000E-002
  3.000000000000000E-002
  3.000000000000000E-002
  3.000000000000000E-002
  3.000000000000000E-002
  3.000000000000000E-002
  3.000000000000000E-002
  3.000000000000000E-002
  3.000000000000000E-002
  3.000000000000000E-002
  3.000000000000000E-002
  3.000000000000000E-002
  3.000000000000000E-002
  3.000000000000000E-002
  3.000000000000000E-002
  3.000000000000000E-002
