           3
 2 1 2
   9   2  20
  0.000000000  0.000000000  0.000000000  0.250000000  0.250000000  0.500000000  0.500000000  0.750000000  0.750000000  1.000000000  1.000000000  1.000000000
  0.000000000  0.000000000  1.000000000  1.000000000
  0.360676533  0.360676533  0.360676533  0.361146347  0.361616162  0.362085976  0.362555791  0.363025605  0.363495419  0.363965234  0.364435048  0.364904863  0.365374677  0.365844492  0.366314306  0.366784121  0.367253935  0.367723749  0.368193564  0.368663378  0.369133192  0.369133192  0.369133192
 -0.150210988180E+02 -0.249300710030E+02  0.369567022030E+02  0.100000000000E+01
 -0.150210988180E+02 -0.249300710030E+02  0.369567022030E+02  0.707107349797E+00
 -0.150210988180E+02 -0.249300710030E+02  0.369567022030E+02  0.100000000000E+01
 -0.150210988180E+02 -0.249300710030E+02  0.369567022030E+02  0.707106632567E+00
 -0.150210988180E+02 -0.249300710030E+02  0.369567022030E+02  0.100000000000E+01
 -0.150210988180E+02 -0.249300710030E+02  0.369567022030E+02  0.707106203477E+00
 -0.150210988180E+02 -0.249300710030E+02  0.369567022030E+02  0.100000000000E+01
 -0.150210988180E+02 -0.249300710030E+02  0.369567022030E+02  0.707106765463E+00
 -0.150210988180E+02 -0.249300710030E+02  0.369567022030E+02  0.100000000000E+01
 -0.149296740240E+02 -0.252631942920E+02  0.375367792210E+02  0.100000000000E+01
 -0.148160447960E+02 -0.247478846170E+02  0.376294686170E+02  0.707107349797E+00
 -0.148395397230E+02 -0.243435393290E+02  0.372649183500E+02  0.100000000000E+01
 -0.147793713160E+02 -0.229470374330E+02  0.365543756580E+02  0.707106632567E+00
 -0.151376532380E+02 -0.245053852090E+02  0.362171874000E+02  0.100000000000E+01
 -0.145362768120E+02 -0.249346388580E+02  0.361094779180E+02  0.707106203477E+00
 -0.142895219000E+02 -0.253508109200E+02  0.365997796650E+02  0.100000000000E+01
 -0.144211685970E+02 -0.255095182880E+02  0.371859843330E+02  0.707106765463E+00
 -0.149296740240E+02 -0.252631942920E+02  0.375367792210E+02  0.100000000000E+01
 -0.147313103660E+02 -0.248648537090E+02  0.369466260740E+02  0.100000000000E+01
 -0.147313103660E+02 -0.248648537090E+02  0.369466260740E+02  0.707106085558E+00
 -0.147313103660E+02 -0.248648537090E+02  0.369466260740E+02  0.100000000000E+01
 -0.147313103660E+02 -0.248648537090E+02  0.369466260740E+02  0.707107637993E+00
 -0.147313103660E+02 -0.248648537090E+02  0.369466260740E+02  0.100000000000E+01
 -0.147313103660E+02 -0.248648537090E+02  0.369466260740E+02  0.707107653177E+00
 -0.147313103660E+02 -0.248648537090E+02  0.369466260740E+02  0.100000000000E+01
 -0.147313103660E+02 -0.248648537090E+02  0.369466260740E+02  0.707106433762E+00
 -0.147313103660E+02 -0.248648537090E+02  0.369466260740E+02  0.100000000000E+01
 -0.146722267150E+02 -0.251201623360E+02  0.373776184000E+02  0.100000000000E+01
 -0.146099638890E+02 -0.247104274860E+02  0.374073356410E+02  0.707106085558E+00
 -0.145915415380E+02 -0.243219962990E+02  0.372490386400E+02  0.100000000000E+01
 -0.145871204880E+02 -0.231551263720E+02  0.365396520640E+02  0.707107637993E+00
 -0.148159102260E+02 -0.244992796740E+02  0.363294922090E+02  0.100000000000E+01
 -0.143563610830E+02 -0.249049827660E+02  0.362243367800E+02  0.707107653177E+00
 -0.141730848640E+02 -0.252710946580E+02  0.366294529180E+02  0.100000000000E+01
 -0.142835091570E+02 -0.253805270280E+02  0.371074811580E+02  0.707106433762E+00
 -0.146722267150E+02 -0.251201623360E+02  0.373776184000E+02  0.100000000000E+01
 -0.144393473180E+02 -0.248093716290E+02  0.369491863220E+02  0.100000000000E+01
 -0.144393473180E+02 -0.248093716290E+02  0.369491863220E+02  0.707105016756E+00
 -0.144393473180E+02 -0.248093716290E+02  0.369491863220E+02  0.100000000000E+01
 -0.144393473180E+02 -0.248093716290E+02  0.369491863220E+02  0.707106771126E+00
 -0.144393473180E+02 -0.248093716290E+02  0.369491863220E+02  0.100000000000E+01
 -0.144393473180E+02 -0.248093716290E+02  0.369491863220E+02  0.707108087582E+00
 -0.144393473180E+02 -0.248093716290E+02  0.369491863220E+02  0.100000000000E+01
 -0.144393473180E+02 -0.248093716290E+02  0.369491863220E+02  0.707106981289E+00
 -0.144393473180E+02 -0.248093716290E+02  0.369491863220E+02  0.100000000000E+01
 -0.144144433620E+02 -0.250173407180E+02  0.372852625850E+02  0.100000000000E+01
 -0.143533528270E+02 -0.246397484450E+02  0.374006547770E+02  0.707105016756E+00
 -0.143262472330E+02 -0.242588683760E+02  0.372814612920E+02  0.100000000000E+01
 -0.143459520180E+02 -0.237320743280E+02  0.367262310370E+02  0.707106771126E+00
 -0.144766174720E+02 -0.244981340660E+02  0.364462232360E+02  0.100000000000E+01
 -0.140943557150E+02 -0.248776569610E+02  0.362549044640E+02  0.707108087582E+00
 -0.139907767230E+02 -0.252212778810E+02  0.366610529130E+02  0.100000000000E+01
 -0.140980909100E+02 -0.253120506990E+02  0.370900763950E+02  0.707106981289E+00
 -0.144144433620E+02 -0.250173407180E+02  0.372852625850E+02  0.100000000000E+01
 -0.141460630250E+02 -0.247643756590E+02  0.369660036540E+02  0.100000000000E+01
 -0.141460630250E+02 -0.247643756590E+02  0.369660036540E+02  0.707106550858E+00
 -0.141460630250E+02 -0.247643756590E+02  0.369660036540E+02  0.100000000000E+01
 -0.141460630250E+02 -0.247643756590E+02  0.369660036540E+02  0.707106804918E+00
 -0.141460630250E+02 -0.247643756590E+02  0.369660036540E+02  0.100000000000E+01
 -0.141460630250E+02 -0.247643756590E+02  0.369660036540E+02  0.707107024402E+00
 -0.141460630250E+02 -0.247643756590E+02  0.369660036540E+02  0.100000000000E+01
 -0.141460630250E+02 -0.247643756590E+02  0.369660036540E+02  0.707106899417E+00
 -0.141460630250E+02 -0.247643756590E+02  0.369660036540E+02  0.100000000000E+01
 -0.141447395960E+02 -0.249662601600E+02  0.372783162310E+02  0.100000000000E+01
 -0.140945389080E+02 -0.246016757520E+02  0.374666277470E+02  0.707106550858E+00
 -0.140687246440E+02 -0.242372991900E+02  0.373063872080E+02  0.100000000000E+01
 -0.140754262560E+02 -0.239713638930E+02  0.368240553890E+02  0.707106804918E+00
 -0.141479806480E+02 -0.244717840260E+02  0.365133676960E+02  0.100000000000E+01
 -0.138373385330E+02 -0.248534407470E+02  0.363216332260E+02  0.707107024402E+00
 -0.137773790410E+02 -0.251871131060E+02  0.366911764640E+02  0.100000000000E+01
 -0.138791959360E+02 -0.252839372190E+02  0.371010150510E+02  0.707106899417E+00
 -0.141447395960E+02 -0.249662601600E+02  0.372783162310E+02  0.100000000000E+01
 -0.138526389420E+02 -0.247299086720E+02  0.369981993020E+02  0.100000000000E+01
 -0.138526389420E+02 -0.247299086720E+02  0.369981993020E+02  0.707107232123E+00
 -0.138526389420E+02 -0.247299086720E+02  0.369981993020E+02  0.100000000000E+01
 -0.138526389420E+02 -0.247299086720E+02  0.369981993020E+02  0.707107349391E+00
 -0.138526389420E+02 -0.247299086720E+02  0.369981993020E+02  0.100000000000E+01
 -0.138526389420E+02 -0.247299086720E+02  0.369981993020E+02  0.707106458726E+00
 -0.138526389420E+02 -0.247299086720E+02  0.369981993020E+02  0.100000000000E+01
 -0.138526389420E+02 -0.247299086720E+02  0.369981993020E+02  0.707105986825E+00
 -0.138526389420E+02 -0.247299086720E+02  0.369981993020E+02  0.100000000000E+01
 -0.138734633410E+02 -0.249344959560E+02  0.373013739420E+02  0.100000000000E+01
 -0.138471592460E+02 -0.246033305060E+02  0.375280580920E+02  0.707107232123E+00
 -0.138174187340E+02 -0.242867307280E+02  0.372996831680E+02  0.100000000000E+01
 -0.137901061680E+02 -0.240205241860E+02  0.368842134380E+02  0.707107349391E+00
 -0.138241851440E+02 -0.244503599990E+02  0.365839432280E+02  0.100000000000E+01
 -0.135677706950E+02 -0.248211623990E+02  0.363616210580E+02  0.707106458726E+00
 -0.135551667000E+02 -0.251537671410E+02  0.367326036990E+02  0.100000000000E+01
 -0.136485636240E+02 -0.252697750290E+02  0.371185857150E+02  0.707105986825E+00
 -0.138734633410E+02 -0.249344959560E+02  0.373013739420E+02  0.100000000000E+01
 -0.135603602960E+02 -0.247047472020E+02  0.370458123900E+02  0.100000000000E+01
 -0.135603602960E+02 -0.247047472020E+02  0.370458123900E+02  0.707104609372E+00
 -0.135603602960E+02 -0.247047472020E+02  0.370458123900E+02  0.100000000000E+01
 -0.135603602960E+02 -0.247047472020E+02  0.370458123900E+02  0.707106024142E+00
 -0.135603602960E+02 -0.247047472020E+02  0.370458123900E+02  0.100000000000E+01
 -0.135603602960E+02 -0.247047472020E+02  0.370458123900E+02  0.707108594133E+00
 -0.135603602960E+02 -0.247047472020E+02  0.370458123900E+02  0.100000000000E+01
 -0.135603602960E+02 -0.247047472020E+02  0.370458123900E+02  0.707107778374E+00
 -0.135603602960E+02 -0.247047472020E+02  0.370458123900E+02  0.100000000000E+01
 -0.136029570170E+02 -0.249232409600E+02  0.373565691210E+02  0.100000000000E+01
 -0.135976176220E+02 -0.246059341660E+02  0.375298041110E+02  0.707104609372E+00
 -0.135593733900E+02 -0.243214009110E+02  0.373154757690E+02  0.100000000000E+01
 -0.135118620990E+02 -0.241017912950E+02  0.369512352580E+02  0.707106024142E+00
 -0.135106811970E+02 -0.244499310050E+02  0.366833889850E+02  0.100000000000E+01
 -0.133184048890E+02 -0.248046060280E+02  0.364841568560E+02  0.707108594133E+00
 -0.133217885310E+02 -0.251263840020E+02  0.367820625460E+02  0.100000000000E+01
 -0.133990496730E+02 -0.253297573740E+02  0.371725574130E+02  0.707107778374E+00
 -0.136029570170E+02 -0.249232409600E+02  0.373565691210E+02  0.100000000000E+01
 -0.132701679000E+02 -0.246859124640E+02  0.371072147740E+02  0.100000000000E+01
 -0.132701679000E+02 -0.246859124640E+02  0.371072147740E+02  0.707107916614E+00
 -0.132701679000E+02 -0.246859124640E+02  0.371072147740E+02  0.100000000000E+01
 -0.132701679000E+02 -0.246859124640E+02  0.371072147740E+02  0.707105946510E+00
 -0.132701679000E+02 -0.246859124640E+02  0.371072147740E+02  0.100000000000E+01
 -0.132701679000E+02 -0.246859124640E+02  0.371072147740E+02  0.707105747327E+00
 -0.132701679000E+02 -0.246859124640E+02  0.371072147740E+02  0.100000000000E+01
 -0.132701679000E+02 -0.246859124640E+02  0.371072147740E+02  0.707107429202E+00
 -0.132701679000E+02 -0.246859124640E+02  0.371072147740E+02  0.100000000000E+01
 -0.133307344830E+02 -0.249190449750E+02  0.374268537890E+02  0.100000000000E+01
 -0.133484146160E+02 -0.245966260310E+02  0.376000784910E+02  0.707107916614E+00
 -0.133010820540E+02 -0.243173945780E+02  0.373701417470E+02  0.100000000000E+01
 -0.132383839430E+02 -0.241213263820E+02  0.370299874370E+02  0.707105946510E+00
 -0.132093912340E+02 -0.244519694910E+02  0.367864651000E+02  0.100000000000E+01
 -0.130693087660E+02 -0.247794828410E+02  0.366017739410E+02  0.707105747327E+00
 -0.130795981760E+02 -0.251040034900E+02  0.368383863170E+02  0.100000000000E+01
 -0.131608403870E+02 -0.253891525160E+02  0.372495008140E+02  0.707107429202E+00
 -0.133307344830E+02 -0.249190449750E+02  0.374268537890E+02  0.100000000000E+01
 -0.129822166590E+02 -0.246686011120E+02  0.371788388320E+02  0.100000000000E+01
 -0.129822166590E+02 -0.246686011120E+02  0.371788388320E+02  0.707108367339E+00
 -0.129822166590E+02 -0.246686011120E+02  0.371788388320E+02  0.100000000000E+01
 -0.129822166590E+02 -0.246686011120E+02  0.371788388320E+02  0.707105744960E+00
 -0.129822166590E+02 -0.246686011120E+02  0.371788388320E+02  0.100000000000E+01
 -0.129822166590E+02 -0.246686011120E+02  0.371788388320E+02  0.707105240003E+00
 -0.129822166590E+02 -0.246686011120E+02  0.371788388320E+02  0.100000000000E+01
 -0.129822166590E+02 -0.246686011120E+02  0.371788388320E+02  0.707107830725E+00
 -0.129822166590E+02 -0.246686011120E+02  0.371788388320E+02  0.100000000000E+01
 -0.130577155590E+02 -0.249342929880E+02  0.375328474610E+02  0.100000000000E+01
 -0.131146793730E+02 -0.245800612080E+02  0.377567463220E+02  0.707108367339E+00
 -0.130528689200E+02 -0.242738842870E+02  0.374600180580E+02  0.100000000000E+01
 -0.129740109390E+02 -0.240360203100E+02  0.370933477860E+02  0.707105744960E+00
 -0.129107590470E+02 -0.244171316840E+02  0.368437814250E+02  0.100000000000E+01
 -0.128073557140E+02 -0.247563936970E+02  0.366776720970E+02  0.707105240003E+00
 -0.128373372070E+02 -0.250665911560E+02  0.369110379750E+02  0.100000000000E+01
 -0.129223019180E+02 -0.253310866390E+02  0.372937875060E+02  0.707107830725E+00
 -0.130577155590E+02 -0.249342929880E+02  0.375328474610E+02  0.100000000000E+01
 -0.126958745840E+02 -0.246468181590E+02  0.372555179860E+02  0.100000000000E+01
 -0.126958745840E+02 -0.246468181590E+02  0.372555179860E+02  0.707108360609E+00
 -0.126958745840E+02 -0.246468181590E+02  0.372555179860E+02  0.100000000000E+01
 -0.126958745840E+02 -0.246468181590E+02  0.372555179860E+02  0.707106590768E+00
 -0.126958745840E+02 -0.246468181590E+02  0.372555179860E+02  0.100000000000E+01
 -0.126958745840E+02 -0.246468181590E+02  0.372555179860E+02  0.707105090623E+00
 -0.126958745840E+02 -0.246468181590E+02  0.372555179860E+02  0.100000000000E+01
 -0.126958745840E+02 -0.246468181590E+02  0.372555179860E+02  0.707107082745E+00
 -0.126958745840E+02 -0.246468181590E+02  0.372555179860E+02  0.100000000000E+01
 -0.127730845710E+02 -0.249388796330E+02  0.376380970830E+02  0.100000000000E+01
 -0.128784892520E+02 -0.245613113240E+02  0.379000571150E+02  0.707108360609E+00
 -0.128111042510E+02 -0.242390346810E+02  0.375435684290E+02  0.100000000000E+01
 -0.127302422280E+02 -0.239744886300E+02  0.371567563790E+02  0.707106590768E+00
 -0.126223180740E+02 -0.243685792540E+02  0.368910489600E+02  0.100000000000E+01
 -0.125454660100E+02 -0.247260428000E+02  0.367276065230E+02  0.707105090623E+00
 -0.125897490160E+02 -0.250223809120E+02  0.369902309850E+02  0.100000000000E+01
 -0.126641767150E+02 -0.252711348330E+02  0.373480272710E+02  0.707107082745E+00
 -0.127730845710E+02 -0.249388796330E+02  0.376380970830E+02  0.100000000000E+01
 -0.124107596980E+02 -0.246150659190E+02  0.373332351210E+02  0.100000000000E+01
 -0.124107596980E+02 -0.246150659190E+02  0.373332351210E+02  0.707108104214E+00
 -0.124107596980E+02 -0.246150659190E+02  0.373332351210E+02  0.100000000000E+01
 -0.124107596980E+02 -0.246150659190E+02  0.373332351210E+02  0.707106133738E+00
 -0.124107596980E+02 -0.246150659190E+02  0.373332351210E+02  0.100000000000E+01
 -0.124107596980E+02 -0.246150659190E+02  0.373332351210E+02  0.707105191050E+00
 -0.124107596980E+02 -0.246150659190E+02  0.373332351210E+02  0.100000000000E+01
 -0.124107596980E+02 -0.246150659190E+02  0.373332351210E+02  0.707107695741E+00
 -0.124107596980E+02 -0.246150659190E+02  0.373332351210E+02  0.100000000000E+01
 -0.124820740460E+02 -0.249386520100E+02  0.377536279040E+02  0.100000000000E+01
 -0.126050626910E+02 -0.245297080120E+02  0.380025390450E+02  0.707108104214E+00
 -0.125506935400E+02 -0.241903475890E+02  0.376364152440E+02  0.100000000000E+01
 -0.124737080120E+02 -0.239008997830E+02  0.372120689460E+02  0.707106133738E+00
 -0.123497368750E+02 -0.243381763660E+02  0.369735104710E+02  0.100000000000E+01
 -0.122684979030E+02 -0.246809295620E+02  0.368448532340E+02  0.707105191050E+00
 -0.122947469570E+02 -0.249671827460E+02  0.370818841970E+02  0.100000000000E+01
 -0.123521525880E+02 -0.252653380250E+02  0.374388369820E+02  0.707107695741E+00
 -0.124820740460E+02 -0.249386520100E+02  0.377536279040E+02  0.100000000000E+01
 -0.121274756330E+02 -0.245689041490E+02  0.374103528970E+02  0.100000000000E+01
 -0.121274756330E+02 -0.245689041490E+02  0.374103528970E+02  0.707108148558E+00
 -0.121274756330E+02 -0.245689041490E+02  0.374103528970E+02  0.100000000000E+01
 -0.121274756330E+02 -0.245689041490E+02  0.374103528970E+02  0.707106009686E+00
 -0.121274756330E+02 -0.245689041490E+02  0.374103528970E+02  0.100000000000E+01
 -0.121274756330E+02 -0.245689041490E+02  0.374103528970E+02  0.707105094200E+00
 -0.121274756330E+02 -0.245689041490E+02  0.374103528970E+02  0.100000000000E+01
 -0.121274756330E+02 -0.245689041490E+02  0.374103528970E+02  0.707107872297E+00
 -0.121274756330E+02 -0.245689041490E+02  0.374103528970E+02  0.100000000000E+01
 -0.121814044230E+02 -0.249108031580E+02  0.378551341900E+02  0.100000000000E+01
 -0.123117600450E+02 -0.244959748420E+02  0.380391572990E+02  0.707108148558E+00
 -0.122896804710E+02 -0.241523700110E+02  0.377108742420E+02  0.100000000000E+01
 -0.122377343440E+02 -0.238171924770E+02  0.372782474590E+02  0.707106009686E+00
 -0.120816934860E+02 -0.242786534540E+02  0.370327630800E+02  0.100000000000E+01
 -0.119925642240E+02 -0.246169336710E+02  0.369461691610E+02  0.707105094200E+00
 -0.119906150220E+02 -0.249203573860E+02  0.371567900840E+02  0.100000000000E+01
 -0.120238215890E+02 -0.252675601210E+02  0.375287839280E+02  0.707107872297E+00
 -0.121814044230E+02 -0.249108031580E+02  0.378551341900E+02  0.100000000000E+01
 -0.118472637620E+02 -0.245042279120E+02  0.374852723430E+02  0.100000000000E+01
 -0.118472637620E+02 -0.245042279120E+02  0.374852723430E+02  0.707105800252E+00
 -0.118472637620E+02 -0.245042279120E+02  0.374852723430E+02  0.100000000000E+01
 -0.118472637620E+02 -0.245042279120E+02  0.374852723430E+02  0.707106192691E+00
 -0.118472637620E+02 -0.245042279120E+02  0.374852723430E+02  0.100000000000E+01
 -0.118472637620E+02 -0.245042279120E+02  0.374852723430E+02  0.707107861051E+00
 -0.118472637620E+02 -0.245042279120E+02  0.374852723430E+02  0.100000000000E+01
 -0.118472637620E+02 -0.245042279120E+02  0.374852723430E+02  0.707107270750E+00
 -0.118472637620E+02 -0.245042279120E+02  0.374852723430E+02  0.100000000000E+01
 -0.118716410830E+02 -0.248195003100E+02  0.379008632510E+02  0.100000000000E+01
 -0.120226254330E+02 -0.244350286600E+02  0.380801451370E+02  0.707105800252E+00
 -0.120272687670E+02 -0.241150698320E+02  0.377699321210E+02  0.100000000000E+01
 -0.120027676850E+02 -0.238002234020E+02  0.373543079690E+02  0.707106192691E+00
 -0.118253804680E+02 -0.242212220000E+02  0.371122117820E+02  0.100000000000E+01
 -0.117018871670E+02 -0.245591936490E+02  0.369896563710E+02  0.707107861051E+00
 -0.116840239290E+02 -0.248571403840E+02  0.372271245540E+02  0.100000000000E+01
 -0.116745976040E+02 -0.252576416460E+02  0.376017054370E+02  0.707107270750E+00
 -0.118716410830E+02 -0.248195003100E+02  0.379008632510E+02  0.100000000000E+01
 -0.115711283720E+02 -0.244204055280E+02  0.375563339820E+02  0.100000000000E+01
 -0.115711283720E+02 -0.244204055280E+02  0.375563339820E+02  0.707108183445E+00
 -0.115711283720E+02 -0.244204055280E+02  0.375563339820E+02  0.100000000000E+01
 -0.115711283720E+02 -0.244204055280E+02  0.375563339820E+02  0.707105943237E+00
 -0.115711283720E+02 -0.244204055280E+02  0.375563339820E+02  0.100000000000E+01
 -0.115711283720E+02 -0.244204055280E+02  0.375563339820E+02  0.707105234569E+00
 -0.115711283720E+02 -0.244204055280E+02  0.375563339820E+02  0.100000000000E+01
 -0.115711283720E+02 -0.244204055280E+02  0.375563339820E+02  0.707107807622E+00
 -0.115711283720E+02 -0.244204055280E+02  0.375563339820E+02  0.100000000000E+01
 -0.115894496310E+02 -0.247361399560E+02  0.379665363750E+02  0.100000000000E+01
 -0.117449012230E+02 -0.243675389380E+02  0.381146790480E+02  0.707108183445E+00
 -0.117562894530E+02 -0.240635923200E+02  0.378227069300E+02  0.100000000000E+01
 -0.117516021060E+02 -0.238641754990E+02  0.374529651140E+02  0.707105943237E+00
 -0.115891264600E+02 -0.241745698740E+02  0.372145183580E+02  0.100000000000E+01
 -0.114417096500E+02 -0.244834541200E+02  0.370456400730E+02  0.707105234569E+00
 -0.113911941610E+02 -0.247671496660E+02  0.372974819180E+02  0.100000000000E+01
 -0.113767851200E+02 -0.251668661940E+02  0.376834629180E+02  0.707107807622E+00
 -0.115894496310E+02 -0.247361399560E+02  0.379665363750E+02  0.100000000000E+01
 -0.112975989250E+02 -0.243245582990E+02  0.376221968280E+02  0.100000000000E+01
 -0.112975989250E+02 -0.243245582990E+02  0.376221968280E+02  0.707106199682E+00
 -0.112975989250E+02 -0.243245582990E+02  0.376221968280E+02  0.100000000000E+01
 -0.112975989250E+02 -0.243245582990E+02  0.376221968280E+02  0.707106839231E+00
 -0.112975989250E+02 -0.243245582990E+02  0.376221968280E+02  0.100000000000E+01
 -0.112975989250E+02 -0.243245582990E+02  0.376221968280E+02  0.707107485246E+00
 -0.112975989250E+02 -0.243245582990E+02  0.376221968280E+02  0.100000000000E+01
 -0.112975989250E+02 -0.243245582990E+02  0.376221968280E+02  0.707106605332E+00
 -0.112975989250E+02 -0.243245582990E+02  0.376221968280E+02  0.100000000000E+01
 -0.113169793200E+02 -0.246590161450E+02  0.380463396690E+02  0.100000000000E+01
 -0.114863186880E+02 -0.242819180810E+02  0.382183188610E+02  0.707106199682E+00
 -0.114783386810E+02 -0.239895930280E+02  0.378780741810E+02  0.100000000000E+01
 -0.114866009600E+02 -0.238531902300E+02  0.375381672990E+02  0.707106839231E+00
 -0.113431504100E+02 -0.241102101160E+02  0.373094214620E+02  0.100000000000E+01
 -0.111890057560E+02 -0.243989509650E+02  0.371000934870E+02  0.707107485246E+00
 -0.111143070130E+02 -0.246642530440E+02  0.373627054080E+02  0.100000000000E+01
 -0.111076821510E+02 -0.250438373060E+02  0.377467450430E+02  0.707106605332E+00
 -0.113169793200E+02 -0.246590161450E+02  0.380463396690E+02  0.100000000000E+01
 -0.110242294080E+02 -0.242243019560E+02  0.376819070220E+02  0.100000000000E+01
 -0.110242294080E+02 -0.242243019560E+02  0.376819070220E+02  0.707107342947E+00
 -0.110242294080E+02 -0.242243019560E+02  0.376819070220E+02  0.100000000000E+01
 -0.110242294080E+02 -0.242243019560E+02  0.376819070220E+02  0.707106149669E+00
 -0.110242294080E+02 -0.242243019560E+02  0.376819070220E+02  0.100000000000E+01
 -0.110242294080E+02 -0.242243019560E+02  0.376819070220E+02  0.707106281820E+00
 -0.110242294080E+02 -0.242243019560E+02  0.376819070220E+02  0.100000000000E+01
 -0.110242294080E+02 -0.242243019560E+02  0.376819070220E+02  0.707107223724E+00
 -0.110242294080E+02 -0.242243019560E+02  0.376819070220E+02  0.100000000000E+01
 -0.110504829430E+02 -0.245655157260E+02  0.381015138130E+02  0.100000000000E+01
 -0.112236485740E+02 -0.241795501120E+02  0.383034750240E+02  0.707107342947E+00
 -0.111981614300E+02 -0.238934543080E+02  0.379400626000E+02  0.100000000000E+01
 -0.112117257420E+02 -0.238073383510E+02  0.376151522110E+02  0.707106149669E+00
 -0.110908211840E+02 -0.240286915330E+02  0.373863488790E+02  0.100000000000E+01
 -0.109397902960E+02 -0.243113836990E+02  0.371359065810E+02  0.707106281820E+00
 -0.108414844870E+02 -0.245719124560E+02  0.374106734100E+02  0.100000000000E+01
 -0.108764723050E+02 -0.248450208780E+02  0.377931348950E+02  0.707107223724E+00
 -0.110504829430E+02 -0.245655157260E+02  0.381015138130E+02  0.100000000000E+01
 -0.107487395090E+02 -0.241256575150E+02  0.377340300230E+02  0.100000000000E+01
 -0.107487395090E+02 -0.241256575150E+02  0.377340300230E+02  0.707108406000E+00
 -0.107487395090E+02 -0.241256575150E+02  0.377340300230E+02  0.100000000000E+01
 -0.107487395090E+02 -0.241256575150E+02  0.377340300230E+02  0.707105892693E+00
 -0.107487395090E+02 -0.241256575150E+02  0.377340300230E+02  0.100000000000E+01
 -0.107487395090E+02 -0.241256575150E+02  0.377340300230E+02  0.707105106274E+00
 -0.107487395090E+02 -0.241256575150E+02  0.377340300230E+02  0.100000000000E+01
 -0.107487395090E+02 -0.241256575150E+02  0.377340300230E+02  0.707107557319E+00
 -0.107487395090E+02 -0.241256575150E+02  0.377340300230E+02  0.100000000000E+01
 -0.107770579960E+02 -0.244207142230E+02  0.380880922630E+02  0.100000000000E+01
 -0.109268539630E+02 -0.240783510990E+02  0.383025695310E+02  0.707108406000E+00
 -0.108991015470E+02 -0.238166518900E+02  0.379795152610E+02  0.100000000000E+01
 -0.109469273570E+02 -0.237161718250E+02  0.376634899050E+02  0.707105892693E+00
 -0.108406422400E+02 -0.239343002820E+02  0.374368653890E+02  0.100000000000E+01
 -0.107036325490E+02 -0.242157501650E+02  0.371924206020E+02  0.707105106274E+00
 -0.105844156780E+02 -0.244633555740E+02  0.374657545710E+02  0.100000000000E+01
 -0.106282774210E+02 -0.246826008900E+02  0.378069632360E+02  0.707107557319E+00
 -0.107770579960E+02 -0.244207142230E+02  0.380880922630E+02  0.100000000000E+01
 -0.104709229650E+02 -0.240280129720E+02  0.377742911240E+02  0.100000000000E+01
 -0.104709229650E+02 -0.240280129720E+02  0.377742911240E+02  0.707107872501E+00
 -0.104709229650E+02 -0.240280129720E+02  0.377742911240E+02  0.100000000000E+01
 -0.104709229650E+02 -0.240280129720E+02  0.377742911240E+02  0.707106582328E+00
 -0.104709229650E+02 -0.240280129720E+02  0.377742911240E+02  0.100000000000E+01
 -0.104709229650E+02 -0.240280129720E+02  0.377742911240E+02  0.707105875932E+00
 -0.104709229650E+02 -0.240280129720E+02  0.377742911240E+02  0.100000000000E+01
 -0.104709229650E+02 -0.240280129720E+02  0.377742911240E+02  0.707107081914E+00
 -0.104709229650E+02 -0.240280129720E+02  0.377742911240E+02  0.100000000000E+01
 -0.104973376210E+02 -0.243039109530E+02  0.381012496440E+02  0.100000000000E+01
 -0.106436830790E+02 -0.239854383580E+02  0.383688559610E+02  0.707107872501E+00
 -0.106098655080E+02 -0.237196084490E+02  0.380233093220E+02  0.100000000000E+01
 -0.107146630170E+02 -0.235745957750E+02  0.376911104280E+02  0.707106582328E+00
 -0.106088316660E+02 -0.238199188930E+02  0.374396222520E+02  0.100000000000E+01
 -0.104691186690E+02 -0.241217407830E+02  0.372384575380E+02  0.707105875932E+00
 -0.103222579500E+02 -0.243580005910E+02  0.375078480940E+02  0.100000000000E+01
 -0.103608899940E+02 -0.245851243490E+02  0.378386029610E+02  0.707107081914E+00
 -0.104973376210E+02 -0.243039109530E+02  0.381012496440E+02  0.100000000000E+01
 -0.101920538430E+02 -0.239292845380E+02  0.378030602960E+02  0.100000000000E+01
 -0.101920538430E+02 -0.239292845380E+02  0.378030602960E+02  0.707105024702E+00
 -0.101920538430E+02 -0.239292845380E+02  0.378030602960E+02  0.100000000000E+01
 -0.101920538430E+02 -0.239292845380E+02  0.378030602960E+02  0.707106667153E+00
 -0.101920538430E+02 -0.239292845380E+02  0.378030602960E+02  0.100000000000E+01
 -0.101920538430E+02 -0.239292845380E+02  0.378030602960E+02  0.707108550870E+00
 -0.101920538430E+02 -0.239292845380E+02  0.378030602960E+02  0.100000000000E+01
 -0.101920538430E+02 -0.239292845380E+02  0.378030602960E+02  0.707107062104E+00
 -0.101920538430E+02 -0.239292845380E+02  0.378030602960E+02  0.100000000000E+01
 -0.102238081120E+02 -0.242390323950E+02  0.381638144040E+02  0.100000000000E+01
 -0.103711616130E+02 -0.238979385650E+02  0.384497235640E+02  0.707105024702E+00
 -0.103255694960E+02 -0.236168985540E+02  0.380595235970E+02  0.100000000000E+01
 -0.104827951740E+02 -0.234442640520E+02  0.377129672350E+02  0.707106667153E+00
 -0.103924826440E+02 -0.236939310960E+02  0.374120430750E+02  0.100000000000E+01
 -0.102366874680E+02 -0.240275028000E+02  0.372155758160E+02  0.707108550870E+00
 -0.100561949810E+02 -0.242471536880E+02  0.375420929970E+02  0.100000000000E+01
 -0.100873384590E+02 -0.245060138720E+02  0.378608404460E+02  0.707107062104E+00
 -0.102238081120E+02 -0.242390323950E+02  0.381638144040E+02  0.100000000000E+01
 -0.991298020600E+01 -0.238290557000E+02  0.378235393220E+02  0.100000000000E+01
 -0.991298020600E+01 -0.238290557000E+02  0.378235393220E+02  0.707107157111E+00
 -0.991298020600E+01 -0.238290557000E+02  0.378235393220E+02  0.100000000000E+01
 -0.991298020600E+01 -0.238290557000E+02  0.378235393220E+02  0.707106517302E+00
 -0.991298020600E+01 -0.238290557000E+02  0.378235393220E+02  0.100000000000E+01
 -0.991298020600E+01 -0.238290557000E+02  0.378235393220E+02  0.707106346040E+00
 -0.991298020600E+01 -0.238290557000E+02  0.378235393220E+02  0.100000000000E+01
 -0.991298020600E+01 -0.238290557000E+02  0.378235393220E+02  0.707107007476E+00
 -0.991298020600E+01 -0.238290557000E+02  0.378235393220E+02  0.100000000000E+01
 -0.995517326300E+01 -0.241795081660E+02  0.382220423820E+02  0.100000000000E+01
 -0.101002285270E+02 -0.238062712150E+02  0.384996058900E+02  0.707107157111E+00
 -0.100402267260E+02 -0.235213502800E+02  0.380806702000E+02  0.100000000000E+01
 -0.102460606970E+02 -0.233225024370E+02  0.377436010030E+02  0.707106517302E+00
 -0.101703977970E+02 -0.235813009680E+02  0.373996651400E+02  0.100000000000E+01
 -0.999885025100E+01 -0.239388009600E+02  0.371974530110E+02  0.707106346040E+00
 -0.978784330500E+01 -0.241316592390E+02  0.375706727390E+02  0.100000000000E+01
 -0.981800453200E+01 -0.244266804730E+02  0.378863467310E+02  0.707107007476E+00
 -0.995517326300E+01 -0.241795081660E+02  0.382220423820E+02  0.100000000000E+01
 -0.963403282800E+01 -0.237274754460E+02  0.378383453720E+02  0.100000000000E+01
 -0.963403282800E+01 -0.237274754460E+02  0.378383453720E+02  0.707106225938E+00
 -0.963403282800E+01 -0.237274754460E+02  0.378383453720E+02  0.100000000000E+01
 -0.963403282800E+01 -0.237274754460E+02  0.378383453720E+02  0.707106726020E+00
 -0.963403282800E+01 -0.237274754460E+02  0.378383453720E+02  0.100000000000E+01
 -0.963403282800E+01 -0.237274754460E+02  0.378383453720E+02  0.707107667234E+00
 -0.963403282800E+01 -0.237274754460E+02  0.378383453720E+02  0.100000000000E+01
 -0.963403282800E+01 -0.237274754460E+02  0.378383453720E+02  0.707107191399E+00
 -0.963403282800E+01 -0.237274754460E+02  0.378383453720E+02  0.100000000000E+01
 -0.969577702800E+01 -0.241237076320E+02  0.382898399290E+02  0.100000000000E+01
 -0.983375552700E+01 -0.237006194070E+02  0.385592639580E+02  0.707106225938E+00
 -0.974857161600E+01 -0.234240236520E+02  0.380889904160E+02  0.100000000000E+01
 -0.100139406220E+02 -0.231911703370E+02  0.377426611100E+02  0.707106726020E+00
 -0.996180558800E+01 -0.234619308380E+02  0.373670704530E+02  0.100000000000E+01
 -0.977492000500E+01 -0.238405151680E+02  0.371878763900E+02  0.707107667234E+00
 -0.952844468400E+01 -0.240072171060E+02  0.376072840500E+02  0.100000000000E+01
 -0.956385802700E+01 -0.243363142450E+02  0.379237943250E+02  0.707107191399E+00
 -0.969577702800E+01 -0.241237076320E+02  0.382898399290E+02  0.100000000000E+01
           1
           2
           3
           4
           5
           6
           7
           8
           9
          10
          11
          12
          13
          14
          15
          16
          17
          18
          19
          20
          21
          22
          23
          24
          25
          26
          27
          28
          29
          30
          31
          32
          33
          34
          35
          36
          37
          38
          39
          40
          41
          42
          43
          44
          45
          46
          47
          48
          49
          50
          51
          52
          53
          54
          55
          56
          57
          58
          59
          60
          61
          62
          63
          64
          65
          66
          67
          68
          69
          70
          71
          72
          73
          74
          75
          76
          77
          78
          79
          80
          81
          82
          83
          84
          85
          86
          87
          88
          89
          90
          91
          92
          93
          94
          95
          96
          97
          98
          99
         100
         101
         102
         103
         104
         105
         106
         107
         108
         109
         110
         111
         112
         113
         114
         115
         116
         117
         118
         119
         120
         121
         122
         123
         124
         125
         126
         127
         128
         129
         130
         131
         132
         133
         134
         135
         136
         137
         138
         139
         140
         141
         142
         143
         144
         145
         146
         147
         148
         149
         150
         151
         152
         153
         154
         155
         156
         157
         158
         159
         160
         161
         162
         163
         164
         165
         166
         167
         168
         169
         170
         171
         172
         173
         174
         175
         176
         177
         178
         179
         180
         181
         182
         183
         184
         185
         186
         187
         188
         189
         190
         191
         192
         193
         194
         195
         196
         197
         198
         199
         200
         201
         202
         203
         204
         205
         206
         207
         208
         209
         210
         211
         212
         213
         214
         215
         216
         217
         218
         219
         220
         221
         222
         223
         224
         225
         226
         227
         228
         229
         230
         231
         232
         233
         234
         235
         236
         237
         238
         239
         240
         241
         242
         243
         244
         245
         246
         247
         248
         249
         250
         251
         252
         253
         254
         255
         256
         257
         258
         259
         260
         261
         262
         263
         264
         265
         266
         267
         268
         269
         270
         271
         272
         273
         274
         275
         276
         277
         278
         279
         280
         281
         282
         283
         284
         285
         286
         287
         288
         289
         290
         291
         292
         293
         294
         295
         296
         297
         298
         299
         300
         301
         302
         303
         304
         305
         306
         307
         308
         309
         310
         311
         312
         313
         314
         315
         316
         317
         318
         319
         320
         321
         322
         323
         324
         325
         326
         327
         328
         329
         330
         331
         332
         333
         334
         335
         336
         337
         338
         339
         340
         341
         342
         343
         344
         345
         346
         347
         348
         349
         350
         351
         352
         353
         354
         355
         356
         357
         358
         359
         360
 1 0 0
 0 0 0
 0 0 0
 0 0 0
 0 0 0
 0 0 0
 0 0 0
 0 0 0
 0 0 0
 0 0 0
 0 0 0
 0 0 0
 0 0 0
 0 0 0
 0 0 0
 0 0 0
 0 0 0
 0 0 0
 0 0 0
 0 0 0
 0 0 0
 0 0 0
 0 0 0
 0 0 0
 0 0 0
 0 0 0
 0 0 0
 0 0 0
 0 0 0
 0 0 0
 0 0 0
 0 0 0
 0 0 0
 0 0 0
 0 0 0
 0 0 0
 0 0 0
 0 0 0
 0 0 0
 0 0 0
 0 0 0
 0 0 0
 0 0 0
 0 0 0
 0 0 0
 0 0 0
 0 0 0
 0 0 0
 0 0 0
 0 0 0
 0 0 0
 0 0 0
 0 0 0
 0 0 0
 0 0 0
 0 0 0
 0 0 0
 0 0 0
 0 0 0
 0 0 0
 0 0 0
 0 0 0
 0 0 0
 0 0 0
 0 0 0
 0 0 0
 0 0 0
 0 0 0
 0 0 0
 0 0 0
 0 0 0
 0 0 0
 0 0 0
 0 0 0
 0 0 0
 0 0 0
 0 0 0
 0 0 0
 0 0 0
 0 0 0
 0 0 0
 0 0 0
 0 0 0
 0 0 0
 0 0 0
 0 0 0
 0 0 0
 0 0 0
 0 0 0
 0 0 0
 0 0 0
 0 0 0
 0 0 0
 0 0 0
 0 0 0
 0 0 0
 0 0 0
 0 0 0
 0 0 0
 0 0 0
 0 0 0
 0 0 0
 0 0 0
 0 0 0
 0 0 0
 0 0 0
 0 0 0
 0 0 0
 0 0 0
 0 0 0
 0 0 0
 0 0 0
 0 0 0
 0 0 0
 0 0 0
 0 0 0
 0 0 0
 0 0 0
 0 0 0
 0 0 0
 0 0 0
 0 0 0
 0 0 0
 0 0 0
 0 0 0
 0 0 0
 0 0 0
 0 0 0
 0 0 0
 0 0 0
 0 0 0
 0 0 0
 0 0 0
 0 0 0
 0 0 0
 0 0 0
 0 0 0
 0 0 0
 0 0 0
 0 0 0
 0 0 0
 0 0 0
 0 0 0
 0 0 0
 0 0 0
 0 0 0
 0 0 0
 0 0 0
 0 0 0
 0 0 0
 0 0 0
 0 0 0
 0 0 0
 0 0 0
 0 0 0
 0 0 0
 0 0 0
 0 0 0
 0 0 0
 0 0 0
 0 0 0
 0 0 0
 0 0 0
 0 0 0
 0 0 0
 0 0 0
 0 0 0
 0 0 0
 0 0 0
 0 0 0
 0 0 0
 0 0 0
 0 0 0
 0 0 0
 0 0 0
 0 0 0
 0 0 0
 0 0 0
 0 0 0
 0 0 0
 0 0 0
 0 0 0
 0 0 0
 0 0 0
 0 0 0
 0 0 0
 0 0 0
 0 0 0
 0 0 0
 0 0 0
 0 0 0
 0 0 0
 0 0 0
 0 0 0
 0 0 0
 0 0 0
 0 0 0
 0 0 0
 0 0 0
 0 0 0
 0 0 0
 0 0 0
 0 0 0
 0 0 0
 0 0 0
 0 0 0
 0 0 0
 0 0 0
 0 0 0
 0 0 0
 0 0 0
 0 0 0
 0 0 0
 0 0 0
 0 0 0
 0 0 0
 0 0 0
 0 0 0
 0 0 0
 0 0 0
 0 0 0
 0 0 0
 0 0 0
 0 0 0
 0 0 0
 0 0 0
 0 0 0
 0 0 0
 0 0 0
 0 0 0
 0 0 0
 0 0 0
 0 0 0
 0 0 0
 0 0 0
 0 0 0
 0 0 0
 0 0 0
 0 0 0
 0 0 0
 0 0 0
 0 0 0
 0 0 0
 0 0 0
 0 0 0
 0 0 0
 0 0 0
 0 0 0
 0 0 0
 0 0 0
 0 0 0
 0 0 0
 0 0 0
 0 0 0
 0 0 0
 0 0 0
 0 0 0
 0 0 0
 0 0 0
 0 0 0
 0 0 0
 0 0 0
 0 0 0
 0 0 0
 0 0 0
 0 0 0
 0 0 0
 0 0 0
 0 0 0
 0 0 0
 0 0 0
 0 0 0
 0 0 0
 0 0 0
 0 0 0
 0 0 0
 0 0 0
 0 0 0
 0 0 0
 0 0 0
 0 0 0
 0 0 0
 0 0 0
 0 0 0
 0 0 0
 0 0 0
 0 0 0
 0 0 0
 0 0 0
 0 0 0
 0 0 0
 0 0 0
 0 0 0
 0 0 0
 0 0 0
 0 0 0
 0 0 0
 0 0 0
 0 0 0
 0 0 0
 0 0 0
 0 0 0
 0 0 0
 0 0 0
 0 0 0
 0 0 0
 0 0 0
 0 0 0
 0 0 0
 0 0 0
 0 0 0
 0 0 0
 0 0 0
 0 0 0
 0 0 0
 0 0 0
 0 0 0
 0 0 0
 0 0 0
 0 0 0
 0 0 0
 0 0 0
 0 0 0
 0 0 0
 0 0 0
 0 0 0
 0 0 0
 0 0 0
 0 0 0
 0 0 0
 0 0 0
 0 0 0
 0 0 0
 0 0 0
 0 0 0
 0 0 0
 0 0 0
 0 0 0
 0 0 0
 0 0 0
 0 0 0
 0 0 0
 0 0 0
 0 0 0
 0 0 0
 0 0 0
 0 0 0
 0 0 0
 0 0 0
 0 0 0
 0 0 0
 0 0 0
 0 0 0
 0 0 0
 0 0 0
 0 0 0
 0 0 0
 0 0 0
 0 0 0
 0 0 0
 0 0 0
  0.000000000  0.000000000  0.000000000
  0.000000000  0.000000000  0.000000000
  0.000000000  0.000000000  0.000000000
  0.000000000  0.000000000  0.000000000
  0.000000000  0.000000000  0.000000000
  0.000000000  0.000000000  0.000000000
  0.000000000  0.000000000  0.000000000
  0.000000000  0.000000000  0.000000000
  0.000000000  0.000000000  0.000000000
  0.000000000  0.000000000  0.000000000
  0.000000000  0.000000000  0.000000000
  0.000000000  0.000000000  0.000000000
  0.000000000  0.000000000  0.000000000
  0.000000000  0.000000000  0.000000000
  0.000000000  0.000000000  0.000000000
  0.000000000  0.000000000  0.000000000
  0.000000000  0.000000000  0.000000000
  0.000000000  0.000000000  0.000000000
  0.000000000  0.000000000  0.000000000
  0.000000000  0.000000000  0.000000000
  0.000000000  0.000000000  0.000000000
  0.000000000  0.000000000  0.000000000
  0.000000000  0.000000000  0.000000000
  0.000000000  0.000000000  0.000000000
  0.000000000  0.000000000  0.000000000
  0.000000000  0.000000000  0.000000000
  0.000000000  0.000000000  0.000000000
  0.000000000  0.000000000  0.000000000
  0.000000000  0.000000000  0.000000000
  0.000000000  0.000000000  0.000000000
  0.000000000  0.000000000  0.000000000
  0.000000000  0.000000000  0.000000000
  0.000000000  0.000000000  0.000000000
  0.000000000  0.000000000  0.000000000
  0.000000000  0.000000000  0.000000000
  0.000000000  0.000000000  0.000000000
  0.000000000  0.000000000  0.000000000
  0.000000000  0.000000000  0.000000000
  0.000000000  0.000000000  0.000000000
  0.000000000  0.000000000  0.000000000
  0.000000000  0.000000000  0.000000000
  0.000000000  0.000000000  0.000000000
  0.000000000  0.000000000  0.000000000
  0.000000000  0.000000000  0.000000000
  0.000000000  0.000000000  0.000000000
  0.000000000  0.000000000  0.000000000
  0.000000000  0.000000000  0.000000000
  0.000000000  0.000000000  0.000000000
  0.000000000  0.000000000  0.000000000
  0.000000000  0.000000000  0.000000000
  0.000000000  0.000000000  0.000000000
  0.000000000  0.000000000  0.000000000
  0.000000000  0.000000000  0.000000000
  0.000000000  0.000000000  0.000000000
  0.000000000  0.000000000  0.000000000
  0.000000000  0.000000000  0.000000000
  0.000000000  0.000000000  0.000000000
  0.000000000  0.000000000  0.000000000
  0.000000000  0.000000000  0.000000000
  0.000000000  0.000000000  0.000000000
  0.000000000  0.000000000  0.000000000
  0.000000000  0.000000000  0.000000000
  0.000000000  0.000000000  0.000000000
  0.000000000  0.000000000  0.000000000
  0.000000000  0.000000000  0.000000000
  0.000000000  0.000000000  0.000000000
  0.000000000  0.000000000  0.000000000
  0.000000000  0.000000000  0.000000000
  0.000000000  0.000000000  0.000000000
  0.000000000  0.000000000  0.000000000
  0.000000000  0.000000000  0.000000000
  0.000000000  0.000000000  0.000000000
  0.000000000  0.000000000  0.000000000
  0.000000000  0.000000000  0.000000000
  0.000000000  0.000000000  0.000000000
  0.000000000  0.000000000  0.000000000
  0.000000000  0.000000000  0.000000000
  0.000000000  0.000000000  0.000000000
  0.000000000  0.000000000  0.000000000
  0.000000000  0.000000000  0.000000000
  0.000000000  0.000000000  0.000000000
  0.000000000  0.000000000  0.000000000
  0.000000000  0.000000000  0.000000000
  0.000000000  0.000000000  0.000000000
  0.000000000  0.000000000  0.000000000
  0.000000000  0.000000000  0.000000000
  0.000000000  0.000000000  0.000000000
  0.000000000  0.000000000  0.000000000
  0.000000000  0.000000000  0.000000000
  0.000000000  0.000000000  0.000000000
  0.000000000  0.000000000  0.000000000
  0.000000000  0.000000000  0.000000000
  0.000000000  0.000000000  0.000000000
  0.000000000  0.000000000  0.000000000
  0.000000000  0.000000000  0.000000000
  0.000000000  0.000000000  0.000000000
  0.000000000  0.000000000  0.000000000
  0.000000000  0.000000000  0.000000000
  0.000000000  0.000000000  0.000000000
  0.000000000  0.000000000  0.000000000
  0.000000000  0.000000000  0.000000000
  0.000000000  0.000000000  0.000000000
  0.000000000  0.000000000  0.000000000
  0.000000000  0.000000000  0.000000000
  0.000000000  0.000000000  0.000000000
  0.000000000  0.000000000  0.000000000
  0.000000000  0.000000000  0.000000000
  0.000000000  0.000000000  0.000000000
  0.000000000  0.000000000  0.000000000
  0.000000000  0.000000000  0.000000000
  0.000000000  0.000000000  0.000000000
  0.000000000  0.000000000  0.000000000
  0.000000000  0.000000000  0.000000000
  0.000000000  0.000000000  0.000000000
  0.000000000  0.000000000  0.000000000
  0.000000000  0.000000000  0.000000000
  0.000000000  0.000000000  0.000000000
  0.000000000  0.000000000  0.000000000
  0.000000000  0.000000000  0.000000000
  0.000000000  0.000000000  0.000000000
  0.000000000  0.000000000  0.000000000
  0.000000000  0.000000000  0.000000000
  0.000000000  0.000000000  0.000000000
  0.000000000  0.000000000  0.000000000
  0.000000000  0.000000000  0.000000000
  0.000000000  0.000000000  0.000000000
  0.000000000  0.000000000  0.000000000
  0.000000000  0.000000000  0.000000000
  0.000000000  0.000000000  0.000000000
  0.000000000  0.000000000  0.000000000
  0.000000000  0.000000000  0.000000000
  0.000000000  0.000000000  0.000000000
  0.000000000  0.000000000  0.000000000
  0.000000000  0.000000000  0.000000000
  0.000000000  0.000000000  0.000000000
  0.000000000  0.000000000  0.000000000
  0.000000000  0.000000000  0.000000000
  0.000000000  0.000000000  0.000000000
  0.000000000  0.000000000  0.000000000
  0.000000000  0.000000000  0.000000000
  0.000000000  0.000000000  0.000000000
  0.000000000  0.000000000  0.000000000
  0.000000000  0.000000000  0.000000000
  0.000000000  0.000000000  0.000000000
  0.000000000  0.000000000  0.000000000
  0.000000000  0.000000000  0.000000000
  0.000000000  0.000000000  0.000000000
  0.000000000  0.000000000  0.000000000
  0.000000000  0.000000000  0.000000000
  0.000000000  0.000000000  0.000000000
  0.000000000  0.000000000  0.000000000
  0.000000000  0.000000000  0.000000000
  0.000000000  0.000000000  0.000000000
  0.000000000  0.000000000  0.000000000
  0.000000000  0.000000000  0.000000000
  0.000000000  0.000000000  0.000000000
  0.000000000  0.000000000  0.000000000
  0.000000000  0.000000000  0.000000000
  0.000000000  0.000000000  0.000000000
  0.000000000  0.000000000  0.000000000
  0.000000000  0.000000000  0.000000000
  0.000000000  0.000000000  0.000000000
  0.000000000  0.000000000  0.000000000
  0.000000000  0.000000000  0.000000000
  0.000000000  0.000000000  0.000000000
  0.000000000  0.000000000  0.000000000
  0.000000000  0.000000000  0.000000000
  0.000000000  0.000000000  0.000000000
  0.000000000  0.000000000  0.000000000
  0.000000000  0.000000000  0.000000000
  0.000000000  0.000000000  0.000000000
  0.000000000  0.000000000  0.000000000
  0.000000000  0.000000000  0.000000000
  0.000000000  0.000000000  0.000000000
  0.000000000  0.000000000  0.000000000
  0.000000000  0.000000000  0.000000000
  0.000000000  0.000000000  0.000000000
  0.000000000  0.000000000  0.000000000
  0.000000000  0.000000000  0.000000000
  0.000000000  0.000000000  0.000000000
  0.000000000  0.000000000  0.000000000
  0.000000000  0.000000000  0.000000000
  0.000000000  0.000000000  0.000000000
  0.000000000  0.000000000  0.000000000
  0.000000000  0.000000000  0.000000000
  0.000000000  0.000000000  0.000000000
  0.000000000  0.000000000  0.000000000
  0.000000000  0.000000000  0.000000000
  0.000000000  0.000000000  0.000000000
  0.000000000  0.000000000  0.000000000
  0.000000000  0.000000000  0.000000000
  0.000000000  0.000000000  0.000000000
  0.000000000  0.000000000  0.000000000
  0.000000000  0.000000000  0.000000000
  0.000000000  0.000000000  0.000000000
  0.000000000  0.000000000  0.000000000
  0.000000000  0.000000000  0.000000000
  0.000000000  0.000000000  0.000000000
  0.000000000  0.000000000  0.000000000
  0.000000000  0.000000000  0.000000000
  0.000000000  0.000000000  0.000000000
  0.000000000  0.000000000  0.000000000
  0.000000000  0.000000000  0.000000000
  0.000000000  0.000000000  0.000000000
  0.000000000  0.000000000  0.000000000
  0.000000000  0.000000000  0.000000000
  0.000000000  0.000000000  0.000000000
  0.000000000  0.000000000  0.000000000
  0.000000000  0.000000000  0.000000000
  0.000000000  0.000000000  0.000000000
  0.000000000  0.000000000  0.000000000
  0.000000000  0.000000000  0.000000000
  0.000000000  0.000000000  0.000000000
  0.000000000  0.000000000  0.000000000
  0.000000000  0.000000000  0.000000000
  0.000000000  0.000000000  0.000000000
  0.000000000  0.000000000  0.000000000
  0.000000000  0.000000000  0.000000000
  0.000000000  0.000000000  0.000000000
  0.000000000  0.000000000  0.000000000
  0.000000000  0.000000000  0.000000000
  0.000000000  0.000000000  0.000000000
  0.000000000  0.000000000  0.000000000
  0.000000000  0.000000000  0.000000000
  0.000000000  0.000000000  0.000000000
  0.000000000  0.000000000  0.000000000
  0.000000000  0.000000000  0.000000000
  0.000000000  0.000000000  0.000000000
  0.000000000  0.000000000  0.000000000
  0.000000000  0.000000000  0.000000000
  0.000000000  0.000000000  0.000000000
  0.000000000  0.000000000  0.000000000
  0.000000000  0.000000000  0.000000000
  0.000000000  0.000000000  0.000000000
  0.000000000  0.000000000  0.000000000
  0.000000000  0.000000000  0.000000000
  0.000000000  0.000000000  0.000000000
  0.000000000  0.000000000  0.000000000
  0.000000000  0.000000000  0.000000000
  0.000000000  0.000000000  0.000000000
  0.000000000  0.000000000  0.000000000
  0.000000000  0.000000000  0.000000000
  0.000000000  0.000000000  0.000000000
  0.000000000  0.000000000  0.000000000
  0.000000000  0.000000000  0.000000000
  0.000000000  0.000000000  0.000000000
  0.000000000  0.000000000  0.000000000
  0.000000000  0.000000000  0.000000000
  0.000000000  0.000000000  0.000000000
  0.000000000  0.000000000  0.000000000
  0.000000000  0.000000000  0.000000000
  0.000000000  0.000000000  0.000000000
  0.000000000  0.000000000  0.000000000
  0.000000000  0.000000000  0.000000000
  0.000000000  0.000000000  0.000000000
  0.000000000  0.000000000  0.000000000
  0.000000000  0.000000000  0.000000000
  0.000000000  0.000000000  0.000000000
  0.000000000  0.000000000  0.000000000
  0.000000000  0.000000000  0.000000000
  0.000000000  0.000000000  0.000000000
  0.000000000  0.000000000  0.000000000
  0.000000000  0.000000000  0.000000000
  0.000000000  0.000000000  0.000000000
  0.000000000  0.000000000  0.000000000
  0.000000000  0.000000000  0.000000000
  0.000000000  0.000000000  0.000000000
  0.000000000  0.000000000  0.000000000
  0.000000000  0.000000000  0.000000000
  0.000000000  0.000000000  0.000000000
  0.000000000  0.000000000  0.000000000
  0.000000000  0.000000000  0.000000000
  0.000000000  0.000000000  0.000000000
  0.000000000  0.000000000  0.000000000
  0.000000000  0.000000000  0.000000000
  0.000000000  0.000000000  0.000000000
  0.000000000  0.000000000  0.000000000
  0.000000000  0.000000000  0.000000000
  0.000000000  0.000000000  0.000000000
  0.000000000  0.000000000  0.000000000
  0.000000000  0.000000000  0.000000000
  0.000000000  0.000000000  0.000000000
  0.000000000  0.000000000  0.000000000
  0.000000000  0.000000000  0.000000000
  0.000000000  0.000000000  0.000000000
  0.000000000  0.000000000  0.000000000
  0.000000000  0.000000000  0.000000000
  0.000000000  0.000000000  0.000000000
  0.000000000  0.000000000  0.000000000
  0.000000000  0.000000000  0.000000000
  0.000000000  0.000000000  0.000000000
  0.000000000  0.000000000  0.000000000
  0.000000000  0.000000000  0.000000000
  0.000000000  0.000000000  0.000000000
  0.000000000  0.000000000  0.000000000
  0.000000000  0.000000000  0.000000000
  0.000000000  0.000000000  0.000000000
  0.000000000  0.000000000  0.000000000
  0.000000000  0.000000000  0.000000000
  0.000000000  0.000000000  0.000000000
  0.000000000  0.000000000  0.000000000
  0.000000000  0.000000000  0.000000000
  0.000000000  0.000000000  0.000000000
  0.000000000  0.000000000  0.000000000
  0.000000000  0.000000000  0.000000000
  0.000000000  0.000000000  0.000000000
  0.000000000  0.000000000  0.000000000
  0.000000000  0.000000000  0.000000000
  0.000000000  0.000000000  0.000000000
  0.000000000  0.000000000  0.000000000
  0.000000000  0.000000000  0.000000000
  0.000000000  0.000000000  0.000000000
  0.000000000  0.000000000  0.000000000
  0.000000000  0.000000000  0.000000000
  0.000000000  0.000000000  0.000000000
  0.000000000  0.000000000  0.000000000
  0.000000000  0.000000000  0.000000000
  0.000000000  0.000000000  0.000000000
  0.000000000  0.000000000  0.000000000
  0.000000000  0.000000000  0.000000000
  0.000000000  0.000000000  0.000000000
  0.000000000  0.000000000  0.000000000
  0.000000000  0.000000000  0.000000000
  0.000000000  0.000000000  0.000000000
  0.000000000  0.000000000  0.000000000
  0.000000000  0.000000000  0.000000000
  0.000000000  0.000000000  0.000000000
  0.000000000  0.000000000  0.000000000
  0.000000000  0.000000000  0.000000000
  0.000000000  0.000000000  0.000000000
  0.000000000  0.000000000  0.000000000
  0.000000000  0.000000000  0.000000000
  0.000000000  0.000000000  0.000000000
  0.000000000  0.000000000  0.000000000
  0.000000000  0.000000000  0.000000000
  0.000000000  0.000000000  0.000000000
  0.000000000  0.000000000  0.000000000
  0.000000000  0.000000000  0.000000000
  0.000000000  0.000000000  0.000000000
  0.000000000  0.000000000  0.000000000
  0.000000000  0.000000000  0.000000000
  0.000000000  0.000000000  0.000000000
  0.000000000  0.000000000  0.000000000
  0.000000000  0.000000000  0.000000000
  0.000000000  0.000000000  0.000000000
  0.000000000  0.000000000  0.000000000
  0.000000000  0.000000000  0.000000000
  0.000000000  0.000000000  0.000000000
  0.000000000  0.000000000  0.000000000
  0.000000000  0.000000000  0.000000000
  0.000000000  0.000000000  0.000000000
  0.000000000  0.000000000  0.000000000
  0.000000000  0.000000000  0.000000000
  0.000000000  0.000000000  0.000000000
  0.000000000  0.000000000  0.000000000
  0.000000000  0.000000000  0.000000000
  0.000000000  0.000000000  0.000000000
  0.000000000  0.000000000  0.000000000
  0.000000000  0.000000000  0.000000000
  0.000000000  0.000000000  0.000000000
 0 0 0
 0 0 0
 0 0 0
 0 0 0
 0 0 0
 0 0 0
 0 0 0
 0 0 0
 0 0 0
 0 0 0
 0 0 0
 0 0 0
 0 0 0
 0 0 0
 0 0 0
 0 0 0
 0 0 0
 0 0 0
 0 0 0
 0 0 0
 0 0 0
 0 0 0
 0 0 0
 0 0 0
 0 0 0
 0 0 0
 0 0 0
 0 0 0
 0 0 0
 0 0 0
 0 0 0
 0 0 0
 0 0 0
 0 0 0
 0 0 0
 0 0 0
 0 0 0
 0 0 0
 0 0 0
 0 0 0
 0 0 0
 0 0 0
 0 0 0
 0 0 0
 0 0 0
 0 0 0
 0 0 0
 0 0 0
 0 0 0
 0 0 0
 0 0 0
 0 0 0
 0 0 0
 0 0 0
 0 0 0
 0 0 0
 0 0 0
 0 0 0
 0 0 0
 0 0 0
 0 0 0
 0 0 0
 0 0 0
 0 0 0
 0 0 0
 0 0 0
 0 0 0
 0 0 0
 0 0 0
 0 0 0
 0 0 0
 0 0 0
 0 0 0
 0 0 0
 0 0 0
 0 0 0
 0 0 0
 0 0 0
 0 0 0
 0 0 0
 0 0 0
 0 0 0
 0 0 0
 0 0 0
 0 0 0
 0 0 0
 0 0 0
 0 0 0
 0 0 0
 0 0 0
 0 0 0
 0 0 0
 0 0 0
 0 0 0
 0 0 0
 0 0 0
 0 0 0
 0 0 0
 0 0 0
 0 0 0
 0 0 0
 0 0 0
 0 0 0
 0 0 0
 0 0 0
 0 0 0
 0 0 0
 0 0 0
 0 0 0
 0 0 0
 0 0 0
 0 0 0
 0 0 0
 0 0 0
 0 0 0
 0 0 0
 0 0 0
 0 0 0
 0 0 0
 0 0 0
 0 0 0
 0 0 0
 0 0 0
 0 0 0
 0 0 0
 0 0 0
 0 0 0
 0 0 0
 0 0 0
 0 0 0
 0 0 0
 0 0 0
 0 0 0
 0 0 0
 0 0 0
 0 0 0
 0 0 0
 0 0 0
 0 0 0
 0 0 0
 0 0 0
 0 0 0
 0 0 0
 0 0 0
 0 0 0
 0 0 0
 0 0 0
 0 0 0
 0 0 0
 0 0 0
 0 0 0
 0 0 0
 0 0 0
 0 0 0
 0 0 0
 0 0 0
 0 0 0
 0 0 0
 0 0 0
 0 0 0
 0 0 0
 0 0 0
 0 0 0
 0 0 0
 0 0 0
 0 0 0
 0 0 0
 0 0 0
 0 0 0
 0 0 0
 0 0 0
 0 0 0
 0 0 0
 0 0 0
 0 0 0
 0 0 0
 0 0 0
 0 0 0
 0 0 0
 0 0 0
 0 0 0
 0 0 0
 0 0 0
 0 0 0
 0 0 0
 0 0 0
 0 0 0
 0 0 0
 0 0 0
 0 0 0
 0 0 0
 0 0 0
 0 0 0
 0 0 0
 0 0 0
 0 0 0
 0 0 0
 0 0 0
 0 0 0
 0 0 0
 0 0 0
 0 0 0
 0 0 0
 0 0 0
 0 0 0
 0 0 0
 0 0 0
 0 0 0
 0 0 0
 0 0 0
 0 0 0
 0 0 0
 0 0 0
 0 0 0
 0 0 0
 0 0 0
 0 0 0
 0 0 0
 0 0 0
 0 0 0
 0 0 0
 0 0 0
 0 0 0
 0 0 0
 0 0 0
 0 0 0
 0 0 0
 0 0 0
 0 0 0
 0 0 0
 0 0 0
 0 0 0
 0 0 0
 0 0 0
 0 0 0
 0 0 0
 0 0 0
 0 0 0
 0 0 0
 0 0 0
 0 0 0
 0 0 0
 0 0 0
 0 0 0
 0 0 0
 0 0 0
 0 0 0
 0 0 0
 0 0 0
 0 0 0
 0 0 0
 0 0 0
 0 0 0
 0 0 0
 0 0 0
 0 0 0
 0 0 0
 0 0 0
 0 0 0
 0 0 0
 0 0 0
 0 0 0
 0 0 0
 0 0 0
 0 0 0
 0 0 0
  0.000000000  0.000000000  0.000000000
  0.000000000  0.000000000  0.000000000
  0.000000000  0.000000000  0.000000000
  0.000000000  0.000000000  0.000000000
  0.000000000  0.000000000  0.000000000
  0.000000000  0.000000000  0.000000000
  0.000000000  0.000000000  0.000000000
  0.000000000  0.000000000  0.000000000
  0.000000000  0.000000000  0.000000000
  0.000000000  0.000000000  0.000000000
  0.000000000  0.000000000  0.000000000
  0.000000000  0.000000000  0.000000000
  0.000000000  0.000000000  0.000000000
  0.000000000  0.000000000  0.000000000
  0.000000000  0.000000000  0.000000000
  0.000000000  0.000000000  0.000000000
  0.000000000  0.000000000  0.000000000
  0.000000000  0.000000000  0.000000000
  0.000000000  0.000000000  0.000000000
  0.000000000  0.000000000  0.000000000
  0.000000000  0.000000000  0.000000000
  0.000000000  0.000000000  0.000000000
  0.000000000  0.000000000  0.000000000
  0.000000000  0.000000000  0.000000000
  0.000000000  0.000000000  0.000000000
  0.000000000  0.000000000  0.000000000
  0.000000000  0.000000000  0.000000000
  0.000000000  0.000000000  0.000000000
  0.000000000  0.000000000  0.000000000
  0.000000000  0.000000000  0.000000000
  0.000000000  0.000000000  0.000000000
  0.000000000  0.000000000  0.000000000
  0.000000000  0.000000000  0.000000000
  0.000000000  0.000000000  0.000000000
  0.000000000  0.000000000  0.000000000
  0.000000000  0.000000000  0.000000000
  0.000000000  0.000000000  0.000000000
  0.000000000  0.000000000  0.000000000
  0.000000000  0.000000000  0.000000000
  0.000000000  0.000000000  0.000000000
  0.000000000  0.000000000  0.000000000
  0.000000000  0.000000000  0.000000000
  0.000000000  0.000000000  0.000000000
  0.000000000  0.000000000  0.000000000
  0.000000000  0.000000000  0.000000000
  0.000000000  0.000000000  0.000000000
  0.000000000  0.000000000  0.000000000
  0.000000000  0.000000000  0.000000000
  0.000000000  0.000000000  0.000000000
  0.000000000  0.000000000  0.000000000
  0.000000000  0.000000000  0.000000000
  0.000000000  0.000000000  0.000000000
  0.000000000  0.000000000  0.000000000
  0.000000000  0.000000000  0.000000000
  0.000000000  0.000000000  0.000000000
  0.000000000  0.000000000  0.000000000
  0.000000000  0.000000000  0.000000000
  0.000000000  0.000000000  0.000000000
  0.000000000  0.000000000  0.000000000
  0.000000000  0.000000000  0.000000000
  0.000000000  0.000000000  0.000000000
  0.000000000  0.000000000  0.000000000
  0.000000000  0.000000000  0.000000000
  0.000000000  0.000000000  0.000000000
  0.000000000  0.000000000  0.000000000
  0.000000000  0.000000000  0.000000000
  0.000000000  0.000000000  0.000000000
  0.000000000  0.000000000  0.000000000
  0.000000000  0.000000000  0.000000000
  0.000000000  0.000000000  0.000000000
  0.000000000  0.000000000  0.000000000
  0.000000000  0.000000000  0.000000000
  0.000000000  0.000000000  0.000000000
  0.000000000  0.000000000  0.000000000
  0.000000000  0.000000000  0.000000000
  0.000000000  0.000000000  0.000000000
  0.000000000  0.000000000  0.000000000
  0.000000000  0.000000000  0.000000000
  0.000000000  0.000000000  0.000000000
  0.000000000  0.000000000  0.000000000
  0.000000000  0.000000000  0.000000000
  0.000000000  0.000000000  0.000000000
  0.000000000  0.000000000  0.000000000
  0.000000000  0.000000000  0.000000000
  0.000000000  0.000000000  0.000000000
  0.000000000  0.000000000  0.000000000
  0.000000000  0.000000000  0.000000000
  0.000000000  0.000000000  0.000000000
  0.000000000  0.000000000  0.000000000
  0.000000000  0.000000000  0.000000000
  0.000000000  0.000000000  0.000000000
  0.000000000  0.000000000  0.000000000
  0.000000000  0.000000000  0.000000000
  0.000000000  0.000000000  0.000000000
  0.000000000  0.000000000  0.000000000
  0.000000000  0.000000000  0.000000000
  0.000000000  0.000000000  0.000000000
  0.000000000  0.000000000  0.000000000
  0.000000000  0.000000000  0.000000000
  0.000000000  0.000000000  0.000000000
  0.000000000  0.000000000  0.000000000
  0.000000000  0.000000000  0.000000000
  0.000000000  0.000000000  0.000000000
  0.000000000  0.000000000  0.000000000
  0.000000000  0.000000000  0.000000000
  0.000000000  0.000000000  0.000000000
  0.000000000  0.000000000  0.000000000
  0.000000000  0.000000000  0.000000000
  0.000000000  0.000000000  0.000000000
  0.000000000  0.000000000  0.000000000
  0.000000000  0.000000000  0.000000000
  0.000000000  0.000000000  0.000000000
  0.000000000  0.000000000  0.000000000
  0.000000000  0.000000000  0.000000000
  0.000000000  0.000000000  0.000000000
  0.000000000  0.000000000  0.000000000
  0.000000000  0.000000000  0.000000000
  0.000000000  0.000000000  0.000000000
  0.000000000  0.000000000  0.000000000
  0.000000000  0.000000000  0.000000000
  0.000000000  0.000000000  0.000000000
  0.000000000  0.000000000  0.000000000
  0.000000000  0.000000000  0.000000000
  0.000000000  0.000000000  0.000000000
  0.000000000  0.000000000  0.000000000
  0.000000000  0.000000000  0.000000000
  0.000000000  0.000000000  0.000000000
  0.000000000  0.000000000  0.000000000
  0.000000000  0.000000000  0.000000000
  0.000000000  0.000000000  0.000000000
  0.000000000  0.000000000  0.000000000
  0.000000000  0.000000000  0.000000000
  0.000000000  0.000000000  0.000000000
  0.000000000  0.000000000  0.000000000
  0.000000000  0.000000000  0.000000000
  0.000000000  0.000000000  0.000000000
  0.000000000  0.000000000  0.000000000
  0.000000000  0.000000000  0.000000000
  0.000000000  0.000000000  0.000000000
  0.000000000  0.000000000  0.000000000
  0.000000000  0.000000000  0.000000000
  0.000000000  0.000000000  0.000000000
  0.000000000  0.000000000  0.000000000
  0.000000000  0.000000000  0.000000000
  0.000000000  0.000000000  0.000000000
  0.000000000  0.000000000  0.000000000
  0.000000000  0.000000000  0.000000000
  0.000000000  0.000000000  0.000000000
  0.000000000  0.000000000  0.000000000
  0.000000000  0.000000000  0.000000000
  0.000000000  0.000000000  0.000000000
  0.000000000  0.000000000  0.000000000
  0.000000000  0.000000000  0.000000000
  0.000000000  0.000000000  0.000000000
  0.000000000  0.000000000  0.000000000
  0.000000000  0.000000000  0.000000000
  0.000000000  0.000000000  0.000000000
  0.000000000  0.000000000  0.000000000
  0.000000000  0.000000000  0.000000000
  0.000000000  0.000000000  0.000000000
  0.000000000  0.000000000  0.000000000
  0.000000000  0.000000000  0.000000000
  0.000000000  0.000000000  0.000000000
  0.000000000  0.000000000  0.000000000
  0.000000000  0.000000000  0.000000000
  0.000000000  0.000000000  0.000000000
  0.000000000  0.000000000  0.000000000
  0.000000000  0.000000000  0.000000000
  0.000000000  0.000000000  0.000000000
  0.000000000  0.000000000  0.000000000
  0.000000000  0.000000000  0.000000000
  0.000000000  0.000000000  0.000000000
  0.000000000  0.000000000  0.000000000
  0.000000000  0.000000000  0.000000000
  0.000000000  0.000000000  0.000000000
  0.000000000  0.000000000  0.000000000
  0.000000000  0.000000000  0.000000000
  0.000000000  0.000000000  0.000000000
  0.000000000  0.000000000  0.000000000
  0.000000000  0.000000000  0.000000000
  0.000000000  0.000000000  0.000000000
  0.000000000  0.000000000  0.000000000
  0.000000000  0.000000000  0.000000000
  0.000000000  0.000000000  0.000000000
  0.000000000  0.000000000  0.000000000
  0.000000000  0.000000000  0.000000000
  0.000000000  0.000000000  0.000000000
  0.000000000  0.000000000  0.000000000
  0.000000000  0.000000000  0.000000000
  0.000000000  0.000000000  0.000000000
  0.000000000  0.000000000  0.000000000
  0.000000000  0.000000000  0.000000000
  0.000000000  0.000000000  0.000000000
  0.000000000  0.000000000  0.000000000
  0.000000000  0.000000000  0.000000000
  0.000000000  0.000000000  0.000000000
  0.000000000  0.000000000  0.000000000
  0.000000000  0.000000000  0.000000000
  0.000000000  0.000000000  0.000000000
  0.000000000  0.000000000  0.000000000
  0.000000000  0.000000000  0.000000000
  0.000000000  0.000000000  0.000000000
  0.000000000  0.000000000  0.000000000
  0.000000000  0.000000000  0.000000000
  0.000000000  0.000000000  0.000000000
  0.000000000  0.000000000  0.000000000
  0.000000000  0.000000000  0.000000000
  0.000000000  0.000000000  0.000000000
  0.000000000  0.000000000  0.000000000
  0.000000000  0.000000000  0.000000000
  0.000000000  0.000000000  0.000000000
  0.000000000  0.000000000  0.000000000
  0.000000000  0.000000000  0.000000000
  0.000000000  0.000000000  0.000000000
  0.000000000  0.000000000  0.000000000
  0.000000000  0.000000000  0.000000000
  0.000000000  0.000000000  0.000000000
  0.000000000  0.000000000  0.000000000
  0.000000000  0.000000000  0.000000000
  0.000000000  0.000000000  0.000000000
  0.000000000  0.000000000  0.000000000
  0.000000000  0.000000000  0.000000000
  0.000000000  0.000000000  0.000000000
  0.000000000  0.000000000  0.000000000
  0.000000000  0.000000000  0.000000000
  0.000000000  0.000000000  0.000000000
  0.000000000  0.000000000  0.000000000
  0.000000000  0.000000000  0.000000000
  0.000000000  0.000000000  0.000000000
  0.000000000  0.000000000  0.000000000
  0.000000000  0.000000000  0.000000000
  0.000000000  0.000000000  0.000000000
  0.000000000  0.000000000  0.000000000
  0.000000000  0.000000000  0.000000000
  0.000000000  0.000000000  0.000000000
  0.000000000  0.000000000  0.000000000
  0.000000000  0.000000000  0.000000000
  0.000000000  0.000000000  0.000000000
  0.000000000  0.000000000  0.000000000
  0.000000000  0.000000000  0.000000000
  0.000000000  0.000000000  0.000000000
  0.000000000  0.000000000  0.000000000
  0.000000000  0.000000000  0.000000000
  0.000000000  0.000000000  0.000000000
  0.000000000  0.000000000  0.000000000
  0.000000000  0.000000000  0.000000000
  0.000000000  0.000000000  0.000000000
  0.000000000  0.000000000  0.000000000
  0.000000000  0.000000000  0.000000000
  0.000000000  0.000000000  0.000000000
  0.000000000  0.000000000  0.000000000
  0.000000000  0.000000000  0.000000000
  0.000000000  0.000000000  0.000000000
  0.000000000  0.000000000  0.000000000
  0.000000000  0.000000000  0.000000000
  0.000000000  0.000000000  0.000000000
  0.000000000  0.000000000  0.000000000
  0.000000000  0.000000000  0.000000000
  0.000000000  0.000000000  0.000000000
  0.000000000  0.000000000  0.000000000
  0.000000000  0.000000000  0.000000000
  0.000000000  0.000000000  0.000000000
  0.000000000  0.000000000  0.000000000
  0.000000000  0.000000000  0.000000000
  0.000000000  0.000000000  0.000000000
  0.000000000  0.000000000  0.000000000
  0.000000000  0.000000000  0.000000000
  0.000000000  0.000000000  0.000000000
  0.000000000  0.000000000  0.000000000
  0.000000000  0.000000000  0.000000000
  0.000000000  0.000000000  0.000000000
  0.000000000  0.000000000  0.000000000
  0.000000000  0.000000000  0.000000000
  0.000000000  0.000000000  0.000000000
  0.000000000  0.000000000  0.000000000
  0.000000000  0.000000000  0.000000000
  0.000000000  0.000000000  0.000000000
  0.000000000  0.000000000  0.000000000
  0.000000000  0.000000000  0.000000000
  0.000000000  0.000000000  0.000000000
  0.000000000  0.000000000  0.000000000
  0.000000000  0.000000000  0.000000000
  0.000000000  0.000000000  0.000000000
  0.000000000  0.000000000  0.000000000
  0.000000000  0.000000000  0.000000000
  0.000000000  0.000000000  0.000000000
  0.000000000  0.000000000  0.000000000
  0.000000000  0.000000000  0.000000000
  0.000000000  0.000000000  0.000000000
  0.000000000  0.000000000  0.000000000
  0.000000000  0.000000000  0.000000000
  0.000000000  0.000000000  0.000000000
  0.000000000  0.000000000  0.000000000
  0.000000000  0.000000000  0.000000000
  0.000000000  0.000000000  0.000000000
  0.000000000  0.000000000  0.000000000
  0.000000000  0.000000000  0.000000000
  0.000000000  0.000000000  0.000000000
  0.000000000  0.000000000  0.000000000
  0.000000000  0.000000000  0.000000000
  0.000000000  0.000000000  0.000000000
  0.000000000  0.000000000  0.000000000
  0.000000000  0.000000000  0.000000000
  0.000000000  0.000000000  0.000000000
  0.000000000  0.000000000  0.000000000
  0.000000000  0.000000000  0.000000000
  0.000000000  0.000000000  0.000000000
  0.000000000  0.000000000  0.000000000
  0.000000000  0.000000000  0.000000000
  0.000000000  0.000000000  0.000000000
  0.000000000  0.000000000  0.000000000
  0.000000000  0.000000000  0.000000000
  0.000000000  0.000000000  0.000000000
  0.000000000  0.000000000  0.000000000
  0.000000000  0.000000000  0.000000000
  0.000000000  0.000000000  0.000000000
  0.000000000  0.000000000  0.000000000
  0.000000000  0.000000000  0.000000000
  0.000000000  0.000000000  0.000000000
  0.000000000  0.000000000  0.000000000
  0.000000000  0.000000000  0.000000000
  0.000000000  0.000000000  0.000000000
  0.000000000  0.000000000  0.000000000
  0.000000000  0.000000000  0.000000000
  0.000000000  0.000000000  0.000000000
  0.000000000  0.000000000  0.000000000
  0.000000000  0.000000000  0.000000000
  0.000000000  0.000000000  0.000000000
  0.000000000  0.000000000  0.000000000
  0.000000000  0.000000000  0.000000000
  0.000000000  0.000000000  0.000000000
  0.000000000  0.000000000  0.000000000
  0.000000000  0.000000000  0.000000000
  0.000000000  0.000000000  0.000000000
  0.000000000  0.000000000  0.000000000
  0.000000000  0.000000000  0.000000000
  0.000000000  0.000000000  0.000000000
  0.000000000  0.000000000  0.000000000
  0.000000000  0.000000000  0.000000000
  0.000000000  0.000000000  0.000000000
  0.000000000  0.000000000  0.000000000
  0.000000000  0.000000000  0.000000000
  0.000000000  0.000000000  0.000000000
  0.000000000  0.000000000  0.000000000
  0.000000000  0.000000000  0.000000000
  0.000000000  0.000000000  0.000000000
  0.000000000  0.000000000  0.000000000
  0.000000000  0.000000000  0.000000000
  0.000000000  0.000000000  0.000000000
  0.000000000  0.000000000  0.000000000
  0.000000000  0.000000000  0.000000000
  0.000000000  0.000000000  0.000000000
  0.000000000  0.000000000  0.000000000
  0.000000000  0.000000000  0.000000000
  0.000000000  0.000000000  0.000000000
  0.000000000  0.000000000  0.000000000
  0.000000000  0.000000000  0.000000000
  0.000000000  0.000000000  0.000000000
  0.000000000  0.000000000  0.000000000
  0.000000000  0.000000000  0.000000000
  0.000000000  0.000000000  0.000000000
  0.000000000  0.000000000  0.000000000
  0.000000000  0.000000000  0.000000000
  0.000000000  0.000000000  0.000000000
  0.000000000  0.000000000  0.000000000
  0.000000000  0.000000000  0.000000000
  0.000000000  0.000000000  0.000000000
  0.000000000  0.000000000  0.000000000
  0.000000000  0.000000000  0.000000000
  0.000000000  0.000000000  0.000000000
  0.000000000  0.000000000  0.000000000
  0.000000000  0.000000000  0.000000000
  0.000000000  0.000000000  0.000000000
  0.000000000  0.000000000  0.000000000
  0.000000000  0.000000000  0.000000000
  0.000000000  0.000000000  0.000000000
  0.000000000  0.000000000  0.000000000
  0.000000000  0.000000000  0.000000000
  0.000000000  0.000000000  0.000000000
  0.000000000  0.000000000  0.000000000
  0.000000000  0.000000000  0.000000000
  0.000000000  0.000000000  0.000000000
  0.000000000  0.000000000  0.000000000
  0.000000000  0.000000000  0.000000000
  0.000000000  0.000000000  0.000000000
  0.000000000  0.000000000  0.000000000
  0.000000000  0.000000000  0.000000000
  0.000000000  0.000000000  0.000000000
  0.000000000  0.000000000  0.000000000
  0.000000000  0.000000000  0.000000000
  0.000000000  0.000000000  0.000000000
  0.000000000  0.000000000  0.000000000
   1.06000000000000     
   1.06000000000000     
   1.06000000000000     
   1.06000000000000     
   1.06000000000000     
   1.06000000000000     
   1.06000000000000     
   1.06000000000000     
   1.06000000000000     
   1.06000000000000     
   1.06000000000000     
   1.06000000000000     
   1.06000000000000     
   1.06000000000000     
   1.06000000000000     
   1.06000000000000     
   1.06000000000000     
   1.06000000000000     
   1.06000000000000     
   1.06000000000000     
   1.06000000000000     
   1.06000000000000     
   1.06000000000000     
   1.06000000000000     
   1.06000000000000     
   1.06000000000000     
   1.06000000000000     
   1.06000000000000     
   1.06000000000000     
   1.06000000000000     
   1.06000000000000     
   1.06000000000000     
   1.06000000000000     
   1.06000000000000     
   1.06000000000000     
   1.06000000000000     
   1.06000000000000     
   1.06000000000000     
   1.06000000000000     
   1.06000000000000     
   1.06000000000000     
   1.06000000000000     
   1.06000000000000     
   1.06000000000000     
   1.06000000000000     
   1.06000000000000     
   1.06000000000000     
   1.06000000000000     
   1.06000000000000     
   1.06000000000000     
   1.06000000000000     
   1.06000000000000     
   1.06000000000000     
   1.06000000000000     
   1.06000000000000     
   1.06000000000000     
   1.06000000000000     
   1.06000000000000     
   1.06000000000000     
   1.06000000000000     
   1.06000000000000     
   1.06000000000000     
   1.06000000000000     
   1.06000000000000     
   1.06000000000000     
   1.06000000000000     
   1.06000000000000     
   1.06000000000000     
   1.06000000000000     
   1.06000000000000     
   1.06000000000000     
   1.06000000000000     
   1.06000000000000     
   1.06000000000000     
   1.06000000000000     
   1.06000000000000     
   1.06000000000000     
   1.06000000000000     
   1.06000000000000     
   1.06000000000000     
   1.06000000000000     
   1.06000000000000     
   1.06000000000000     
   1.06000000000000     
   1.06000000000000     
   1.06000000000000     
   1.06000000000000     
   1.06000000000000     
   1.06000000000000     
   1.06000000000000     
   1.06000000000000     
   1.06000000000000     
   1.06000000000000     
   1.06000000000000     
   1.06000000000000     
   1.06000000000000     
   1.06000000000000     
   1.06000000000000     
   1.06000000000000     
   1.06000000000000     
   1.06000000000000     
   1.06000000000000     
   1.06000000000000     
   1.06000000000000     
   1.06000000000000     
   1.06000000000000     
   1.06000000000000     
   1.06000000000000     
   1.06000000000000     
   1.06000000000000     
   1.06000000000000     
   1.06000000000000     
   1.06000000000000     
   1.06000000000000     
   1.06000000000000     
   1.06000000000000     
   1.06000000000000     
   1.06000000000000     
   1.06000000000000     
   1.06000000000000     
   1.06000000000000     
   1.06000000000000     
   1.06000000000000     
   1.06000000000000     
   1.06000000000000     
   1.06000000000000     
  3.000000000000000E-002
  3.000000000000000E-002
  3.000000000000000E-002
  3.000000000000000E-002
  3.000000000000000E-002
  3.000000000000000E-002
  3.000000000000000E-002
  3.000000000000000E-002
  3.000000000000000E-002
  3.000000000000000E-002
  3.000000000000000E-002
  3.000000000000000E-002
  3.000000000000000E-002
  3.000000000000000E-002
  3.000000000000000E-002
  3.000000000000000E-002
  3.000000000000000E-002
  3.000000000000000E-002
  3.000000000000000E-002
  3.000000000000000E-002
  3.000000000000000E-002
  3.000000000000000E-002
  3.000000000000000E-002
  3.000000000000000E-002
  3.000000000000000E-002
  3.000000000000000E-002
  3.000000000000000E-002
  3.000000000000000E-002
  3.000000000000000E-002
  3.000000000000000E-002
  3.000000000000000E-002
  3.000000000000000E-002
  3.000000000000000E-002
  3.000000000000000E-002
  3.000000000000000E-002
  3.000000000000000E-002
  3.000000000000000E-002
  3.000000000000000E-002
  3.000000000000000E-002
  3.000000000000000E-002
  3.000000000000000E-002
  3.000000000000000E-002
  3.000000000000000E-002
  3.000000000000000E-002
  3.000000000000000E-002
  3.000000000000000E-002
  3.000000000000000E-002
  3.000000000000000E-002
  3.000000000000000E-002
  3.000000000000000E-002
  3.000000000000000E-002
  3.000000000000000E-002
  3.000000000000000E-002
  3.000000000000000E-002
  3.000000000000000E-002
  3.000000000000000E-002
  3.000000000000000E-002
  3.000000000000000E-002
  3.000000000000000E-002
  3.000000000000000E-002
  3.000000000000000E-002
  3.000000000000000E-002
  3.000000000000000E-002
  3.000000000000000E-002
  3.000000000000000E-002
  3.000000000000000E-002
  3.000000000000000E-002
  3.000000000000000E-002
  3.000000000000000E-002
  3.000000000000000E-002
  3.000000000000000E-002
  3.000000000000000E-002
  3.000000000000000E-002
  3.000000000000000E-002
  3.000000000000000E-002
  3.000000000000000E-002
  3.000000000000000E-002
  3.000000000000000E-002
  3.000000000000000E-002
  3.000000000000000E-002
  3.000000000000000E-002
  3.000000000000000E-002
  3.000000000000000E-002
  3.000000000000000E-002
  3.000000000000000E-002
  3.000000000000000E-002
  3.000000000000000E-002
  3.000000000000000E-002
  3.000000000000000E-002
  3.000000000000000E-002
  3.000000000000000E-002
  3.000000000000000E-002
  3.000000000000000E-002
  3.000000000000000E-002
  3.000000000000000E-002
  3.000000000000000E-002
  3.000000000000000E-002
  3.000000000000000E-002
  3.000000000000000E-002
  3.000000000000000E-002
  3.000000000000000E-002
  3.000000000000000E-002
  3.000000000000000E-002
  3.000000000000000E-002
  3.000000000000000E-002
  3.000000000000000E-002
  3.000000000000000E-002
  3.000000000000000E-002
  3.000000000000000E-002
  3.000000000000000E-002
  3.000000000000000E-002
  3.000000000000000E-002
  3.000000000000000E-002
  3.000000000000000E-002
  3.000000000000000E-002
  3.000000000000000E-002
  3.000000000000000E-002
  3.000000000000000E-002
  3.000000000000000E-002
  3.000000000000000E-002
  3.000000000000000E-002
  3.000000000000000E-002
  3.000000000000000E-002
  3.000000000000000E-002
  3.000000000000000E-002
  3.000000000000000E-002
