           3
 2 1 2
   9   2  19
  0.000000000  0.000000000  0.000000000  0.250000000  0.250000000  0.500000000  0.500000000  0.750000000  0.750000000  1.000000000  1.000000000  1.000000000
  0.000000000  0.000000000  1.000000000  1.000000000
  0.944186047  0.944186047  0.944186047  0.944658625  0.945131203  0.945603781  0.946076359  0.946548937  0.947021515  0.947494093  0.947966671  0.948439249  0.948911827  0.949384405  0.949856983  0.950329561  0.950802139  0.951274717  0.951747295  0.952219873  0.952219873  0.952219873
 -0.791637355000E+00 -0.451501337000E+00  0.132040774200E+02  0.100000000000E+01
 -0.791637355000E+00 -0.451501337000E+00  0.132040774200E+02  0.707107211043E+00
 -0.791637355000E+00 -0.451501337000E+00  0.132040774200E+02  0.100000000000E+01
 -0.791637355000E+00 -0.451501337000E+00  0.132040774200E+02  0.707106205502E+00
 -0.791637355000E+00 -0.451501337000E+00  0.132040774200E+02  0.100000000000E+01
 -0.791637355000E+00 -0.451501337000E+00  0.132040774200E+02  0.707106475136E+00
 -0.791637355000E+00 -0.451501337000E+00  0.132040774200E+02  0.100000000000E+01
 -0.791637355000E+00 -0.451501337000E+00  0.132040774200E+02  0.707107233065E+00
 -0.791637355000E+00 -0.451501337000E+00  0.132040774200E+02  0.100000000000E+01
 -0.831854788000E+00 -0.497664026000E+00  0.134541349990E+02  0.100000000000E+01
 -0.807073828000E+00 -0.674340330000E+00  0.133648815510E+02  0.707107211043E+00
 -0.774389591000E+00 -0.658749474000E+00  0.131685919750E+02  0.100000000000E+01
 -0.743274428000E+00 -0.611249087000E+00  0.129714046000E+02  0.707106205502E+00
 -0.759934886000E+00 -0.415112353000E+00  0.130069632870E+02  0.100000000000E+01
 -0.781432925000E+00 -0.245426906000E+00  0.130792050100E+02  0.707106475136E+00
 -0.813345074000E+00 -0.190662812000E+00  0.132487393990E+02  0.100000000000E+01
 -0.857768813000E+00 -0.226445897000E+00  0.135201437830E+02  0.707107233065E+00
 -0.831854788000E+00 -0.497664026000E+00  0.134541349990E+02  0.100000000000E+01
 -0.109025015300E+01 -0.467015755000E+00  0.131559141830E+02  0.100000000000E+01
 -0.109025015300E+01 -0.467015755000E+00  0.131559141830E+02  0.707106910364E+00
 -0.109025015300E+01 -0.467015755000E+00  0.131559141830E+02  0.100000000000E+01
 -0.109025015300E+01 -0.467015755000E+00  0.131559141830E+02  0.707106560865E+00
 -0.109025015300E+01 -0.467015755000E+00  0.131559141830E+02  0.100000000000E+01
 -0.109025015300E+01 -0.467015755000E+00  0.131559141830E+02  0.707106676772E+00
 -0.109025015300E+01 -0.467015755000E+00  0.131559141830E+02  0.100000000000E+01
 -0.109025015300E+01 -0.467015755000E+00  0.131559141830E+02  0.707106976745E+00
 -0.109025015300E+01 -0.467015755000E+00  0.131559141830E+02  0.100000000000E+01
 -0.112469637900E+01 -0.510596030000E+00  0.133936251880E+02  0.100000000000E+01
 -0.110288652100E+01 -0.687032832000E+00  0.133102652270E+02  0.707106910364E+00
 -0.107397345800E+01 -0.677586562000E+00  0.131196683060E+02  0.100000000000E+01
 -0.104134918400E+01 -0.644391418000E+00  0.128971899400E+02  0.707106560865E+00
 -0.105684837600E+01 -0.424756908000E+00  0.129254113490E+02  0.100000000000E+01
 -0.107754472300E+01 -0.227544078000E+00  0.129947131180E+02  0.707106676772E+00
 -0.110955496500E+01 -0.217269791000E+00  0.131989035860E+02  0.100000000000E+01
 -0.115421089300E+01 -0.237591114000E+00  0.134951648710E+02  0.707106976745E+00
 -0.112469637900E+01 -0.510596030000E+00  0.133936251880E+02  0.100000000000E+01
 -0.138930456900E+01 -0.482320820000E+00  0.131104803960E+02  0.100000000000E+01
 -0.138930456900E+01 -0.482320820000E+00  0.131104803960E+02  0.707106652474E+00
 -0.138930456900E+01 -0.482320820000E+00  0.131104803960E+02  0.100000000000E+01
 -0.138930456900E+01 -0.482320820000E+00  0.131104803960E+02  0.707106943736E+00
 -0.138930456900E+01 -0.482320820000E+00  0.131104803960E+02  0.100000000000E+01
 -0.138930456900E+01 -0.482320820000E+00  0.131104803960E+02  0.707106881167E+00
 -0.138930456900E+01 -0.482320820000E+00  0.131104803960E+02  0.100000000000E+01
 -0.138930456900E+01 -0.482320820000E+00  0.131104803960E+02  0.707106647369E+00
 -0.138930456900E+01 -0.482320820000E+00  0.131104803960E+02  0.100000000000E+01
 -0.142847680100E+01 -0.532691860000E+00  0.133855176660E+02  0.100000000000E+01
 -0.140432965300E+01 -0.731030319000E+00  0.132950681580E+02  0.707106652474E+00
 -0.137285416800E+01 -0.691720906000E+00  0.130744731920E+02  0.100000000000E+01
 -0.133803364900E+01 -0.671364166000E+00  0.128384099670E+02  0.707106943736E+00
 -0.135339827800E+01 -0.436149520000E+00  0.128583745490E+02  0.100000000000E+01
 -0.137327885800E+01 -0.145197909000E+00  0.128888263560E+02  0.707106881167E+00
 -0.141275282100E+01 -0.183842316000E+00  0.131618047850E+02  0.100000000000E+01
 -0.144956778200E+01 -0.262654563000E+00  0.134311425710E+02  0.707106647369E+00
 -0.142847680100E+01 -0.532691860000E+00  0.133855176660E+02  0.100000000000E+01
 -0.168807172600E+01 -0.498789332000E+00  0.130636005470E+02  0.100000000000E+01
 -0.168807172600E+01 -0.498789332000E+00  0.130636005470E+02  0.707106797099E+00
 -0.168807172600E+01 -0.498789332000E+00  0.130636005470E+02  0.100000000000E+01
 -0.168807172600E+01 -0.498789332000E+00  0.130636005470E+02  0.707106788960E+00
 -0.168807172600E+01 -0.498789332000E+00  0.130636005470E+02  0.100000000000E+01
 -0.168807172600E+01 -0.498789332000E+00  0.130636005470E+02  0.707106784449E+00
 -0.168807172600E+01 -0.498789332000E+00  0.130636005470E+02  0.100000000000E+01
 -0.168807172600E+01 -0.498789332000E+00  0.130636005470E+02  0.707106754239E+00
 -0.168807172600E+01 -0.498789332000E+00  0.130636005470E+02  0.100000000000E+01
 -0.173339616600E+01 -0.553144475000E+00  0.133589158100E+02  0.100000000000E+01
 -0.170412909400E+01 -0.792490016000E+00  0.132646858730E+02  0.707106797099E+00
 -0.166548010000E+01 -0.762340673000E+00  0.130185591420E+02  0.100000000000E+01
 -0.163527761000E+01 -0.681391611000E+00  0.128060508100E+02  0.707106788960E+00
 -0.164719304300E+01 -0.449765756000E+00  0.127972519530E+02  0.100000000000E+01
 -0.166956785700E+01 -0.137596676000E+00  0.128238838510E+02  0.707106784449E+00
 -0.171727334900E+01 -0.158126601000E+00  0.131218204170E+02  0.100000000000E+01
 -0.176348396100E+01 -0.243936119000E+00  0.134335917410E+02  0.707106754239E+00
 -0.173339616600E+01 -0.553144475000E+00  0.133589158100E+02  0.100000000000E+01
 -0.198591151600E+01 -0.515769549000E+00  0.130113446190E+02  0.100000000000E+01
 -0.198591151600E+01 -0.515769549000E+00  0.130113446190E+02  0.707107047810E+00
 -0.198591151600E+01 -0.515769549000E+00  0.130113446190E+02  0.100000000000E+01
 -0.198591151600E+01 -0.515769549000E+00  0.130113446190E+02  0.707106388082E+00
 -0.198591151600E+01 -0.515769549000E+00  0.130113446190E+02  0.100000000000E+01
 -0.198591151600E+01 -0.515769549000E+00  0.130113446190E+02  0.707106563112E+00
 -0.198591151600E+01 -0.515769549000E+00  0.130113446190E+02  0.100000000000E+01
 -0.198591151600E+01 -0.515769549000E+00  0.130113446190E+02  0.707107125742E+00
 -0.198591151600E+01 -0.515769549000E+00  0.130113446190E+02  0.100000000000E+01
 -0.204864184700E+01 -0.581141608000E+00  0.133623265550E+02  0.100000000000E+01
 -0.201350917500E+01 -0.860914920000E+00  0.132569492490E+02  0.707107047810E+00
 -0.196147353000E+01 -0.797672615000E+00  0.129632068070E+02  0.100000000000E+01
 -0.192308806300E+01 -0.713935125000E+00  0.127358308730E+02  0.707106388082E+00
 -0.194171787500E+01 -0.469714833000E+00  0.127640778640E+02  0.100000000000E+01
 -0.196913424600E+01 -0.236433591000E+00  0.128420002300E+02  0.707106563112E+00
 -0.201358731400E+01 -0.196516211000E+00  0.130658609600E+02  0.100000000000E+01
 -0.207418212300E+01 -0.242814306000E+00  0.134000377910E+02  0.707107125742E+00
 -0.204864184700E+01 -0.581141608000E+00  0.133623265550E+02  0.100000000000E+01
 -0.228219251000E+01 -0.530011758000E+00  0.129502250550E+02  0.100000000000E+01
 -0.228219251000E+01 -0.530011758000E+00  0.129502250550E+02  0.707106640594E+00
 -0.228219251000E+01 -0.530011758000E+00  0.129502250550E+02  0.100000000000E+01
 -0.228219251000E+01 -0.530011758000E+00  0.129502250550E+02  0.707107053736E+00
 -0.228219251000E+01 -0.530011758000E+00  0.129502250550E+02  0.100000000000E+01
 -0.228219251000E+01 -0.530011758000E+00  0.129502250550E+02  0.707106959919E+00
 -0.228219251000E+01 -0.530011758000E+00  0.129502250550E+02  0.100000000000E+01
 -0.228219251000E+01 -0.530011758000E+00  0.129502250550E+02  0.707106470497E+00
 -0.228219251000E+01 -0.530011758000E+00  0.129502250550E+02  0.100000000000E+01
 -0.234853114000E+01 -0.587641948000E+00  0.132542828900E+02  0.100000000000E+01
 -0.232075998900E+01 -0.850563883000E+00  0.131776130150E+02  0.707106640594E+00
 -0.225839890300E+01 -0.832308371000E+00  0.128981197880E+02  0.100000000000E+01
 -0.219985254600E+01 -0.758773419000E+00  0.126257789200E+02  0.707107053736E+00
 -0.223483870200E+01 -0.488874290000E+00  0.127331826410E+02  0.100000000000E+01
 -0.225387566500E+01 -0.275570765000E+00  0.127799076230E+02  0.707106959919E+00
 -0.230185126600E+01 -0.280247277000E+00  0.129932753150E+02  0.100000000000E+01
 -0.236044739300E+01 -0.313678704000E+00  0.132587649310E+02  0.707106470497E+00
 -0.234853114000E+01 -0.587641948000E+00  0.132542828900E+02  0.100000000000E+01
 -0.257640292900E+01 -0.539686805000E+00  0.128789955230E+02  0.100000000000E+01
 -0.257640292900E+01 -0.539686805000E+00  0.128789955230E+02  0.707107082584E+00
 -0.257640292900E+01 -0.539686805000E+00  0.128789955230E+02  0.100000000000E+01
 -0.257640292900E+01 -0.539686805000E+00  0.128789955230E+02  0.707106275725E+00
 -0.257640292900E+01 -0.539686805000E+00  0.128789955230E+02  0.100000000000E+01
 -0.257640292900E+01 -0.539686805000E+00  0.128789955230E+02  0.707106376538E+00
 -0.257640292900E+01 -0.539686805000E+00  0.128789955230E+02  0.100000000000E+01
 -0.257640292900E+01 -0.539686805000E+00  0.128789955230E+02  0.707107389899E+00
 -0.257640292900E+01 -0.539686805000E+00  0.128789955230E+02  0.100000000000E+01
 -0.264122041400E+01 -0.590756084000E+00  0.131458070530E+02  0.100000000000E+01
 -0.261164740200E+01 -0.822213540000E+00  0.130572197760E+02  0.707107082584E+00
 -0.255373960400E+01 -0.839745666000E+00  0.128270684670E+02  0.100000000000E+01
 -0.248843384500E+01 -0.758462022000E+00  0.125543665030E+02  0.707106275725E+00
 -0.253085238600E+01 -0.503797849000E+00  0.126914942940E+02  0.100000000000E+01
 -0.255431915700E+01 -0.355134023000E+00  0.127663440480E+02  0.707106376538E+00
 -0.259351267300E+01 -0.313155873000E+00  0.129181987450E+02  0.100000000000E+01
 -0.265085784700E+01 -0.343609552000E+00  0.131523350020E+02  0.707107389899E+00
 -0.264122041400E+01 -0.590756084000E+00  0.131458070530E+02  0.100000000000E+01
 -0.287088808500E+01 -0.553356293000E+00  0.128096856870E+02  0.100000000000E+01
 -0.287088808500E+01 -0.553356293000E+00  0.128096856870E+02  0.707106796740E+00
 -0.287088808500E+01 -0.553356293000E+00  0.128096856870E+02  0.100000000000E+01
 -0.287088808500E+01 -0.553356293000E+00  0.128096856870E+02  0.707106777534E+00
 -0.287088808500E+01 -0.553356293000E+00  0.128096856870E+02  0.100000000000E+01
 -0.287088808500E+01 -0.553356293000E+00  0.128096856870E+02  0.707106782704E+00
 -0.287088808500E+01 -0.553356293000E+00  0.128096856870E+02  0.100000000000E+01
 -0.287088808500E+01 -0.553356293000E+00  0.128096856870E+02  0.707106767769E+00
 -0.287088808500E+01 -0.553356293000E+00  0.128096856870E+02  0.100000000000E+01
 -0.293446026700E+01 -0.613426986000E+00  0.131302685030E+02  0.100000000000E+01
 -0.289770523400E+01 -0.878192542000E+00  0.130411378780E+02  0.707106796740E+00
 -0.284257761700E+01 -0.828171567000E+00  0.127638049320E+02  0.100000000000E+01
 -0.279292626000E+01 -0.765708416000E+00  0.125084280600E+02  0.707106777534E+00
 -0.283061312200E+01 -0.515299766000E+00  0.126065872150E+02  0.100000000000E+01
 -0.285521747300E+01 -0.306439698000E+00  0.126560933880E+02  0.707106782704E+00
 -0.289988489700E+01 -0.271876758000E+00  0.128566790870E+02  0.100000000000E+01
 -0.297085043400E+01 -0.276085282000E+00  0.131943536890E+02  0.707106767769E+00
 -0.293446026700E+01 -0.613426986000E+00  0.131302685030E+02  0.100000000000E+01
 -0.316795050700E+01 -0.584413253000E+00  0.127607453760E+02  0.100000000000E+01
 -0.316795050700E+01 -0.584413253000E+00  0.127607453760E+02  0.707106359949E+00
 -0.316795050700E+01 -0.584413253000E+00  0.127607453760E+02  0.100000000000E+01
 -0.316795050700E+01 -0.584413253000E+00  0.127607453760E+02  0.707107340351E+00
 -0.316795050700E+01 -0.584413253000E+00  0.127607453760E+02  0.100000000000E+01
 -0.316795050700E+01 -0.584413253000E+00  0.127607453760E+02  0.707107010293E+00
 -0.316795050700E+01 -0.584413253000E+00  0.127607453760E+02  0.100000000000E+01
 -0.316795050700E+01 -0.584413253000E+00  0.127607453760E+02  0.707106435635E+00
 -0.316795050700E+01 -0.584413253000E+00  0.127607453760E+02  0.100000000000E+01
 -0.319972555900E+01 -0.649078196000E+00  0.131363407270E+02  0.100000000000E+01
 -0.311965600400E+01 -0.917357999000E+00  0.130061825910E+02  0.707106359949E+00
 -0.310668852500E+01 -0.823295708000E+00  0.127248002260E+02  0.100000000000E+01
 -0.310605412000E+01 -0.736334499000E+00  0.125551309500E+02  0.707107340351E+00
 -0.315117745000E+01 -0.550278958000E+00  0.125624818260E+02  0.100000000000E+01
 -0.318512753800E+01 -0.284855544000E+00  0.125626331610E+02  0.707107010293E+00
 -0.322029576200E+01 -0.223152353000E+00  0.128185136740E+02  0.100000000000E+01
 -0.325905750700E+01 -0.262791078000E+00  0.132296314020E+02  0.707106435635E+00
 -0.319972555900E+01 -0.649078196000E+00  0.131363407270E+02  0.100000000000E+01
 -0.346456118200E+01 -0.641583948000E+00  0.127411132920E+02  0.100000000000E+01
 -0.346456118200E+01 -0.641583948000E+00  0.127411132920E+02  0.707107230897E+00
 -0.346456118200E+01 -0.641583948000E+00  0.127411132920E+02  0.100000000000E+01
 -0.346456118200E+01 -0.641583948000E+00  0.127411132920E+02  0.707106101191E+00
 -0.346456118200E+01 -0.641583948000E+00  0.127411132920E+02  0.100000000000E+01
 -0.346456118200E+01 -0.641583948000E+00  0.127411132920E+02  0.707106567777E+00
 -0.346456118200E+01 -0.641583948000E+00  0.127411132920E+02  0.100000000000E+01
 -0.346456118200E+01 -0.641583948000E+00  0.127411132920E+02  0.707107216297E+00
 -0.346456118200E+01 -0.641583948000E+00  0.127411132920E+02  0.100000000000E+01
 -0.346325741900E+01 -0.696158998000E+00  0.130940033650E+02  0.100000000000E+01
 -0.336128564100E+01 -0.917383052000E+00  0.129740460600E+02  0.707107230897E+00
 -0.337366438500E+01 -0.849646149000E+00  0.127086005930E+02  0.100000000000E+01
 -0.339081192300E+01 -0.783254554000E+00  0.125288392010E+02  0.707106101191E+00
 -0.346544406200E+01 -0.604629801000E+00  0.125021634140E+02  0.100000000000E+01
 -0.352721623600E+01 -0.285286829000E+00  0.124839212690E+02  0.707106567777E+00
 -0.353630565000E+01 -0.281162474000E+00  0.127971186110E+02  0.100000000000E+01
 -0.353775608300E+01 -0.326119157000E+00  0.131832422490E+02  0.707107216297E+00
 -0.346325741900E+01 -0.696158998000E+00  0.130940033650E+02  0.100000000000E+01
 -0.375641008000E+01 -0.722061544000E+00  0.127349520450E+02  0.100000000000E+01
 -0.375641008000E+01 -0.722061544000E+00  0.127349520450E+02  0.707106629036E+00
 -0.375641008000E+01 -0.722061544000E+00  0.127349520450E+02  0.100000000000E+01
 -0.375641008000E+01 -0.722061544000E+00  0.127349520450E+02  0.707106861295E+00
 -0.375641008000E+01 -0.722061544000E+00  0.127349520450E+02  0.100000000000E+01
 -0.375641008000E+01 -0.722061544000E+00  0.127349520450E+02  0.707106856122E+00
 -0.375641008000E+01 -0.722061544000E+00  0.127349520450E+02  0.100000000000E+01
 -0.375641008000E+01 -0.722061544000E+00  0.127349520450E+02  0.707106761976E+00
 -0.375641008000E+01 -0.722061544000E+00  0.127349520450E+02  0.100000000000E+01
 -0.374795500700E+01 -0.769532407000E+00  0.130542146700E+02  0.100000000000E+01
 -0.362313780800E+01 -0.956600935000E+00  0.129495347600E+02  0.707106629036E+00
 -0.361963707200E+01 -0.935509502000E+00  0.126995923780E+02  0.100000000000E+01
 -0.364807756300E+01 -0.864152047000E+00  0.124539825750E+02  0.707106861295E+00
 -0.376703652000E+01 -0.662400001000E+00  0.123337019930E+02  0.100000000000E+01
 -0.391253078900E+01 -0.761706870000E-01  0.122208192010E+02  0.707106856122E+00
 -0.385943823300E+01 -0.313087573000E+00  0.127984904890E+02  0.100000000000E+01
 -0.382854035600E+01 -0.450074108000E+00  0.131139035560E+02  0.707106761976E+00
 -0.374795500700E+01 -0.769532407000E+00  0.130542146700E+02  0.100000000000E+01
 -0.404264996000E+01 -0.820376601000E+00  0.127244762550E+02  0.100000000000E+01
 -0.404264996000E+01 -0.820376601000E+00  0.127244762550E+02  0.707106466008E+00
 -0.404264996000E+01 -0.820376601000E+00  0.127244762550E+02  0.100000000000E+01
 -0.404264996000E+01 -0.820376601000E+00  0.127244762550E+02  0.707107377921E+00
 -0.404264996000E+01 -0.820376601000E+00  0.127244762550E+02  0.100000000000E+01
 -0.404264996000E+01 -0.820376601000E+00  0.127244762550E+02  0.707107000868E+00
 -0.404264996000E+01 -0.820376601000E+00  0.127244762550E+02  0.100000000000E+01
 -0.404264996000E+01 -0.820376601000E+00  0.127244762550E+02  0.707106402029E+00
 -0.404264996000E+01 -0.820376601000E+00  0.127244762550E+02  0.100000000000E+01
 -0.404167779800E+01 -0.872520586000E+00  0.130566381400E+02  0.100000000000E+01
 -0.389345391700E+01 -0.103371500300E+01  0.129373288120E+02  0.707106466008E+00
 -0.386061354800E+01 -0.103556004100E+01  0.126901629380E+02  0.100000000000E+01
 -0.386990414800E+01 -0.974703904000E+00  0.123668762090E+02  0.707107377921E+00
 -0.404416076100E+01 -0.739313097000E+00  0.122080937980E+02  0.100000000000E+01
 -0.428560356300E+01  0.179262966000E+00  0.119686728230E+02  0.707107000868E+00
 -0.417382614000E+01 -0.351169952000E+00  0.127985174150E+02  0.100000000000E+01
 -0.414095681100E+01 -0.521601877000E+00  0.131413461860E+02  0.707106402029E+00
 -0.404167779800E+01 -0.872520586000E+00  0.130566381400E+02  0.100000000000E+01
 -0.432837700800E+01 -0.919053090000E+00  0.127060111970E+02  0.100000000000E+01
 -0.432837700800E+01 -0.919053090000E+00  0.127060111970E+02  0.707106543935E+00
 -0.432837700800E+01 -0.919053090000E+00  0.127060111970E+02  0.100000000000E+01
 -0.432837700800E+01 -0.919053090000E+00  0.127060111970E+02  0.707107296942E+00
 -0.432837700800E+01 -0.919053090000E+00  0.127060111970E+02  0.100000000000E+01
 -0.432837700800E+01 -0.919053090000E+00  0.127060111970E+02  0.707106952511E+00
 -0.432837700800E+01 -0.919053090000E+00  0.127060111970E+02  0.100000000000E+01
 -0.432837700800E+01 -0.919053090000E+00  0.127060111970E+02  0.707106468163E+00
 -0.432837700800E+01 -0.919053090000E+00  0.127060111970E+02  0.100000000000E+01
 -0.433670867200E+01 -0.988221166000E+00  0.131249194980E+02  0.100000000000E+01
 -0.412415441000E+01 -0.119677329700E+01  0.129965447570E+02  0.707106543935E+00
 -0.411045216000E+01 -0.115111999600E+01  0.126720275400E+02  0.100000000000E+01
 -0.410143974100E+01 -0.109542840300E+01  0.123212498490E+02  0.707107296942E+00
 -0.431802153900E+01 -0.833087935000E+00  0.121853727020E+02  0.100000000000E+01
 -0.446885406500E+01 -0.107865707000E+00  0.121187402500E+02  0.707106952511E+00
 -0.444053949900E+01 -0.413564389000E+00  0.127872437330E+02  0.100000000000E+01
 -0.442653795600E+01 -0.583115124000E+00  0.131889394980E+02  0.707106468163E+00
 -0.433670867200E+01 -0.988221166000E+00  0.131249194980E+02  0.100000000000E+01
 -0.461959041100E+01 -0.999019163000E+00  0.126841953680E+02  0.100000000000E+01
 -0.461959041100E+01 -0.999019163000E+00  0.126841953680E+02  0.707106938042E+00
 -0.461959041100E+01 -0.999019163000E+00  0.126841953680E+02  0.100000000000E+01
 -0.461959041100E+01 -0.999019163000E+00  0.126841953680E+02  0.707106711507E+00
 -0.461959041100E+01 -0.999019163000E+00  0.126841953680E+02  0.100000000000E+01
 -0.461959041100E+01 -0.999019163000E+00  0.126841953680E+02  0.707106696946E+00
 -0.461959041100E+01 -0.999019163000E+00  0.126841953680E+02  0.100000000000E+01
 -0.461959041100E+01 -0.999019163000E+00  0.126841953680E+02  0.707106912523E+00
 -0.461959041100E+01 -0.999019163000E+00  0.126841953680E+02  0.100000000000E+01
 -0.463678702000E+01 -0.107861672500E+01  0.131524429990E+02  0.100000000000E+01
 -0.435577836300E+01 -0.136084429000E+01  0.130377312880E+02  0.707106938042E+00
 -0.436223970100E+01 -0.127179623100E+01  0.126472774010E+02  0.100000000000E+01
 -0.441008169300E+01 -0.115726580700E+01  0.123502678570E+02  0.707106711507E+00
 -0.460480839400E+01 -0.930598974000E+00  0.122817012210E+02  0.100000000000E+01
 -0.465526855600E+01 -0.449261339000E+00  0.122759135340E+02  0.707106696946E+00
 -0.467552125300E+01 -0.510759927000E+00  0.127651408110E+02  0.100000000000E+01
 -0.468388940900E+01 -0.650875353000E+00  0.131886641150E+02  0.707106912523E+00
 -0.463678702000E+01 -0.107861672500E+01  0.131524429990E+02  0.100000000000E+01
 -0.491576888600E+01 -0.105799302100E+01  0.126613137410E+02  0.100000000000E+01
 -0.491576888600E+01 -0.105799302100E+01  0.126613137410E+02  0.707106939906E+00
 -0.491576888600E+01 -0.105799302100E+01  0.126613137410E+02  0.100000000000E+01
 -0.491576888600E+01 -0.105799302100E+01  0.126613137410E+02  0.707106305031E+00
 -0.491576888600E+01 -0.105799302100E+01  0.126613137410E+02  0.100000000000E+01
 -0.491576888600E+01 -0.105799302100E+01  0.126613137410E+02  0.707106603561E+00
 -0.491576888600E+01 -0.105799302100E+01  0.126613137410E+02  0.100000000000E+01
 -0.491576888600E+01 -0.105799302100E+01  0.126613137410E+02  0.707107010459E+00
 -0.491576888600E+01 -0.105799302100E+01  0.126613137410E+02  0.100000000000E+01
 -0.494171639700E+01 -0.114919535000E+01  0.131896676260E+02  0.100000000000E+01
 -0.461283784100E+01 -0.143256372400E+01  0.130387020200E+02  0.707106939906E+00
 -0.463301630500E+01 -0.132314736900E+01  0.126294300450E+02  0.100000000000E+01
 -0.470848899100E+01 -0.119857341200E+01  0.123932752420E+02  0.707106305031E+00
 -0.490414471900E+01 -0.101713448800E+01  0.124246119330E+02  0.100000000000E+01
 -0.492289798900E+01 -0.677063449000E+00  0.123985335540E+02  0.707106603561E+00
 -0.494499544800E+01 -0.639000391000E+00  0.127322035300E+02  0.100000000000E+01
 -0.497575791400E+01 -0.642985573000E+00  0.132539625930E+02  0.707107010459E+00
 -0.494171639700E+01 -0.114919535000E+01  0.131896676260E+02  0.100000000000E+01
 -0.520926578400E+01 -0.112707646600E+01  0.126335392310E+02  0.100000000000E+01
 -0.520926578400E+01 -0.112707646600E+01  0.126335392310E+02  0.707106795785E+00
 -0.520926578400E+01 -0.112707646600E+01  0.126335392310E+02  0.100000000000E+01
 -0.520926578400E+01 -0.112707646600E+01  0.126335392310E+02  0.707107015266E+00
 -0.520926578400E+01 -0.112707646600E+01  0.126335392310E+02  0.100000000000E+01
 -0.520926578400E+01 -0.112707646600E+01  0.126335392310E+02  0.707106685731E+00
 -0.520926578400E+01 -0.112707646600E+01  0.126335392310E+02  0.100000000000E+01
 -0.520926578400E+01 -0.112707646600E+01  0.126335392310E+02  0.707106724093E+00
 -0.520926578400E+01 -0.112707646600E+01  0.126335392310E+02  0.100000000000E+01
 -0.524225652100E+01 -0.122702784400E+01  0.132055625540E+02  0.100000000000E+01
 -0.483012029100E+01 -0.147466637400E+01  0.130418715520E+02  0.707106795785E+00
 -0.490839692000E+01 -0.132960126700E+01  0.126155037100E+02  0.100000000000E+01
 -0.501540040200E+01 -0.122283395700E+01  0.124598071160E+02  0.707107015266E+00
 -0.520050127900E+01 -0.110052315900E+01  0.124815739120E+02  0.100000000000E+01
 -0.523220631400E+01 -0.807885134000E+00  0.124563505610E+02  0.707106685731E+00
 -0.526864540400E+01 -0.663395603000E+00  0.127111348770E+02  0.100000000000E+01
 -0.532469724800E+01 -0.607917303000E+00  0.133497529760E+02  0.707106724093E+00
 -0.524225652100E+01 -0.122702784400E+01  0.132055625540E+02  0.100000000000E+01
 -0.549521070200E+01 -0.122072439300E+01  0.125998203090E+02  0.100000000000E+01
 -0.549521070200E+01 -0.122072439300E+01  0.125998203090E+02  0.707106655619E+00
 -0.549521070200E+01 -0.122072439300E+01  0.125998203090E+02  0.100000000000E+01
 -0.549521070200E+01 -0.122072439300E+01  0.125998203090E+02  0.707106996457E+00
 -0.549521070200E+01 -0.122072439300E+01  0.125998203090E+02  0.100000000000E+01
 -0.549521070200E+01 -0.122072439300E+01  0.125998203090E+02  0.707106917323E+00
 -0.549521070200E+01 -0.122072439300E+01  0.125998203090E+02  0.100000000000E+01
 -0.549521070200E+01 -0.122072439300E+01  0.125998203090E+02  0.707106673940E+00
 -0.549521070200E+01 -0.122072439300E+01  0.125998203090E+02  0.100000000000E+01
 -0.553245262300E+01 -0.132557686000E+01  0.131940957770E+02  0.100000000000E+01
 -0.501787899700E+01 -0.152732685500E+01  0.130473783810E+02  0.707106655619E+00
 -0.512898619500E+01 -0.138446612500E+01  0.125938804600E+02  0.100000000000E+01
 -0.528923186900E+01 -0.128837776000E+01  0.124770583970E+02  0.707106996457E+00
 -0.548525719300E+01 -0.119270099900E+01  0.124409914200E+02  0.100000000000E+01
 -0.554642883800E+01 -0.854635482000E+00  0.124306831800E+02  0.707106917323E+00
 -0.560972021500E+01 -0.646561764000E+00  0.126939478780E+02  0.100000000000E+01
 -0.571117068700E+01 -0.528328891000E+00  0.135321126830E+02  0.707106673940E+00
 -0.553245262300E+01 -0.132557686000E+01  0.131940957770E+02  0.100000000000E+01
 -0.577208392900E+01 -0.133715315500E+01  0.125614172670E+02  0.100000000000E+01
 -0.577208392900E+01 -0.133715315500E+01  0.125614172670E+02  0.707107082091E+00
 -0.577208392900E+01 -0.133715315500E+01  0.125614172670E+02  0.100000000000E+01
 -0.577208392900E+01 -0.133715315500E+01  0.125614172670E+02  0.707107034371E+00
 -0.577208392900E+01 -0.133715315500E+01  0.125614172670E+02  0.100000000000E+01
 -0.577208392900E+01 -0.133715315500E+01  0.125614172670E+02  0.707106534916E+00
 -0.577208392900E+01 -0.133715315500E+01  0.125614172670E+02  0.100000000000E+01
 -0.577208392900E+01 -0.133715315500E+01  0.125614172670E+02  0.707106930900E+00
 -0.577208392900E+01 -0.133715315500E+01  0.125614172670E+02  0.100000000000E+01
 -0.581292448000E+01 -0.144788732100E+01  0.131845979410E+02  0.100000000000E+01
 -0.512686572500E+01 -0.161898953000E+01  0.131305309280E+02  0.707107082091E+00
 -0.525859852600E+01 -0.147489822300E+01  0.125705931430E+02  0.100000000000E+01
 -0.547723852500E+01 -0.138273283000E+01  0.123948577240E+02  0.707107034371E+00
 -0.576309177400E+01 -0.131277263400E+01  0.124242106790E+02  0.100000000000E+01
 -0.585163832800E+01 -0.941165105000E+00  0.124172001090E+02  0.707106534916E+00
 -0.594020426900E+01 -0.684832612000E+00  0.126663117700E+02  0.100000000000E+01
 -0.607367286300E+01 -0.538822784000E+00  0.135752176900E+02  0.707106930900E+00
 -0.581292448000E+01 -0.144788732100E+01  0.131845979410E+02  0.100000000000E+01
 -0.604023246600E+01 -0.147153154000E+01  0.125196545740E+02  0.100000000000E+01
 -0.604023246600E+01 -0.147153154000E+01  0.125196545740E+02  0.707106562901E+00
 -0.604023246600E+01 -0.147153154000E+01  0.125196545740E+02  0.100000000000E+01
 -0.604023246600E+01 -0.147153154000E+01  0.125196545740E+02  0.707106253282E+00
 -0.604023246600E+01 -0.147153154000E+01  0.125196545740E+02  0.100000000000E+01
 -0.604023246600E+01 -0.147153154000E+01  0.125196545740E+02  0.707107025518E+00
 -0.604023246600E+01 -0.147153154000E+01  0.125196545740E+02  0.100000000000E+01
 -0.604023246600E+01 -0.147153154000E+01  0.125196545740E+02  0.707106667477E+00
 -0.604023246600E+01 -0.147153154000E+01  0.125196545740E+02  0.100000000000E+01
 -0.609081319900E+01 -0.159245974600E+01  0.131766201540E+02  0.100000000000E+01
 -0.524085272400E+01 -0.169435939000E+01  0.132184405830E+02  0.707106562901E+00
 -0.528678115900E+01 -0.156266252300E+01  0.125608888480E+02  0.100000000000E+01
 -0.561192246600E+01 -0.147988726300E+01  0.123174696110E+02  0.707106253282E+00
 -0.603155243500E+01 -0.145077879400E+01  0.124069111550E+02  0.100000000000E+01
 -0.614199056900E+01 -0.106597088000E+01  0.124277724180E+02  0.707107025518E+00
 -0.625644400500E+01 -0.752531250000E+00  0.126353548720E+02  0.100000000000E+01
 -0.643826357200E+01 -0.547582474000E+00  0.136033974990E+02  0.707106667477E+00
 -0.609081319900E+01 -0.159245974600E+01  0.131766201540E+02  0.100000000000E+01
           1
           2
           3
           4
           5
           6
           7
           8
           9
          10
          11
          12
          13
          14
          15
          16
          17
          18
          19
          20
          21
          22
          23
          24
          25
          26
          27
          28
          29
          30
          31
          32
          33
          34
          35
          36
          37
          38
          39
          40
          41
          42
          43
          44
          45
          46
          47
          48
          49
          50
          51
          52
          53
          54
          55
          56
          57
          58
          59
          60
          61
          62
          63
          64
          65
          66
          67
          68
          69
          70
          71
          72
          73
          74
          75
          76
          77
          78
          79
          80
          81
          82
          83
          84
          85
          86
          87
          88
          89
          90
          91
          92
          93
          94
          95
          96
          97
          98
          99
         100
         101
         102
         103
         104
         105
         106
         107
         108
         109
         110
         111
         112
         113
         114
         115
         116
         117
         118
         119
         120
         121
         122
         123
         124
         125
         126
         127
         128
         129
         130
         131
         132
         133
         134
         135
         136
         137
         138
         139
         140
         141
         142
         143
         144
         145
         146
         147
         148
         149
         150
         151
         152
         153
         154
         155
         156
         157
         158
         159
         160
         161
         162
         163
         164
         165
         166
         167
         168
         169
         170
         171
         172
         173
         174
         175
         176
         177
         178
         179
         180
         181
         182
         183
         184
         185
         186
         187
         188
         189
         190
         191
         192
         193
         194
         195
         196
         197
         198
         199
         200
         201
         202
         203
         204
         205
         206
         207
         208
         209
         210
         211
         212
         213
         214
         215
         216
         217
         218
         219
         220
         221
         222
         223
         224
         225
         226
         227
         228
         229
         230
         231
         232
         233
         234
         235
         236
         237
         238
         239
         240
         241
         242
         243
         244
         245
         246
         247
         248
         249
         250
         251
         252
         253
         254
         255
         256
         257
         258
         259
         260
         261
         262
         263
         264
         265
         266
         267
         268
         269
         270
         271
         272
         273
         274
         275
         276
         277
         278
         279
         280
         281
         282
         283
         284
         285
         286
         287
         288
         289
         290
         291
         292
         293
         294
         295
         296
         297
         298
         299
         300
         301
         302
         303
         304
         305
         306
         307
         308
         309
         310
         311
         312
         313
         314
         315
         316
         317
         318
         319
         320
         321
         322
         323
         324
         325
         326
         327
         328
         329
         330
         331
         332
         333
         334
         335
         336
         337
         338
         339
         340
         341
         342
 1 0 0
 0 0 0
 0 0 0
 0 0 0
 0 0 0
 0 0 0
 0 0 0
 0 0 0
 0 0 0
 0 0 0
 0 0 0
 0 0 0
 0 0 0
 0 0 0
 0 0 0
 0 0 0
 0 0 0
 0 0 0
 0 0 0
 0 0 0
 0 0 0
 0 0 0
 0 0 0
 0 0 0
 0 0 0
 0 0 0
 0 0 0
 0 0 0
 0 0 0
 0 0 0
 0 0 0
 0 0 0
 0 0 0
 0 0 0
 0 0 0
 0 0 0
 0 0 0
 0 0 0
 0 0 0
 0 0 0
 0 0 0
 0 0 0
 0 0 0
 0 0 0
 0 0 0
 0 0 0
 0 0 0
 0 0 0
 0 0 0
 0 0 0
 0 0 0
 0 0 0
 0 0 0
 0 0 0
 0 0 0
 0 0 0
 0 0 0
 0 0 0
 0 0 0
 0 0 0
 0 0 0
 0 0 0
 0 0 0
 0 0 0
 0 0 0
 0 0 0
 0 0 0
 0 0 0
 0 0 0
 0 0 0
 0 0 0
 0 0 0
 0 0 0
 0 0 0
 0 0 0
 0 0 0
 0 0 0
 0 0 0
 0 0 0
 0 0 0
 0 0 0
 0 0 0
 0 0 0
 0 0 0
 0 0 0
 0 0 0
 0 0 0
 0 0 0
 0 0 0
 0 0 0
 0 0 0
 0 0 0
 0 0 0
 0 0 0
 0 0 0
 0 0 0
 0 0 0
 0 0 0
 0 0 0
 0 0 0
 0 0 0
 0 0 0
 0 0 0
 0 0 0
 0 0 0
 0 0 0
 0 0 0
 0 0 0
 0 0 0
 0 0 0
 0 0 0
 0 0 0
 0 0 0
 0 0 0
 0 0 0
 0 0 0
 0 0 0
 0 0 0
 0 0 0
 0 0 0
 0 0 0
 0 0 0
 0 0 0
 0 0 0
 0 0 0
 0 0 0
 0 0 0
 0 0 0
 0 0 0
 0 0 0
 0 0 0
 0 0 0
 0 0 0
 0 0 0
 0 0 0
 0 0 0
 0 0 0
 0 0 0
 0 0 0
 0 0 0
 0 0 0
 0 0 0
 0 0 0
 0 0 0
 0 0 0
 0 0 0
 0 0 0
 0 0 0
 0 0 0
 0 0 0
 0 0 0
 0 0 0
 0 0 0
 0 0 0
 0 0 0
 0 0 0
 0 0 0
 0 0 0
 0 0 0
 0 0 0
 0 0 0
 0 0 0
 0 0 0
 0 0 0
 0 0 0
 0 0 0
 0 0 0
 0 0 0
 0 0 0
 0 0 0
 0 0 0
 0 0 0
 0 0 0
 0 0 0
 0 0 0
 0 0 0
 0 0 0
 0 0 0
 0 0 0
 0 0 0
 0 0 0
 0 0 0
 0 0 0
 0 0 0
 0 0 0
 0 0 0
 0 0 0
 0 0 0
 0 0 0
 0 0 0
 0 0 0
 0 0 0
 0 0 0
 0 0 0
 0 0 0
 0 0 0
 0 0 0
 0 0 0
 0 0 0
 0 0 0
 0 0 0
 0 0 0
 0 0 0
 0 0 0
 0 0 0
 0 0 0
 0 0 0
 0 0 0
 0 0 0
 0 0 0
 0 0 0
 0 0 0
 0 0 0
 0 0 0
 0 0 0
 0 0 0
 0 0 0
 0 0 0
 0 0 0
 0 0 0
 0 0 0
 0 0 0
 0 0 0
 0 0 0
 0 0 0
 0 0 0
 0 0 0
 0 0 0
 0 0 0
 0 0 0
 0 0 0
 0 0 0
 0 0 0
 0 0 0
 0 0 0
 0 0 0
 0 0 0
 0 0 0
 0 0 0
 0 0 0
 0 0 0
 0 0 0
 0 0 0
 0 0 0
 0 0 0
 0 0 0
 0 0 0
 0 0 0
 0 0 0
 0 0 0
 0 0 0
 0 0 0
 0 0 0
 0 0 0
 0 0 0
 0 0 0
 0 0 0
 0 0 0
 0 0 0
 0 0 0
 0 0 0
 0 0 0
 0 0 0
 0 0 0
 0 0 0
 0 0 0
 0 0 0
 0 0 0
 0 0 0
 0 0 0
 0 0 0
 0 0 0
 0 0 0
 0 0 0
 0 0 0
 0 0 0
 0 0 0
 0 0 0
 0 0 0
 0 0 0
 0 0 0
 0 0 0
 0 0 0
 0 0 0
 0 0 0
 0 0 0
 0 0 0
 0 0 0
 0 0 0
 0 0 0
 0 0 0
 0 0 0
 0 0 0
 0 0 0
 0 0 0
 0 0 0
 0 0 0
 0 0 0
 0 0 0
 0 0 0
 0 0 0
 0 0 0
 0 0 0
 0 0 0
 0 0 0
 0 0 0
 0 0 0
 0 0 0
 0 0 0
 0 0 0
 0 0 0
 0 0 0
 0 0 0
 0 0 0
 0 0 0
 0 0 0
 0 0 0
 0 0 0
 0 0 0
 0 0 0
 0 0 0
 0 0 0
 0 0 0
 0 0 0
 0 0 0
 0 0 0
 0 0 0
 0 0 0
 0 0 0
 0 0 0
 0 0 0
 0 0 0
 0 0 0
 0 0 0
 0 0 0
 0 0 0
 0 0 0
 0 0 0
 0 0 0
 0 0 0
 0 0 0
 0 0 0
 0 0 0
  0.000000000  0.000000000  0.000000000
  0.000000000  0.000000000  0.000000000
  0.000000000  0.000000000  0.000000000
  0.000000000  0.000000000  0.000000000
  0.000000000  0.000000000  0.000000000
  0.000000000  0.000000000  0.000000000
  0.000000000  0.000000000  0.000000000
  0.000000000  0.000000000  0.000000000
  0.000000000  0.000000000  0.000000000
  0.000000000  0.000000000  0.000000000
  0.000000000  0.000000000  0.000000000
  0.000000000  0.000000000  0.000000000
  0.000000000  0.000000000  0.000000000
  0.000000000  0.000000000  0.000000000
  0.000000000  0.000000000  0.000000000
  0.000000000  0.000000000  0.000000000
  0.000000000  0.000000000  0.000000000
  0.000000000  0.000000000  0.000000000
  0.000000000  0.000000000  0.000000000
  0.000000000  0.000000000  0.000000000
  0.000000000  0.000000000  0.000000000
  0.000000000  0.000000000  0.000000000
  0.000000000  0.000000000  0.000000000
  0.000000000  0.000000000  0.000000000
  0.000000000  0.000000000  0.000000000
  0.000000000  0.000000000  0.000000000
  0.000000000  0.000000000  0.000000000
  0.000000000  0.000000000  0.000000000
  0.000000000  0.000000000  0.000000000
  0.000000000  0.000000000  0.000000000
  0.000000000  0.000000000  0.000000000
  0.000000000  0.000000000  0.000000000
  0.000000000  0.000000000  0.000000000
  0.000000000  0.000000000  0.000000000
  0.000000000  0.000000000  0.000000000
  0.000000000  0.000000000  0.000000000
  0.000000000  0.000000000  0.000000000
  0.000000000  0.000000000  0.000000000
  0.000000000  0.000000000  0.000000000
  0.000000000  0.000000000  0.000000000
  0.000000000  0.000000000  0.000000000
  0.000000000  0.000000000  0.000000000
  0.000000000  0.000000000  0.000000000
  0.000000000  0.000000000  0.000000000
  0.000000000  0.000000000  0.000000000
  0.000000000  0.000000000  0.000000000
  0.000000000  0.000000000  0.000000000
  0.000000000  0.000000000  0.000000000
  0.000000000  0.000000000  0.000000000
  0.000000000  0.000000000  0.000000000
  0.000000000  0.000000000  0.000000000
  0.000000000  0.000000000  0.000000000
  0.000000000  0.000000000  0.000000000
  0.000000000  0.000000000  0.000000000
  0.000000000  0.000000000  0.000000000
  0.000000000  0.000000000  0.000000000
  0.000000000  0.000000000  0.000000000
  0.000000000  0.000000000  0.000000000
  0.000000000  0.000000000  0.000000000
  0.000000000  0.000000000  0.000000000
  0.000000000  0.000000000  0.000000000
  0.000000000  0.000000000  0.000000000
  0.000000000  0.000000000  0.000000000
  0.000000000  0.000000000  0.000000000
  0.000000000  0.000000000  0.000000000
  0.000000000  0.000000000  0.000000000
  0.000000000  0.000000000  0.000000000
  0.000000000  0.000000000  0.000000000
  0.000000000  0.000000000  0.000000000
  0.000000000  0.000000000  0.000000000
  0.000000000  0.000000000  0.000000000
  0.000000000  0.000000000  0.000000000
  0.000000000  0.000000000  0.000000000
  0.000000000  0.000000000  0.000000000
  0.000000000  0.000000000  0.000000000
  0.000000000  0.000000000  0.000000000
  0.000000000  0.000000000  0.000000000
  0.000000000  0.000000000  0.000000000
  0.000000000  0.000000000  0.000000000
  0.000000000  0.000000000  0.000000000
  0.000000000  0.000000000  0.000000000
  0.000000000  0.000000000  0.000000000
  0.000000000  0.000000000  0.000000000
  0.000000000  0.000000000  0.000000000
  0.000000000  0.000000000  0.000000000
  0.000000000  0.000000000  0.000000000
  0.000000000  0.000000000  0.000000000
  0.000000000  0.000000000  0.000000000
  0.000000000  0.000000000  0.000000000
  0.000000000  0.000000000  0.000000000
  0.000000000  0.000000000  0.000000000
  0.000000000  0.000000000  0.000000000
  0.000000000  0.000000000  0.000000000
  0.000000000  0.000000000  0.000000000
  0.000000000  0.000000000  0.000000000
  0.000000000  0.000000000  0.000000000
  0.000000000  0.000000000  0.000000000
  0.000000000  0.000000000  0.000000000
  0.000000000  0.000000000  0.000000000
  0.000000000  0.000000000  0.000000000
  0.000000000  0.000000000  0.000000000
  0.000000000  0.000000000  0.000000000
  0.000000000  0.000000000  0.000000000
  0.000000000  0.000000000  0.000000000
  0.000000000  0.000000000  0.000000000
  0.000000000  0.000000000  0.000000000
  0.000000000  0.000000000  0.000000000
  0.000000000  0.000000000  0.000000000
  0.000000000  0.000000000  0.000000000
  0.000000000  0.000000000  0.000000000
  0.000000000  0.000000000  0.000000000
  0.000000000  0.000000000  0.000000000
  0.000000000  0.000000000  0.000000000
  0.000000000  0.000000000  0.000000000
  0.000000000  0.000000000  0.000000000
  0.000000000  0.000000000  0.000000000
  0.000000000  0.000000000  0.000000000
  0.000000000  0.000000000  0.000000000
  0.000000000  0.000000000  0.000000000
  0.000000000  0.000000000  0.000000000
  0.000000000  0.000000000  0.000000000
  0.000000000  0.000000000  0.000000000
  0.000000000  0.000000000  0.000000000
  0.000000000  0.000000000  0.000000000
  0.000000000  0.000000000  0.000000000
  0.000000000  0.000000000  0.000000000
  0.000000000  0.000000000  0.000000000
  0.000000000  0.000000000  0.000000000
  0.000000000  0.000000000  0.000000000
  0.000000000  0.000000000  0.000000000
  0.000000000  0.000000000  0.000000000
  0.000000000  0.000000000  0.000000000
  0.000000000  0.000000000  0.000000000
  0.000000000  0.000000000  0.000000000
  0.000000000  0.000000000  0.000000000
  0.000000000  0.000000000  0.000000000
  0.000000000  0.000000000  0.000000000
  0.000000000  0.000000000  0.000000000
  0.000000000  0.000000000  0.000000000
  0.000000000  0.000000000  0.000000000
  0.000000000  0.000000000  0.000000000
  0.000000000  0.000000000  0.000000000
  0.000000000  0.000000000  0.000000000
  0.000000000  0.000000000  0.000000000
  0.000000000  0.000000000  0.000000000
  0.000000000  0.000000000  0.000000000
  0.000000000  0.000000000  0.000000000
  0.000000000  0.000000000  0.000000000
  0.000000000  0.000000000  0.000000000
  0.000000000  0.000000000  0.000000000
  0.000000000  0.000000000  0.000000000
  0.000000000  0.000000000  0.000000000
  0.000000000  0.000000000  0.000000000
  0.000000000  0.000000000  0.000000000
  0.000000000  0.000000000  0.000000000
  0.000000000  0.000000000  0.000000000
  0.000000000  0.000000000  0.000000000
  0.000000000  0.000000000  0.000000000
  0.000000000  0.000000000  0.000000000
  0.000000000  0.000000000  0.000000000
  0.000000000  0.000000000  0.000000000
  0.000000000  0.000000000  0.000000000
  0.000000000  0.000000000  0.000000000
  0.000000000  0.000000000  0.000000000
  0.000000000  0.000000000  0.000000000
  0.000000000  0.000000000  0.000000000
  0.000000000  0.000000000  0.000000000
  0.000000000  0.000000000  0.000000000
  0.000000000  0.000000000  0.000000000
  0.000000000  0.000000000  0.000000000
  0.000000000  0.000000000  0.000000000
  0.000000000  0.000000000  0.000000000
  0.000000000  0.000000000  0.000000000
  0.000000000  0.000000000  0.000000000
  0.000000000  0.000000000  0.000000000
  0.000000000  0.000000000  0.000000000
  0.000000000  0.000000000  0.000000000
  0.000000000  0.000000000  0.000000000
  0.000000000  0.000000000  0.000000000
  0.000000000  0.000000000  0.000000000
  0.000000000  0.000000000  0.000000000
  0.000000000  0.000000000  0.000000000
  0.000000000  0.000000000  0.000000000
  0.000000000  0.000000000  0.000000000
  0.000000000  0.000000000  0.000000000
  0.000000000  0.000000000  0.000000000
  0.000000000  0.000000000  0.000000000
  0.000000000  0.000000000  0.000000000
  0.000000000  0.000000000  0.000000000
  0.000000000  0.000000000  0.000000000
  0.000000000  0.000000000  0.000000000
  0.000000000  0.000000000  0.000000000
  0.000000000  0.000000000  0.000000000
  0.000000000  0.000000000  0.000000000
  0.000000000  0.000000000  0.000000000
  0.000000000  0.000000000  0.000000000
  0.000000000  0.000000000  0.000000000
  0.000000000  0.000000000  0.000000000
  0.000000000  0.000000000  0.000000000
  0.000000000  0.000000000  0.000000000
  0.000000000  0.000000000  0.000000000
  0.000000000  0.000000000  0.000000000
  0.000000000  0.000000000  0.000000000
  0.000000000  0.000000000  0.000000000
  0.000000000  0.000000000  0.000000000
  0.000000000  0.000000000  0.000000000
  0.000000000  0.000000000  0.000000000
  0.000000000  0.000000000  0.000000000
  0.000000000  0.000000000  0.000000000
  0.000000000  0.000000000  0.000000000
  0.000000000  0.000000000  0.000000000
  0.000000000  0.000000000  0.000000000
  0.000000000  0.000000000  0.000000000
  0.000000000  0.000000000  0.000000000
  0.000000000  0.000000000  0.000000000
  0.000000000  0.000000000  0.000000000
  0.000000000  0.000000000  0.000000000
  0.000000000  0.000000000  0.000000000
  0.000000000  0.000000000  0.000000000
  0.000000000  0.000000000  0.000000000
  0.000000000  0.000000000  0.000000000
  0.000000000  0.000000000  0.000000000
  0.000000000  0.000000000  0.000000000
  0.000000000  0.000000000  0.000000000
  0.000000000  0.000000000  0.000000000
  0.000000000  0.000000000  0.000000000
  0.000000000  0.000000000  0.000000000
  0.000000000  0.000000000  0.000000000
  0.000000000  0.000000000  0.000000000
  0.000000000  0.000000000  0.000000000
  0.000000000  0.000000000  0.000000000
  0.000000000  0.000000000  0.000000000
  0.000000000  0.000000000  0.000000000
  0.000000000  0.000000000  0.000000000
  0.000000000  0.000000000  0.000000000
  0.000000000  0.000000000  0.000000000
  0.000000000  0.000000000  0.000000000
  0.000000000  0.000000000  0.000000000
  0.000000000  0.000000000  0.000000000
  0.000000000  0.000000000  0.000000000
  0.000000000  0.000000000  0.000000000
  0.000000000  0.000000000  0.000000000
  0.000000000  0.000000000  0.000000000
  0.000000000  0.000000000  0.000000000
  0.000000000  0.000000000  0.000000000
  0.000000000  0.000000000  0.000000000
  0.000000000  0.000000000  0.000000000
  0.000000000  0.000000000  0.000000000
  0.000000000  0.000000000  0.000000000
  0.000000000  0.000000000  0.000000000
  0.000000000  0.000000000  0.000000000
  0.000000000  0.000000000  0.000000000
  0.000000000  0.000000000  0.000000000
  0.000000000  0.000000000  0.000000000
  0.000000000  0.000000000  0.000000000
  0.000000000  0.000000000  0.000000000
  0.000000000  0.000000000  0.000000000
  0.000000000  0.000000000  0.000000000
  0.000000000  0.000000000  0.000000000
  0.000000000  0.000000000  0.000000000
  0.000000000  0.000000000  0.000000000
  0.000000000  0.000000000  0.000000000
  0.000000000  0.000000000  0.000000000
  0.000000000  0.000000000  0.000000000
  0.000000000  0.000000000  0.000000000
  0.000000000  0.000000000  0.000000000
  0.000000000  0.000000000  0.000000000
  0.000000000  0.000000000  0.000000000
  0.000000000  0.000000000  0.000000000
  0.000000000  0.000000000  0.000000000
  0.000000000  0.000000000  0.000000000
  0.000000000  0.000000000  0.000000000
  0.000000000  0.000000000  0.000000000
  0.000000000  0.000000000  0.000000000
  0.000000000  0.000000000  0.000000000
  0.000000000  0.000000000  0.000000000
  0.000000000  0.000000000  0.000000000
  0.000000000  0.000000000  0.000000000
  0.000000000  0.000000000  0.000000000
  0.000000000  0.000000000  0.000000000
  0.000000000  0.000000000  0.000000000
  0.000000000  0.000000000  0.000000000
  0.000000000  0.000000000  0.000000000
  0.000000000  0.000000000  0.000000000
  0.000000000  0.000000000  0.000000000
  0.000000000  0.000000000  0.000000000
  0.000000000  0.000000000  0.000000000
  0.000000000  0.000000000  0.000000000
  0.000000000  0.000000000  0.000000000
  0.000000000  0.000000000  0.000000000
  0.000000000  0.000000000  0.000000000
  0.000000000  0.000000000  0.000000000
  0.000000000  0.000000000  0.000000000
  0.000000000  0.000000000  0.000000000
  0.000000000  0.000000000  0.000000000
  0.000000000  0.000000000  0.000000000
  0.000000000  0.000000000  0.000000000
  0.000000000  0.000000000  0.000000000
  0.000000000  0.000000000  0.000000000
  0.000000000  0.000000000  0.000000000
  0.000000000  0.000000000  0.000000000
  0.000000000  0.000000000  0.000000000
  0.000000000  0.000000000  0.000000000
  0.000000000  0.000000000  0.000000000
  0.000000000  0.000000000  0.000000000
  0.000000000  0.000000000  0.000000000
  0.000000000  0.000000000  0.000000000
  0.000000000  0.000000000  0.000000000
  0.000000000  0.000000000  0.000000000
  0.000000000  0.000000000  0.000000000
  0.000000000  0.000000000  0.000000000
  0.000000000  0.000000000  0.000000000
  0.000000000  0.000000000  0.000000000
  0.000000000  0.000000000  0.000000000
  0.000000000  0.000000000  0.000000000
  0.000000000  0.000000000  0.000000000
  0.000000000  0.000000000  0.000000000
  0.000000000  0.000000000  0.000000000
  0.000000000  0.000000000  0.000000000
  0.000000000  0.000000000  0.000000000
  0.000000000  0.000000000  0.000000000
  0.000000000  0.000000000  0.000000000
  0.000000000  0.000000000  0.000000000
  0.000000000  0.000000000  0.000000000
  0.000000000  0.000000000  0.000000000
  0.000000000  0.000000000  0.000000000
  0.000000000  0.000000000  0.000000000
  0.000000000  0.000000000  0.000000000
  0.000000000  0.000000000  0.000000000
  0.000000000  0.000000000  0.000000000
  0.000000000  0.000000000  0.000000000
  0.000000000  0.000000000  0.000000000
  0.000000000  0.000000000  0.000000000
  0.000000000  0.000000000  0.000000000
  0.000000000  0.000000000  0.000000000
  0.000000000  0.000000000  0.000000000
  0.000000000  0.000000000  0.000000000
  0.000000000  0.000000000  0.000000000
  0.000000000  0.000000000  0.000000000
  0.000000000  0.000000000  0.000000000
  0.000000000  0.000000000  0.000000000
  0.000000000  0.000000000  0.000000000
 0 0 0
 0 0 0
 0 0 0
 0 0 0
 0 0 0
 0 0 0
 0 0 0
 0 0 0
 0 0 0
 0 0 0
 0 0 0
 0 0 0
 0 0 0
 0 0 0
 0 0 0
 0 0 0
 0 0 0
 0 0 0
 0 0 0
 0 0 0
 0 0 0
 0 0 0
 0 0 0
 0 0 0
 0 0 0
 0 0 0
 0 0 0
 0 0 0
 0 0 0
 0 0 0
 0 0 0
 0 0 0
 0 0 0
 0 0 0
 0 0 0
 0 0 0
 0 0 0
 0 0 0
 0 0 0
 0 0 0
 0 0 0
 0 0 0
 0 0 0
 0 0 0
 0 0 0
 0 0 0
 0 0 0
 0 0 0
 0 0 0
 0 0 0
 0 0 0
 0 0 0
 0 0 0
 0 0 0
 0 0 0
 0 0 0
 0 0 0
 0 0 0
 0 0 0
 0 0 0
 0 0 0
 0 0 0
 0 0 0
 0 0 0
 0 0 0
 0 0 0
 0 0 0
 0 0 0
 0 0 0
 0 0 0
 0 0 0
 0 0 0
 0 0 0
 0 0 0
 0 0 0
 0 0 0
 0 0 0
 0 0 0
 0 0 0
 0 0 0
 0 0 0
 0 0 0
 0 0 0
 0 0 0
 0 0 0
 0 0 0
 0 0 0
 0 0 0
 0 0 0
 0 0 0
 0 0 0
 0 0 0
 0 0 0
 0 0 0
 0 0 0
 0 0 0
 0 0 0
 0 0 0
 0 0 0
 0 0 0
 0 0 0
 0 0 0
 0 0 0
 0 0 0
 0 0 0
 0 0 0
 0 0 0
 0 0 0
 0 0 0
 0 0 0
 0 0 0
 0 0 0
 0 0 0
 0 0 0
 0 0 0
 0 0 0
 0 0 0
 0 0 0
 0 0 0
 0 0 0
 0 0 0
 0 0 0
 0 0 0
 0 0 0
 0 0 0
 0 0 0
 0 0 0
 0 0 0
 0 0 0
 0 0 0
 0 0 0
 0 0 0
 0 0 0
 0 0 0
 0 0 0
 0 0 0
 0 0 0
 0 0 0
 0 0 0
 0 0 0
 0 0 0
 0 0 0
 0 0 0
 0 0 0
 0 0 0
 0 0 0
 0 0 0
 0 0 0
 0 0 0
 0 0 0
 0 0 0
 0 0 0
 0 0 0
 0 0 0
 0 0 0
 0 0 0
 0 0 0
 0 0 0
 0 0 0
 0 0 0
 0 0 0
 0 0 0
 0 0 0
 0 0 0
 0 0 0
 0 0 0
 0 0 0
 0 0 0
 0 0 0
 0 0 0
 0 0 0
 0 0 0
 0 0 0
 0 0 0
 0 0 0
 0 0 0
 0 0 0
 0 0 0
 0 0 0
 0 0 0
 0 0 0
 0 0 0
 0 0 0
 0 0 0
 0 0 0
 0 0 0
 0 0 0
 0 0 0
 0 0 0
 0 0 0
 0 0 0
 0 0 0
 0 0 0
 0 0 0
 0 0 0
 0 0 0
 0 0 0
 0 0 0
 0 0 0
 0 0 0
 0 0 0
 0 0 0
 0 0 0
 0 0 0
 0 0 0
 0 0 0
 0 0 0
 0 0 0
 0 0 0
 0 0 0
 0 0 0
 0 0 0
 0 0 0
 0 0 0
 0 0 0
 0 0 0
 0 0 0
 0 0 0
 0 0 0
 0 0 0
 0 0 0
 0 0 0
 0 0 0
 0 0 0
 0 0 0
 0 0 0
 0 0 0
 0 0 0
 0 0 0
 0 0 0
 0 0 0
 0 0 0
 0 0 0
 0 0 0
 0 0 0
 0 0 0
 0 0 0
 0 0 0
 0 0 0
 0 0 0
 0 0 0
 0 0 0
 0 0 0
 0 0 0
 0 0 0
 0 0 0
 0 0 0
 0 0 0
 0 0 0
 0 0 0
 0 0 0
 0 0 0
  0.000000000  0.000000000  0.000000000
  0.000000000  0.000000000  0.000000000
  0.000000000  0.000000000  0.000000000
  0.000000000  0.000000000  0.000000000
  0.000000000  0.000000000  0.000000000
  0.000000000  0.000000000  0.000000000
  0.000000000  0.000000000  0.000000000
  0.000000000  0.000000000  0.000000000
  0.000000000  0.000000000  0.000000000
  0.000000000  0.000000000  0.000000000
  0.000000000  0.000000000  0.000000000
  0.000000000  0.000000000  0.000000000
  0.000000000  0.000000000  0.000000000
  0.000000000  0.000000000  0.000000000
  0.000000000  0.000000000  0.000000000
  0.000000000  0.000000000  0.000000000
  0.000000000  0.000000000  0.000000000
  0.000000000  0.000000000  0.000000000
  0.000000000  0.000000000  0.000000000
  0.000000000  0.000000000  0.000000000
  0.000000000  0.000000000  0.000000000
  0.000000000  0.000000000  0.000000000
  0.000000000  0.000000000  0.000000000
  0.000000000  0.000000000  0.000000000
  0.000000000  0.000000000  0.000000000
  0.000000000  0.000000000  0.000000000
  0.000000000  0.000000000  0.000000000
  0.000000000  0.000000000  0.000000000
  0.000000000  0.000000000  0.000000000
  0.000000000  0.000000000  0.000000000
  0.000000000  0.000000000  0.000000000
  0.000000000  0.000000000  0.000000000
  0.000000000  0.000000000  0.000000000
  0.000000000  0.000000000  0.000000000
  0.000000000  0.000000000  0.000000000
  0.000000000  0.000000000  0.000000000
  0.000000000  0.000000000  0.000000000
  0.000000000  0.000000000  0.000000000
  0.000000000  0.000000000  0.000000000
  0.000000000  0.000000000  0.000000000
  0.000000000  0.000000000  0.000000000
  0.000000000  0.000000000  0.000000000
  0.000000000  0.000000000  0.000000000
  0.000000000  0.000000000  0.000000000
  0.000000000  0.000000000  0.000000000
  0.000000000  0.000000000  0.000000000
  0.000000000  0.000000000  0.000000000
  0.000000000  0.000000000  0.000000000
  0.000000000  0.000000000  0.000000000
  0.000000000  0.000000000  0.000000000
  0.000000000  0.000000000  0.000000000
  0.000000000  0.000000000  0.000000000
  0.000000000  0.000000000  0.000000000
  0.000000000  0.000000000  0.000000000
  0.000000000  0.000000000  0.000000000
  0.000000000  0.000000000  0.000000000
  0.000000000  0.000000000  0.000000000
  0.000000000  0.000000000  0.000000000
  0.000000000  0.000000000  0.000000000
  0.000000000  0.000000000  0.000000000
  0.000000000  0.000000000  0.000000000
  0.000000000  0.000000000  0.000000000
  0.000000000  0.000000000  0.000000000
  0.000000000  0.000000000  0.000000000
  0.000000000  0.000000000  0.000000000
  0.000000000  0.000000000  0.000000000
  0.000000000  0.000000000  0.000000000
  0.000000000  0.000000000  0.000000000
  0.000000000  0.000000000  0.000000000
  0.000000000  0.000000000  0.000000000
  0.000000000  0.000000000  0.000000000
  0.000000000  0.000000000  0.000000000
  0.000000000  0.000000000  0.000000000
  0.000000000  0.000000000  0.000000000
  0.000000000  0.000000000  0.000000000
  0.000000000  0.000000000  0.000000000
  0.000000000  0.000000000  0.000000000
  0.000000000  0.000000000  0.000000000
  0.000000000  0.000000000  0.000000000
  0.000000000  0.000000000  0.000000000
  0.000000000  0.000000000  0.000000000
  0.000000000  0.000000000  0.000000000
  0.000000000  0.000000000  0.000000000
  0.000000000  0.000000000  0.000000000
  0.000000000  0.000000000  0.000000000
  0.000000000  0.000000000  0.000000000
  0.000000000  0.000000000  0.000000000
  0.000000000  0.000000000  0.000000000
  0.000000000  0.000000000  0.000000000
  0.000000000  0.000000000  0.000000000
  0.000000000  0.000000000  0.000000000
  0.000000000  0.000000000  0.000000000
  0.000000000  0.000000000  0.000000000
  0.000000000  0.000000000  0.000000000
  0.000000000  0.000000000  0.000000000
  0.000000000  0.000000000  0.000000000
  0.000000000  0.000000000  0.000000000
  0.000000000  0.000000000  0.000000000
  0.000000000  0.000000000  0.000000000
  0.000000000  0.000000000  0.000000000
  0.000000000  0.000000000  0.000000000
  0.000000000  0.000000000  0.000000000
  0.000000000  0.000000000  0.000000000
  0.000000000  0.000000000  0.000000000
  0.000000000  0.000000000  0.000000000
  0.000000000  0.000000000  0.000000000
  0.000000000  0.000000000  0.000000000
  0.000000000  0.000000000  0.000000000
  0.000000000  0.000000000  0.000000000
  0.000000000  0.000000000  0.000000000
  0.000000000  0.000000000  0.000000000
  0.000000000  0.000000000  0.000000000
  0.000000000  0.000000000  0.000000000
  0.000000000  0.000000000  0.000000000
  0.000000000  0.000000000  0.000000000
  0.000000000  0.000000000  0.000000000
  0.000000000  0.000000000  0.000000000
  0.000000000  0.000000000  0.000000000
  0.000000000  0.000000000  0.000000000
  0.000000000  0.000000000  0.000000000
  0.000000000  0.000000000  0.000000000
  0.000000000  0.000000000  0.000000000
  0.000000000  0.000000000  0.000000000
  0.000000000  0.000000000  0.000000000
  0.000000000  0.000000000  0.000000000
  0.000000000  0.000000000  0.000000000
  0.000000000  0.000000000  0.000000000
  0.000000000  0.000000000  0.000000000
  0.000000000  0.000000000  0.000000000
  0.000000000  0.000000000  0.000000000
  0.000000000  0.000000000  0.000000000
  0.000000000  0.000000000  0.000000000
  0.000000000  0.000000000  0.000000000
  0.000000000  0.000000000  0.000000000
  0.000000000  0.000000000  0.000000000
  0.000000000  0.000000000  0.000000000
  0.000000000  0.000000000  0.000000000
  0.000000000  0.000000000  0.000000000
  0.000000000  0.000000000  0.000000000
  0.000000000  0.000000000  0.000000000
  0.000000000  0.000000000  0.000000000
  0.000000000  0.000000000  0.000000000
  0.000000000  0.000000000  0.000000000
  0.000000000  0.000000000  0.000000000
  0.000000000  0.000000000  0.000000000
  0.000000000  0.000000000  0.000000000
  0.000000000  0.000000000  0.000000000
  0.000000000  0.000000000  0.000000000
  0.000000000  0.000000000  0.000000000
  0.000000000  0.000000000  0.000000000
  0.000000000  0.000000000  0.000000000
  0.000000000  0.000000000  0.000000000
  0.000000000  0.000000000  0.000000000
  0.000000000  0.000000000  0.000000000
  0.000000000  0.000000000  0.000000000
  0.000000000  0.000000000  0.000000000
  0.000000000  0.000000000  0.000000000
  0.000000000  0.000000000  0.000000000
  0.000000000  0.000000000  0.000000000
  0.000000000  0.000000000  0.000000000
  0.000000000  0.000000000  0.000000000
  0.000000000  0.000000000  0.000000000
  0.000000000  0.000000000  0.000000000
  0.000000000  0.000000000  0.000000000
  0.000000000  0.000000000  0.000000000
  0.000000000  0.000000000  0.000000000
  0.000000000  0.000000000  0.000000000
  0.000000000  0.000000000  0.000000000
  0.000000000  0.000000000  0.000000000
  0.000000000  0.000000000  0.000000000
  0.000000000  0.000000000  0.000000000
  0.000000000  0.000000000  0.000000000
  0.000000000  0.000000000  0.000000000
  0.000000000  0.000000000  0.000000000
  0.000000000  0.000000000  0.000000000
  0.000000000  0.000000000  0.000000000
  0.000000000  0.000000000  0.000000000
  0.000000000  0.000000000  0.000000000
  0.000000000  0.000000000  0.000000000
  0.000000000  0.000000000  0.000000000
  0.000000000  0.000000000  0.000000000
  0.000000000  0.000000000  0.000000000
  0.000000000  0.000000000  0.000000000
  0.000000000  0.000000000  0.000000000
  0.000000000  0.000000000  0.000000000
  0.000000000  0.000000000  0.000000000
  0.000000000  0.000000000  0.000000000
  0.000000000  0.000000000  0.000000000
  0.000000000  0.000000000  0.000000000
  0.000000000  0.000000000  0.000000000
  0.000000000  0.000000000  0.000000000
  0.000000000  0.000000000  0.000000000
  0.000000000  0.000000000  0.000000000
  0.000000000  0.000000000  0.000000000
  0.000000000  0.000000000  0.000000000
  0.000000000  0.000000000  0.000000000
  0.000000000  0.000000000  0.000000000
  0.000000000  0.000000000  0.000000000
  0.000000000  0.000000000  0.000000000
  0.000000000  0.000000000  0.000000000
  0.000000000  0.000000000  0.000000000
  0.000000000  0.000000000  0.000000000
  0.000000000  0.000000000  0.000000000
  0.000000000  0.000000000  0.000000000
  0.000000000  0.000000000  0.000000000
  0.000000000  0.000000000  0.000000000
  0.000000000  0.000000000  0.000000000
  0.000000000  0.000000000  0.000000000
  0.000000000  0.000000000  0.000000000
  0.000000000  0.000000000  0.000000000
  0.000000000  0.000000000  0.000000000
  0.000000000  0.000000000  0.000000000
  0.000000000  0.000000000  0.000000000
  0.000000000  0.000000000  0.000000000
  0.000000000  0.000000000  0.000000000
  0.000000000  0.000000000  0.000000000
  0.000000000  0.000000000  0.000000000
  0.000000000  0.000000000  0.000000000
  0.000000000  0.000000000  0.000000000
  0.000000000  0.000000000  0.000000000
  0.000000000  0.000000000  0.000000000
  0.000000000  0.000000000  0.000000000
  0.000000000  0.000000000  0.000000000
  0.000000000  0.000000000  0.000000000
  0.000000000  0.000000000  0.000000000
  0.000000000  0.000000000  0.000000000
  0.000000000  0.000000000  0.000000000
  0.000000000  0.000000000  0.000000000
  0.000000000  0.000000000  0.000000000
  0.000000000  0.000000000  0.000000000
  0.000000000  0.000000000  0.000000000
  0.000000000  0.000000000  0.000000000
  0.000000000  0.000000000  0.000000000
  0.000000000  0.000000000  0.000000000
  0.000000000  0.000000000  0.000000000
  0.000000000  0.000000000  0.000000000
  0.000000000  0.000000000  0.000000000
  0.000000000  0.000000000  0.000000000
  0.000000000  0.000000000  0.000000000
  0.000000000  0.000000000  0.000000000
  0.000000000  0.000000000  0.000000000
  0.000000000  0.000000000  0.000000000
  0.000000000  0.000000000  0.000000000
  0.000000000  0.000000000  0.000000000
  0.000000000  0.000000000  0.000000000
  0.000000000  0.000000000  0.000000000
  0.000000000  0.000000000  0.000000000
  0.000000000  0.000000000  0.000000000
  0.000000000  0.000000000  0.000000000
  0.000000000  0.000000000  0.000000000
  0.000000000  0.000000000  0.000000000
  0.000000000  0.000000000  0.000000000
  0.000000000  0.000000000  0.000000000
  0.000000000  0.000000000  0.000000000
  0.000000000  0.000000000  0.000000000
  0.000000000  0.000000000  0.000000000
  0.000000000  0.000000000  0.000000000
  0.000000000  0.000000000  0.000000000
  0.000000000  0.000000000  0.000000000
  0.000000000  0.000000000  0.000000000
  0.000000000  0.000000000  0.000000000
  0.000000000  0.000000000  0.000000000
  0.000000000  0.000000000  0.000000000
  0.000000000  0.000000000  0.000000000
  0.000000000  0.000000000  0.000000000
  0.000000000  0.000000000  0.000000000
  0.000000000  0.000000000  0.000000000
  0.000000000  0.000000000  0.000000000
  0.000000000  0.000000000  0.000000000
  0.000000000  0.000000000  0.000000000
  0.000000000  0.000000000  0.000000000
  0.000000000  0.000000000  0.000000000
  0.000000000  0.000000000  0.000000000
  0.000000000  0.000000000  0.000000000
  0.000000000  0.000000000  0.000000000
  0.000000000  0.000000000  0.000000000
  0.000000000  0.000000000  0.000000000
  0.000000000  0.000000000  0.000000000
  0.000000000  0.000000000  0.000000000
  0.000000000  0.000000000  0.000000000
  0.000000000  0.000000000  0.000000000
  0.000000000  0.000000000  0.000000000
  0.000000000  0.000000000  0.000000000
  0.000000000  0.000000000  0.000000000
  0.000000000  0.000000000  0.000000000
  0.000000000  0.000000000  0.000000000
  0.000000000  0.000000000  0.000000000
  0.000000000  0.000000000  0.000000000
  0.000000000  0.000000000  0.000000000
  0.000000000  0.000000000  0.000000000
  0.000000000  0.000000000  0.000000000
  0.000000000  0.000000000  0.000000000
  0.000000000  0.000000000  0.000000000
  0.000000000  0.000000000  0.000000000
  0.000000000  0.000000000  0.000000000
  0.000000000  0.000000000  0.000000000
  0.000000000  0.000000000  0.000000000
  0.000000000  0.000000000  0.000000000
  0.000000000  0.000000000  0.000000000
  0.000000000  0.000000000  0.000000000
  0.000000000  0.000000000  0.000000000
  0.000000000  0.000000000  0.000000000
  0.000000000  0.000000000  0.000000000
  0.000000000  0.000000000  0.000000000
  0.000000000  0.000000000  0.000000000
  0.000000000  0.000000000  0.000000000
  0.000000000  0.000000000  0.000000000
  0.000000000  0.000000000  0.000000000
  0.000000000  0.000000000  0.000000000
  0.000000000  0.000000000  0.000000000
  0.000000000  0.000000000  0.000000000
  0.000000000  0.000000000  0.000000000
  0.000000000  0.000000000  0.000000000
  0.000000000  0.000000000  0.000000000
  0.000000000  0.000000000  0.000000000
  0.000000000  0.000000000  0.000000000
  0.000000000  0.000000000  0.000000000
  0.000000000  0.000000000  0.000000000
  0.000000000  0.000000000  0.000000000
  0.000000000  0.000000000  0.000000000
  0.000000000  0.000000000  0.000000000
  0.000000000  0.000000000  0.000000000
  0.000000000  0.000000000  0.000000000
  0.000000000  0.000000000  0.000000000
  0.000000000  0.000000000  0.000000000
  0.000000000  0.000000000  0.000000000
  0.000000000  0.000000000  0.000000000
  0.000000000  0.000000000  0.000000000
  0.000000000  0.000000000  0.000000000
  0.000000000  0.000000000  0.000000000
  0.000000000  0.000000000  0.000000000
  0.000000000  0.000000000  0.000000000
  0.000000000  0.000000000  0.000000000
  0.000000000  0.000000000  0.000000000
  0.000000000  0.000000000  0.000000000
  0.000000000  0.000000000  0.000000000
  0.000000000  0.000000000  0.000000000
  0.000000000  0.000000000  0.000000000
  0.000000000  0.000000000  0.000000000
  0.000000000  0.000000000  0.000000000
  0.000000000  0.000000000  0.000000000
  0.000000000  0.000000000  0.000000000
  0.000000000  0.000000000  0.000000000
  0.000000000  0.000000000  0.000000000
  0.000000000  0.000000000  0.000000000
  0.000000000  0.000000000  0.000000000
  0.000000000  0.000000000  0.000000000
  0.000000000  0.000000000  0.000000000
  0.000000000  0.000000000  0.000000000
  0.000000000  0.000000000  0.000000000
  0.000000000  0.000000000  0.000000000
  0.000000000  0.000000000  0.000000000
  0.000000000  0.000000000  0.000000000
  0.000000000  0.000000000  0.000000000
  0.000000000  0.000000000  0.000000000
  0.000000000  0.000000000  0.000000000
  0.000000000  0.000000000  0.000000000
  0.000000000  0.000000000  0.000000000
  0.000000000  0.000000000  0.000000000
  0.000000000  0.000000000  0.000000000
  0.000000000  0.000000000  0.000000000
  0.000000000  0.000000000  0.000000000
  0.000000000  0.000000000  0.000000000
  0.000000000  0.000000000  0.000000000
  0.000000000  0.000000000  0.000000000
  0.000000000  0.000000000  0.000000000
  0.000000000  0.000000000  0.000000000
  0.000000000  0.000000000  0.000000000
  0.000000000  0.000000000  0.000000000
  0.000000000  0.000000000  0.000000000
  0.000000000  0.000000000  0.000000000
   1.06000000000000     
   1.06000000000000     
   1.06000000000000     
   1.06000000000000     
   1.06000000000000     
   1.06000000000000     
   1.06000000000000     
   1.06000000000000     
   1.06000000000000     
   1.06000000000000     
   1.06000000000000     
   1.06000000000000     
   1.06000000000000     
   1.06000000000000     
   1.06000000000000     
   1.06000000000000     
   1.06000000000000     
   1.06000000000000     
   1.06000000000000     
   1.06000000000000     
   1.06000000000000     
   1.06000000000000     
   1.06000000000000     
   1.06000000000000     
   1.06000000000000     
   1.06000000000000     
   1.06000000000000     
   1.06000000000000     
   1.06000000000000     
   1.06000000000000     
   1.06000000000000     
   1.06000000000000     
   1.06000000000000     
   1.06000000000000     
   1.06000000000000     
   1.06000000000000     
   1.06000000000000     
   1.06000000000000     
   1.06000000000000     
   1.06000000000000     
   1.06000000000000     
   1.06000000000000     
   1.06000000000000     
   1.06000000000000     
   1.06000000000000     
   1.06000000000000     
   1.06000000000000     
   1.06000000000000     
   1.06000000000000     
   1.06000000000000     
   1.06000000000000     
   1.06000000000000     
   1.06000000000000     
   1.06000000000000     
   1.06000000000000     
   1.06000000000000     
   1.06000000000000     
   1.06000000000000     
   1.06000000000000     
   1.06000000000000     
   1.06000000000000     
   1.06000000000000     
   1.06000000000000     
   1.06000000000000     
   1.06000000000000     
   1.06000000000000     
   1.06000000000000     
   1.06000000000000     
   1.06000000000000     
   1.06000000000000     
   1.06000000000000     
   1.06000000000000     
   1.06000000000000     
   1.06000000000000     
   1.06000000000000     
   1.06000000000000     
   1.06000000000000     
   1.06000000000000     
   1.06000000000000     
   1.06000000000000     
   1.06000000000000     
   1.06000000000000     
   1.06000000000000     
   1.06000000000000     
   1.06000000000000     
   1.06000000000000     
   1.06000000000000     
   1.06000000000000     
   1.06000000000000     
   1.06000000000000     
   1.06000000000000     
   1.06000000000000     
   1.06000000000000     
   1.06000000000000     
   1.06000000000000     
   1.06000000000000     
   1.06000000000000     
   1.06000000000000     
   1.06000000000000     
   1.06000000000000     
   1.06000000000000     
   1.06000000000000     
   1.06000000000000     
   1.06000000000000     
   1.06000000000000     
   1.06000000000000     
   1.06000000000000     
   1.06000000000000     
   1.06000000000000     
   1.06000000000000     
   1.06000000000000     
   1.06000000000000     
   1.06000000000000     
   1.06000000000000     
   1.06000000000000     
   1.06000000000000     
   1.06000000000000     
   1.06000000000000     
   1.06000000000000     
  3.000000000000000E-002
  3.000000000000000E-002
  3.000000000000000E-002
  3.000000000000000E-002
  3.000000000000000E-002
  3.000000000000000E-002
  3.000000000000000E-002
  3.000000000000000E-002
  3.000000000000000E-002
  3.000000000000000E-002
  3.000000000000000E-002
  3.000000000000000E-002
  3.000000000000000E-002
  3.000000000000000E-002
  3.000000000000000E-002
  3.000000000000000E-002
  3.000000000000000E-002
  3.000000000000000E-002
  3.000000000000000E-002
  3.000000000000000E-002
  3.000000000000000E-002
  3.000000000000000E-002
  3.000000000000000E-002
  3.000000000000000E-002
  3.000000000000000E-002
  3.000000000000000E-002
  3.000000000000000E-002
  3.000000000000000E-002
  3.000000000000000E-002
  3.000000000000000E-002
  3.000000000000000E-002
  3.000000000000000E-002
  3.000000000000000E-002
  3.000000000000000E-002
  3.000000000000000E-002
  3.000000000000000E-002
  3.000000000000000E-002
  3.000000000000000E-002
  3.000000000000000E-002
  3.000000000000000E-002
  3.000000000000000E-002
  3.000000000000000E-002
  3.000000000000000E-002
  3.000000000000000E-002
  3.000000000000000E-002
  3.000000000000000E-002
  3.000000000000000E-002
  3.000000000000000E-002
  3.000000000000000E-002
  3.000000000000000E-002
  3.000000000000000E-002
  3.000000000000000E-002
  3.000000000000000E-002
  3.000000000000000E-002
  3.000000000000000E-002
  3.000000000000000E-002
  3.000000000000000E-002
  3.000000000000000E-002
  3.000000000000000E-002
  3.000000000000000E-002
  3.000000000000000E-002
  3.000000000000000E-002
  3.000000000000000E-002
  3.000000000000000E-002
  3.000000000000000E-002
  3.000000000000000E-002
  3.000000000000000E-002
  3.000000000000000E-002
  3.000000000000000E-002
  3.000000000000000E-002
  3.000000000000000E-002
  3.000000000000000E-002
  3.000000000000000E-002
  3.000000000000000E-002
  3.000000000000000E-002
  3.000000000000000E-002
  3.000000000000000E-002
  3.000000000000000E-002
  3.000000000000000E-002
  3.000000000000000E-002
  3.000000000000000E-002
  3.000000000000000E-002
  3.000000000000000E-002
  3.000000000000000E-002
  3.000000000000000E-002
  3.000000000000000E-002
  3.000000000000000E-002
  3.000000000000000E-002
  3.000000000000000E-002
  3.000000000000000E-002
  3.000000000000000E-002
  3.000000000000000E-002
  3.000000000000000E-002
  3.000000000000000E-002
  3.000000000000000E-002
  3.000000000000000E-002
  3.000000000000000E-002
  3.000000000000000E-002
  3.000000000000000E-002
  3.000000000000000E-002
  3.000000000000000E-002
  3.000000000000000E-002
  3.000000000000000E-002
  3.000000000000000E-002
  3.000000000000000E-002
  3.000000000000000E-002
  3.000000000000000E-002
  3.000000000000000E-002
  3.000000000000000E-002
  3.000000000000000E-002
  3.000000000000000E-002
  3.000000000000000E-002
  3.000000000000000E-002
  3.000000000000000E-002
  3.000000000000000E-002
  3.000000000000000E-002
  3.000000000000000E-002
  3.000000000000000E-002
  3.000000000000000E-002
