           3
 2 1 2
   9   2  22
  0.000000000  0.000000000  0.000000000  0.250000000  0.250000000  0.500000000  0.500000000  0.750000000  0.750000000  1.000000000  1.000000000  1.000000000
  0.000000000  0.000000000  1.000000000  1.000000000
  0.547145877  0.547145877  0.547145877  0.547610994  0.548076110  0.548541226  0.549006343  0.549471459  0.549936575  0.550401691  0.550866808  0.551331924  0.551797040  0.552262157  0.552727273  0.553192389  0.553657505  0.554122622  0.554587738  0.555052854  0.555517971  0.555983087  0.556448203  0.556448203  0.556448203
 -0.211237185740E+02 -0.486244222100E+01  0.457572763850E+02  0.100000000000E+01
 -0.211237185740E+02 -0.486244222100E+01  0.457572763850E+02  0.707106696194E+00
 -0.211237185740E+02 -0.486244222100E+01  0.457572763850E+02  0.100000000000E+01
 -0.211237185740E+02 -0.486244222100E+01  0.457572763850E+02  0.707106481413E+00
 -0.211237185740E+02 -0.486244222100E+01  0.457572763850E+02  0.100000000000E+01
 -0.211237185740E+02 -0.486244222100E+01  0.457572763850E+02  0.707106714969E+00
 -0.211237185740E+02 -0.486244222100E+01  0.457572763850E+02  0.100000000000E+01
 -0.211237185740E+02 -0.486244222100E+01  0.457572763850E+02  0.707106971273E+00
 -0.211237185740E+02 -0.486244222100E+01  0.457572763850E+02  0.100000000000E+01
 -0.195686038950E+02 -0.447581139500E+01  0.455897347780E+02  0.100000000000E+01
 -0.200695843190E+02 -0.366443522700E+01  0.464487390390E+02  0.707106696194E+00
 -0.212866872710E+02 -0.378124011300E+01  0.467396688990E+02  0.100000000000E+01
 -0.226652062440E+02 -0.417563455000E+01  0.468437405990E+02  0.707106481413E+00
 -0.227716192710E+02 -0.527214120700E+01  0.459348113800E+02  0.100000000000E+01
 -0.228062585830E+02 -0.386007044400E+01  0.457084437180E+02  0.707106714969E+00
 -0.215589208290E+02 -0.321487027900E+01  0.455197902740E+02  0.100000000000E+01
 -0.202157004640E+02 -0.331458107900E+01  0.454453159500E+02  0.707106971273E+00
 -0.195686038950E+02 -0.447581139500E+01  0.455897347780E+02  0.100000000000E+01
 -0.211890303750E+02 -0.453865777100E+01  0.458520230090E+02  0.100000000000E+01
 -0.211890303750E+02 -0.453865777100E+01  0.458520230090E+02  0.707107067735E+00
 -0.211890303750E+02 -0.453865777100E+01  0.458520230090E+02  0.100000000000E+01
 -0.211890303750E+02 -0.453865777100E+01  0.458520230090E+02  0.707106773977E+00
 -0.211890303750E+02 -0.453865777100E+01  0.458520230090E+02  0.100000000000E+01
 -0.211890303750E+02 -0.453865777100E+01  0.458520230090E+02  0.707106621764E+00
 -0.211890303750E+02 -0.453865777100E+01  0.458520230090E+02  0.100000000000E+01
 -0.211890303750E+02 -0.453865777100E+01  0.458520230090E+02  0.707106828770E+00
 -0.211890303750E+02 -0.453865777100E+01  0.458520230090E+02  0.100000000000E+01
 -0.197833549990E+02 -0.421693038600E+01  0.456930460640E+02  0.100000000000E+01
 -0.202842175380E+02 -0.364702836400E+01  0.464020693860E+02  0.707107067735E+00
 -0.212853891130E+02 -0.371310924400E+01  0.466707020430E+02  0.100000000000E+01
 -0.224057895010E+02 -0.403374146500E+01  0.467362349590E+02  0.707106773977E+00
 -0.227422778120E+02 -0.489416113500E+01  0.460276917040E+02  0.100000000000E+01
 -0.225700473200E+02 -0.373480150300E+01  0.457078191750E+02  0.707106621764E+00
 -0.215314237560E+02 -0.321003418000E+01  0.455133598970E+02  0.100000000000E+01
 -0.204189469950E+02 -0.334452963800E+01  0.454919125950E+02  0.707106828770E+00
 -0.197833549990E+02 -0.421693038600E+01  0.456930460640E+02  0.100000000000E+01
 -0.212515467220E+02 -0.421151133200E+01  0.459365209680E+02  0.100000000000E+01
 -0.212515467220E+02 -0.421151133200E+01  0.459365209680E+02  0.707106594584E+00
 -0.212515467220E+02 -0.421151133200E+01  0.459365209680E+02  0.100000000000E+01
 -0.212515467220E+02 -0.421151133200E+01  0.459365209680E+02  0.707106595139E+00
 -0.212515467220E+02 -0.421151133200E+01  0.459365209680E+02  0.100000000000E+01
 -0.212515467220E+02 -0.421151133200E+01  0.459365209680E+02  0.707106930982E+00
 -0.212515467220E+02 -0.421151133200E+01  0.459365209680E+02  0.100000000000E+01
 -0.212515467220E+02 -0.421151133200E+01  0.459365209680E+02  0.707106940086E+00
 -0.212515467220E+02 -0.421151133200E+01  0.459365209680E+02  0.100000000000E+01
 -0.200079619800E+02 -0.394921704200E+01  0.457908479810E+02  0.100000000000E+01
 -0.205657871790E+02 -0.365026316300E+01  0.462896952020E+02  0.707106594584E+00
 -0.213041272960E+02 -0.359762245000E+01  0.465930034000E+02  0.100000000000E+01
 -0.221362204310E+02 -0.389698700200E+01  0.465615889650E+02  0.707106595139E+00
 -0.225994935140E+02 -0.449581702500E+01  0.460944164820E+02  0.100000000000E+01
 -0.223095820610E+02 -0.362458184000E+01  0.457462204410E+02  0.707106930982E+00
 -0.215104390710E+02 -0.319744057600E+01  0.455523025330E+02  0.100000000000E+01
 -0.206637562570E+02 -0.339889966400E+01  0.456005422180E+02  0.707106940086E+00
 -0.200079619800E+02 -0.394921704200E+01  0.457908479810E+02  0.100000000000E+01
 -0.213078420630E+02 -0.388009556300E+01  0.460076018320E+02  0.100000000000E+01
 -0.213078420630E+02 -0.388009556300E+01  0.460076018320E+02  0.707106870819E+00
 -0.213078420630E+02 -0.388009556300E+01  0.460076018320E+02  0.100000000000E+01
 -0.213078420630E+02 -0.388009556300E+01  0.460076018320E+02  0.707107194849E+00
 -0.213078420630E+02 -0.388009556300E+01  0.460076018320E+02  0.100000000000E+01
 -0.213078420630E+02 -0.388009556300E+01  0.460076018320E+02  0.707106755364E+00
 -0.213078420630E+02 -0.388009556300E+01  0.460076018320E+02  0.100000000000E+01
 -0.213078420630E+02 -0.388009556300E+01  0.460076018320E+02  0.707106598986E+00
 -0.213078420630E+02 -0.388009556300E+01  0.460076018320E+02  0.100000000000E+01
 -0.203846623000E+02 -0.371733848700E+01  0.458935412980E+02  0.100000000000E+01
 -0.208735509540E+02 -0.358479370200E+01  0.461979444770E+02  0.707106870819E+00
 -0.213251152200E+02 -0.341342705800E+01  0.465337014550E+02  0.100000000000E+01
 -0.218666045830E+02 -0.365838196300E+01  0.464338480670E+02  0.707107194849E+00
 -0.223110134800E+02 -0.405695498500E+01  0.461315472340E+02  0.100000000000E+01
 -0.220646343090E+02 -0.344103938200E+01  0.457961047280E+02  0.707106755364E+00
 -0.214843901360E+02 -0.314826928700E+01  0.456229351080E+02  0.100000000000E+01
 -0.209270735510E+02 -0.340115645100E+01  0.457411567970E+02  0.707106598986E+00
 -0.203846623000E+02 -0.371733848700E+01  0.458935412980E+02  0.100000000000E+01
 -0.213493510220E+02 -0.354324289000E+01  0.460606316070E+02  0.100000000000E+01
 -0.213493510220E+02 -0.354324289000E+01  0.460606316070E+02  0.707105842358E+00
 -0.213493510220E+02 -0.354324289000E+01  0.460606316070E+02  0.100000000000E+01
 -0.213493510220E+02 -0.354324289000E+01  0.460606316070E+02  0.707106819061E+00
 -0.213493510220E+02 -0.354324289000E+01  0.460606316070E+02  0.100000000000E+01
 -0.213493510220E+02 -0.354324289000E+01  0.460606316070E+02  0.707107472561E+00
 -0.213493510220E+02 -0.354324289000E+01  0.460606316070E+02  0.100000000000E+01
 -0.213493510220E+02 -0.354324289000E+01  0.460606316070E+02  0.707106846269E+00
 -0.213493510220E+02 -0.354324289000E+01  0.460606316070E+02  0.100000000000E+01
 -0.208882963720E+02 -0.349735218700E+01  0.459988786990E+02  0.100000000000E+01
 -0.210827032590E+02 -0.331492988700E+01  0.462608591700E+02  0.707105842358E+00
 -0.213294008210E+02 -0.318202402000E+01  0.464780274390E+02  0.100000000000E+01
 -0.218005846530E+02 -0.324630814700E+01  0.465208066300E+02  0.707106819061E+00
 -0.219295791030E+02 -0.360099532700E+01  0.461383443420E+02  0.100000000000E+01
 -0.219079440940E+02 -0.316199492800E+01  0.458209228560E+02  0.707107472561E+00
 -0.214553933170E+02 -0.299760909000E+01  0.456743852980E+02  0.100000000000E+01
 -0.211047843700E+02 -0.316228536600E+01  0.457711164350E+02  0.707106846269E+00
 -0.208882963720E+02 -0.349735218700E+01  0.459988786990E+02  0.100000000000E+01
 -0.213494787540E+02 -0.320162989800E+01  0.460915471990E+02  0.100000000000E+01
 -0.213494787540E+02 -0.320162989800E+01  0.460915471990E+02  0.707107133663E+00
 -0.213494787540E+02 -0.320162989800E+01  0.460915471990E+02  0.100000000000E+01
 -0.213494787540E+02 -0.320162989800E+01  0.460915471990E+02  0.707108726244E+00
 -0.213494787540E+02 -0.320162989800E+01  0.460915471990E+02  0.100000000000E+01
 -0.213494787540E+02 -0.320162989800E+01  0.460915471990E+02  0.707106528174E+00
 -0.213494787540E+02 -0.320162989800E+01  0.460915471990E+02  0.100000000000E+01
 -0.213494787540E+02 -0.320162989800E+01  0.460915471990E+02  0.707104814975E+00
 -0.213494787540E+02 -0.320162989800E+01  0.460915471990E+02  0.100000000000E+01
 -0.210584840100E+02 -0.323407486400E+01  0.460471989450E+02  0.100000000000E+01
 -0.210011369250E+02 -0.304138685500E+01  0.462851055770E+02  0.707107133663E+00
 -0.212773751990E+02 -0.296101353500E+01  0.463886243050E+02  0.100000000000E+01
 -0.217052409750E+02 -0.286902743900E+01  0.465086944310E+02  0.707108726244E+00
 -0.217934913850E+02 -0.315212412900E+01  0.461592197250E+02  0.100000000000E+01
 -0.217663016320E+02 -0.281424005200E+01  0.458422644460E+02  0.707106528174E+00
 -0.213622767690E+02 -0.273265870100E+01  0.456644984850E+02  0.100000000000E+01
 -0.208961997410E+02 -0.286012899600E+01  0.456627446510E+02  0.707104814975E+00
 -0.210584840100E+02 -0.323407486400E+01  0.460471989450E+02  0.100000000000E+01
 -0.212411836520E+02 -0.287857915300E+01  0.461050395290E+02  0.100000000000E+01
 -0.212411836520E+02 -0.287857915300E+01  0.461050395290E+02  0.707104633496E+00
 -0.212411836520E+02 -0.287857915300E+01  0.461050395290E+02  0.100000000000E+01
 -0.212411836520E+02 -0.287857915300E+01  0.461050395290E+02  0.707105543614E+00
 -0.212411836520E+02 -0.287857915300E+01  0.461050395290E+02  0.100000000000E+01
 -0.212411836520E+02 -0.287857915300E+01  0.461050395290E+02  0.707108043224E+00
 -0.212411836520E+02 -0.287857915300E+01  0.461050395290E+02  0.100000000000E+01
 -0.212411836520E+02 -0.287857915300E+01  0.461050395290E+02  0.707108115648E+00
 -0.212411836520E+02 -0.287857915300E+01  0.461050395290E+02  0.100000000000E+01
 -0.209867238510E+02 -0.302857083600E+01  0.460553450890E+02  0.100000000000E+01
 -0.209136303340E+02 -0.288973146000E+01  0.462583509640E+02  0.707104633496E+00
 -0.211267639860E+02 -0.275331550500E+01  0.463128532840E+02  0.100000000000E+01
 -0.213648510520E+02 -0.261765864900E+01  0.463537546670E+02  0.707105543614E+00
 -0.215715102460E+02 -0.268386842400E+01  0.461695459290E+02  0.100000000000E+01
 -0.215090320810E+02 -0.237241319600E+01  0.458199033570E+02  0.707108043224E+00
 -0.211142001720E+02 -0.251382749700E+01  0.456543212040E+02  0.100000000000E+01
 -0.207374586410E+02 -0.280918422100E+01  0.456517538460E+02  0.707108115648E+00
 -0.209867238510E+02 -0.302857083600E+01  0.460553450890E+02  0.100000000000E+01
 -0.210523239980E+02 -0.259173362200E+01  0.461025340860E+02  0.100000000000E+01
 -0.210523239980E+02 -0.259173362200E+01  0.461025340860E+02  0.707107048952E+00
 -0.210523239980E+02 -0.259173362200E+01  0.461025340860E+02  0.100000000000E+01
 -0.210523239980E+02 -0.259173362200E+01  0.461025340860E+02  0.707108162150E+00
 -0.210523239980E+02 -0.259173362200E+01  0.461025340860E+02  0.100000000000E+01
 -0.210523239980E+02 -0.259173362200E+01  0.461025340860E+02  0.707106001405E+00
 -0.210523239980E+02 -0.259173362200E+01  0.461025340860E+02  0.100000000000E+01
 -0.210523239980E+02 -0.259173362200E+01  0.461025340860E+02  0.707105396233E+00
 -0.210523239980E+02 -0.259173362200E+01  0.461025340860E+02  0.100000000000E+01
 -0.207721016860E+02 -0.274723225700E+01  0.460481025680E+02  0.100000000000E+01
 -0.207646461910E+02 -0.260779844400E+01  0.462401000610E+02  0.707107048952E+00
 -0.209476171190E+02 -0.247730004500E+01  0.463146698930E+02  0.100000000000E+01
 -0.211688325150E+02 -0.234313567300E+01  0.463730136540E+02  0.707108162150E+00
 -0.213295813890E+02 -0.243788071100E+01  0.461563917890E+02  0.100000000000E+01
 -0.213528743010E+02 -0.215099550100E+01  0.458257810790E+02  0.707106001405E+00
 -0.209736042020E+02 -0.230155359100E+01  0.456788293140E+02  0.100000000000E+01
 -0.205683750210E+02 -0.256776341600E+01  0.456506902640E+02  0.707105396233E+00
 -0.207721016860E+02 -0.274723225700E+01  0.460481025680E+02  0.100000000000E+01
 -0.209331336140E+02 -0.227114947500E+01  0.461104002780E+02  0.100000000000E+01
 -0.209331336140E+02 -0.227114947500E+01  0.461104002780E+02  0.707106844908E+00
 -0.209331336140E+02 -0.227114947500E+01  0.461104002780E+02  0.100000000000E+01
 -0.209331336140E+02 -0.227114947500E+01  0.461104002780E+02  0.707108193297E+00
 -0.209331336140E+02 -0.227114947500E+01  0.461104002780E+02  0.100000000000E+01
 -0.209331336140E+02 -0.227114947500E+01  0.461104002780E+02  0.707106577126E+00
 -0.209331336140E+02 -0.227114947500E+01  0.461104002780E+02  0.100000000000E+01
 -0.209331336140E+02 -0.227114947500E+01  0.461104002780E+02  0.707105630124E+00
 -0.209331336140E+02 -0.227114947500E+01  0.461104002780E+02  0.100000000000E+01
 -0.206006779520E+02 -0.232901064200E+01  0.460561297530E+02  0.100000000000E+01
 -0.206087999060E+02 -0.220893589000E+01  0.463062098630E+02  0.707106844908E+00
 -0.208654245870E+02 -0.214431106900E+01  0.463899481880E+02  0.100000000000E+01
 -0.211433033780E+02 -0.210576524400E+01  0.464147309930E+02  0.707108193297E+00
 -0.212596235520E+02 -0.221432660300E+01  0.461636985300E+02  0.100000000000E+01
 -0.213193596690E+02 -0.198042968000E+01  0.458589648170E+02  0.707106577126E+00
 -0.209458746390E+02 -0.202698548300E+01  0.457720402770E+02  0.100000000000E+01
 -0.205827667540E+02 -0.212048468400E+01  0.457554047440E+02  0.707105630124E+00
 -0.206006779520E+02 -0.232901064200E+01  0.460561297530E+02  0.100000000000E+01
 -0.209523878960E+02 -0.193796197000E+01  0.461740002700E+02  0.100000000000E+01
 -0.209523878960E+02 -0.193796197000E+01  0.461740002700E+02  0.707105328796E+00
 -0.209523878960E+02 -0.193796197000E+01  0.461740002700E+02  0.100000000000E+01
 -0.209523878960E+02 -0.193796197000E+01  0.461740002700E+02  0.707107183534E+00
 -0.209523878960E+02 -0.193796197000E+01  0.461740002700E+02  0.100000000000E+01
 -0.209523878960E+02 -0.193796197000E+01  0.461740002700E+02  0.707108103262E+00
 -0.209523878960E+02 -0.193796197000E+01  0.461740002700E+02  0.100000000000E+01
 -0.209523878960E+02 -0.193796197000E+01  0.461740002700E+02  0.707106663378E+00
 -0.209523878960E+02 -0.193796197000E+01  0.461740002700E+02  0.100000000000E+01
 -0.206029796590E+02 -0.184102936600E+01  0.461437830820E+02  0.100000000000E+01
 -0.206343484570E+02 -0.179709278800E+01  0.464644619380E+02  0.707105328796E+00
 -0.209420186310E+02 -0.188917696100E+01  0.464504119730E+02  0.100000000000E+01
 -0.212012843500E+02 -0.196246560300E+01  0.464645967750E+02  0.707107183534E+00
 -0.212537249570E+02 -0.202155820900E+01  0.462000591790E+02  0.100000000000E+01
 -0.213339253590E+02 -0.181477788900E+01  0.459631993560E+02  0.707108103262E+00
 -0.210464454650E+02 -0.168798963300E+01  0.458882697650E+02  0.100000000000E+01
 -0.206767222220E+02 -0.159633120200E+01  0.458679095010E+02  0.707106663378E+00
 -0.206029796590E+02 -0.184102936600E+01  0.461437830820E+02  0.100000000000E+01
 -0.210297247790E+02 -0.162223803800E+01  0.462852139170E+02  0.100000000000E+01
 -0.210297247790E+02 -0.162223803800E+01  0.462852139170E+02  0.707107349425E+00
 -0.210297247790E+02 -0.162223803800E+01  0.462852139170E+02  0.100000000000E+01
 -0.210297247790E+02 -0.162223803800E+01  0.462852139170E+02  0.707105380524E+00
 -0.210297247790E+02 -0.162223803800E+01  0.462852139170E+02  0.100000000000E+01
 -0.210297247790E+02 -0.162223803800E+01  0.462852139170E+02  0.707106475070E+00
 -0.210297247790E+02 -0.162223803800E+01  0.462852139170E+02  0.100000000000E+01
 -0.210297247790E+02 -0.162223803800E+01  0.462852139170E+02  0.707107487386E+00
 -0.210297247790E+02 -0.162223803800E+01  0.462852139170E+02  0.100000000000E+01
 -0.207052096380E+02 -0.154324444400E+01  0.462534017980E+02  0.100000000000E+01
 -0.207596747840E+02 -0.154954271200E+01  0.465027322120E+02  0.707107349425E+00
 -0.210088411950E+02 -0.161016462600E+01  0.465282228700E+02  0.100000000000E+01
 -0.212608705190E+02 -0.167125824200E+01  0.465618895820E+02  0.707105380524E+00
 -0.213464445920E+02 -0.169933439900E+01  0.463162611030E+02  0.100000000000E+01
 -0.215282489560E+02 -0.148226268900E+01  0.460416224670E+02  0.707106475070E+00
 -0.211224397940E+02 -0.136417158700E+01  0.459802325180E+02  0.100000000000E+01
 -0.207606283450E+02 -0.131059873000E+01  0.459833743410E+02  0.707107487386E+00
 -0.207052096380E+02 -0.154324444400E+01  0.462534017980E+02  0.100000000000E+01
 -0.210825194010E+02 -0.130374892800E+01  0.464027741780E+02  0.100000000000E+01
 -0.210825194010E+02 -0.130374892800E+01  0.464027741780E+02  0.707107237769E+00
 -0.210825194010E+02 -0.130374892800E+01  0.464027741780E+02  0.100000000000E+01
 -0.210825194010E+02 -0.130374892800E+01  0.464027741780E+02  0.707107467323E+00
 -0.210825194010E+02 -0.130374892800E+01  0.464027741780E+02  0.100000000000E+01
 -0.210825194010E+02 -0.130374892800E+01  0.464027741780E+02  0.707106609903E+00
 -0.210825194010E+02 -0.130374892800E+01  0.464027741780E+02  0.100000000000E+01
 -0.210825194010E+02 -0.130374892800E+01  0.464027741780E+02  0.707106030452E+00
 -0.210825194010E+02 -0.130374892800E+01  0.464027741780E+02  0.100000000000E+01
 -0.208161123370E+02 -0.125582097900E+01  0.463709361040E+02  0.100000000000E+01
 -0.208822411950E+02 -0.127713347100E+01  0.465552317960E+02  0.707107237769E+00
 -0.210505232600E+02 -0.131183766200E+01  0.466583245250E+02  0.100000000000E+01
 -0.213850551590E+02 -0.137604427200E+01  0.467736654890E+02  0.707107467323E+00
 -0.215437328640E+02 -0.138672355000E+01  0.464578949300E+02  0.100000000000E+01
 -0.216831880150E+02 -0.110411351600E+01  0.460728080120E+02  0.707106609903E+00
 -0.211699353050E+02 -0.104713050900E+01  0.460576287450E+02  0.100000000000E+01
 -0.208205831870E+02 -0.104591205600E+01  0.460963479870E+02  0.707106030452E+00
 -0.208161123370E+02 -0.125582097900E+01  0.463709361040E+02  0.100000000000E+01
 -0.211212983640E+02 -0.983970562000E+00  0.465224355910E+02  0.100000000000E+01
 -0.211212983640E+02 -0.983970562000E+00  0.465224355910E+02  0.707105802092E+00
 -0.211212983640E+02 -0.983970562000E+00  0.465224355910E+02  0.100000000000E+01
 -0.211212983640E+02 -0.983970562000E+00  0.465224355910E+02  0.707105033797E+00
 -0.211212983640E+02 -0.983970562000E+00  0.465224355910E+02  0.100000000000E+01
 -0.211212983640E+02 -0.983970562000E+00  0.465224355910E+02  0.707106915191E+00
 -0.211212983640E+02 -0.983970562000E+00  0.465224355910E+02  0.100000000000E+01
 -0.211212983640E+02 -0.983970562000E+00  0.465224355910E+02  0.707108828327E+00
 -0.211212983640E+02 -0.983970562000E+00  0.465224355910E+02  0.100000000000E+01
 -0.209004328050E+02 -0.948844933000E+00  0.464944214030E+02  0.100000000000E+01
 -0.209123145830E+02 -0.977242407000E+00  0.466868270240E+02  0.707105802092E+00
 -0.210848090210E+02 -0.101359976600E+01  0.467729748470E+02  0.100000000000E+01
 -0.214372905350E+02 -0.108792687500E+01  0.469492513410E+02  0.707105033797E+00
 -0.216200155050E+02 -0.106328500900E+01  0.465856879370E+02  0.100000000000E+01
 -0.217452473060E+02 -0.783725605000E+00  0.461512416450E+02  0.707106915191E+00
 -0.212064433130E+02 -0.743997429000E+00  0.461520173540E+02  0.100000000000E+01
 -0.209014309770E+02 -0.775829734000E+00  0.462341418890E+02  0.707108828327E+00
 -0.209004328050E+02 -0.948844933000E+00  0.464944214030E+02  0.100000000000E+01
 -0.211550436280E+02 -0.664941777000E+00  0.466455879970E+02  0.100000000000E+01
 -0.211550436280E+02 -0.664941777000E+00  0.466455879970E+02  0.707105470236E+00
 -0.211550436280E+02 -0.664941777000E+00  0.466455879970E+02  0.100000000000E+01
 -0.211550436280E+02 -0.664941777000E+00  0.466455879970E+02  0.707107625458E+00
 -0.211550436280E+02 -0.664941777000E+00  0.466455879970E+02  0.100000000000E+01
 -0.211550436280E+02 -0.664941777000E+00  0.466455879970E+02  0.707107623227E+00
 -0.211550436280E+02 -0.664941777000E+00  0.466455879970E+02  0.100000000000E+01
 -0.211550436280E+02 -0.664941777000E+00  0.466455879970E+02  0.707106438206E+00
 -0.211550436280E+02 -0.664941777000E+00  0.466455879970E+02  0.100000000000E+01
 -0.209273611680E+02 -0.630081091000E+00  0.466162186080E+02  0.100000000000E+01
 -0.209199294750E+02 -0.681942061000E+00  0.468463902100E+02  0.707105470236E+00
 -0.211044991300E+02 -0.730662409000E+00  0.469594286700E+02  0.100000000000E+01
 -0.214956794100E+02 -0.804563600000E+00  0.470709744710E+02  0.707107625458E+00
 -0.216817535390E+02 -0.745586421000E+00  0.467135291190E+02  0.100000000000E+01
 -0.217367534930E+02 -0.499342114000E+00  0.462802453330E+02  0.707107623227E+00
 -0.212350314460E+02 -0.456030031000E+00  0.462734686250E+02  0.100000000000E+01
 -0.209207553120E+02 -0.468706879000E+00  0.463380603910E+02  0.707106438206E+00
 -0.209273611680E+02 -0.630081091000E+00  0.466162186080E+02  0.100000000000E+01
 -0.211873180070E+02 -0.347501290000E+00  0.467731591100E+02  0.100000000000E+01
 -0.211873180070E+02 -0.347501290000E+00  0.467731591100E+02  0.707105810599E+00
 -0.211873180070E+02 -0.347501290000E+00  0.467731591100E+02  0.100000000000E+01
 -0.211873180070E+02 -0.347501290000E+00  0.467731591100E+02  0.707107385608E+00
 -0.211873180070E+02 -0.347501290000E+00  0.467731591100E+02  0.100000000000E+01
 -0.211873180070E+02 -0.347501290000E+00  0.467731591100E+02  0.707107472063E+00
 -0.211873180070E+02 -0.347501290000E+00  0.467731591100E+02  0.100000000000E+01
 -0.211873180070E+02 -0.347501290000E+00  0.467731591100E+02  0.707106470729E+00
 -0.211873180070E+02 -0.347501290000E+00  0.467731591100E+02  0.100000000000E+01
 -0.208768672570E+02 -0.299439102000E+00  0.467333184700E+02  0.100000000000E+01
 -0.208954481260E+02 -0.386729356000E+00  0.469943434010E+02  0.707105810599E+00
 -0.211255108870E+02 -0.455278229000E+00  0.471247698130E+02  0.100000000000E+01
 -0.215778357010E+02 -0.545946854000E+00  0.472460649820E+02  0.707107385608E+00
 -0.217508683560E+02 -0.434746514000E+00  0.468454799100E+02  0.100000000000E+01
 -0.217591509470E+02 -0.211929499000E+00  0.463996940880E+02  0.707107472063E+00
 -0.212670663050E+02 -0.157822176000E+00  0.463805599340E+02  0.100000000000E+01
 -0.209168559890E+02 -0.143467598000E+00  0.464151025740E+02  0.707106470729E+00
 -0.208768672570E+02 -0.299439102000E+00  0.467333184700E+02  0.100000000000E+01
 -0.212202170910E+02 -0.323222600000E-01  0.469060612860E+02  0.100000000000E+01
 -0.212202170910E+02 -0.323222600000E-01  0.469060612860E+02  0.707108494676E+00
 -0.212202170910E+02 -0.323222600000E-01  0.469060612860E+02  0.100000000000E+01
 -0.212202170910E+02 -0.323222600000E-01  0.469060612860E+02  0.707107683580E+00
 -0.212202170910E+02 -0.323222600000E-01  0.469060612860E+02  0.100000000000E+01
 -0.212202170910E+02 -0.323222600000E-01  0.469060612860E+02  0.707105666354E+00
 -0.212202170910E+02 -0.323222600000E-01  0.469060612860E+02  0.100000000000E+01
 -0.212202170910E+02 -0.323222600000E-01  0.469060612860E+02  0.707105280134E+00
 -0.212202170910E+02 -0.323222600000E-01  0.469060612860E+02  0.100000000000E+01
 -0.208603669800E+02  0.259267340000E-01  0.468609062620E+02  0.100000000000E+01
 -0.208647929390E+02 -0.980122000000E-01  0.471459400930E+02  0.707108494676E+00
 -0.211609535010E+02 -0.159470243000E+00  0.472143141270E+02  0.100000000000E+01
 -0.215728715620E+02 -0.257488245000E+00  0.473383596690E+02  0.707107683580E+00
 -0.217590594460E+02 -0.119544898000E+00  0.469736811830E+02  0.100000000000E+01
 -0.218080443650E+02  0.788732480000E-01  0.465034431480E+02  0.707105666354E+00
 -0.213049633090E+02  0.149499587000E+00  0.464652633580E+02  0.100000000000E+01
 -0.208741456220E+02  0.194897831000E+00  0.464673900680E+02  0.707105280134E+00
 -0.208603669800E+02  0.259267340000E-01  0.468609062620E+02  0.100000000000E+01
 -0.212547126690E+02  0.279782622000E+00  0.470456366540E+02  0.100000000000E+01
 -0.212547126690E+02  0.279782622000E+00  0.470456366540E+02  0.707105070545E+00
 -0.212547126690E+02  0.279782622000E+00  0.470456366540E+02  0.100000000000E+01
 -0.212547126690E+02  0.279782622000E+00  0.470456366540E+02  0.707106181022E+00
 -0.212547126690E+02  0.279782622000E+00  0.470456366540E+02  0.100000000000E+01
 -0.212547126690E+02  0.279782622000E+00  0.470456366540E+02  0.707107809097E+00
 -0.212547126690E+02  0.279782622000E+00  0.470456366540E+02  0.100000000000E+01
 -0.212547126690E+02  0.279782622000E+00  0.470456366540E+02  0.707108064081E+00
 -0.212547126690E+02  0.279782622000E+00  0.470456366540E+02  0.100000000000E+01
 -0.209496927840E+02  0.331525187000E+00  0.470083663280E+02  0.100000000000E+01
 -0.209931685540E+02  0.230206364000E+00  0.472167494770E+02  0.707105070545E+00
 -0.212058162380E+02  0.170421305000E+00  0.472939887730E+02  0.100000000000E+01
 -0.215896413800E+02  0.560336750000E-01  0.474474046890E+02  0.707106181022E+00
 -0.217853256820E+02  0.189771346000E+00  0.471104683020E+02  0.100000000000E+01
 -0.218058637020E+02  0.387708807000E+00  0.466775803230E+02  0.707107809097E+00
 -0.213391480380E+02  0.468627615000E+00  0.466167785700E+02  0.100000000000E+01
 -0.208852454530E+02  0.523992442000E+00  0.466080820360E+02  0.707108064081E+00
 -0.209496927840E+02  0.331525187000E+00  0.470083663280E+02  0.100000000000E+01
 -0.212901025730E+02  0.587929984000E+00  0.471935265000E+02  0.100000000000E+01
 -0.212901025730E+02  0.587929984000E+00  0.471935265000E+02  0.707108957200E+00
 -0.212901025730E+02  0.587929984000E+00  0.471935265000E+02  0.100000000000E+01
 -0.212901025730E+02  0.587929984000E+00  0.471935265000E+02  0.707106522675E+00
 -0.212901025730E+02  0.587929984000E+00  0.471935265000E+02  0.100000000000E+01
 -0.212901025730E+02  0.587929984000E+00  0.471935265000E+02  0.707105916178E+00
 -0.212901025730E+02  0.587929984000E+00  0.471935265000E+02  0.100000000000E+01
 -0.212901025730E+02  0.587929984000E+00  0.471935265000E+02  0.707105728689E+00
 -0.212901025730E+02  0.587929984000E+00  0.471935265000E+02  0.100000000000E+01
 -0.211092018690E+02  0.619709446000E+00  0.471719221500E+02  0.100000000000E+01
 -0.211490020220E+02  0.553771007000E+00  0.472950392590E+02  0.707108957200E+00
 -0.212520515290E+02  0.498901948000E+00  0.473811719150E+02  0.100000000000E+01
 -0.216083657170E+02  0.367693075000E+00  0.475615019570E+02  0.707106522675E+00
 -0.218262428440E+02  0.493743872000E+00  0.472575590150E+02  0.100000000000E+01
 -0.218395740460E+02  0.695394454000E+00  0.468495376160E+02  0.707105916178E+00
 -0.213655004700E+02  0.764342207000E+00  0.468217024570E+02  0.100000000000E+01
 -0.210289495030E+02  0.778433235000E+00  0.468719319240E+02  0.707105728689E+00
 -0.211092018690E+02  0.619709446000E+00  0.471719221500E+02  0.100000000000E+01
 -0.213255770230E+02  0.891567789000E+00  0.473504458680E+02  0.100000000000E+01
 -0.213255770230E+02  0.891567789000E+00  0.473504458680E+02  0.707105473211E+00
 -0.213255770230E+02  0.891567789000E+00  0.473504458680E+02  0.100000000000E+01
 -0.213255770230E+02  0.891567789000E+00  0.473504458680E+02  0.707105544930E+00
 -0.213255770230E+02  0.891567789000E+00  0.473504458680E+02  0.100000000000E+01
 -0.213255770230E+02  0.891567789000E+00  0.473504458680E+02  0.707107008535E+00
 -0.213255770230E+02  0.891567789000E+00  0.473504458680E+02  0.100000000000E+01
 -0.213255770230E+02  0.891567789000E+00  0.473504458680E+02  0.707109098071E+00
 -0.213255770230E+02  0.891567789000E+00  0.473504458680E+02  0.100000000000E+01
 -0.211728197160E+02  0.919065698000E+00  0.473325265850E+02  0.100000000000E+01
 -0.211949135360E+02  0.857823543000E+00  0.474419907050E+02  0.707105473211E+00
 -0.212923968450E+02  0.810527207000E+00  0.475089439930E+02  0.100000000000E+01
 -0.215990200190E+02  0.680236195000E+00  0.476850598310E+02  0.707105544930E+00
 -0.218099383200E+02  0.804377434000E+00  0.474072599360E+02  0.100000000000E+01
 -0.218193255150E+02  0.100573882700E+01  0.470294105830E+02  0.707107008535E+00
 -0.213878472910E+02  0.104366066900E+01  0.470529813860E+02  0.100000000000E+01
 -0.211547455650E+02  0.103327667600E+01  0.471233289070E+02  0.707109098071E+00
 -0.211728197160E+02  0.919065698000E+00  0.473325265850E+02  0.100000000000E+01
 -0.213605406430E+02  0.119050750100E+01  0.475162507780E+02  0.100000000000E+01
 -0.213605406430E+02  0.119050750100E+01  0.475162507780E+02  0.707107123131E+00
 -0.213605406430E+02  0.119050750100E+01  0.475162507780E+02  0.100000000000E+01
 -0.213605406430E+02  0.119050750100E+01  0.475162507780E+02  0.707106201754E+00
 -0.213605406430E+02  0.119050750100E+01  0.475162507780E+02  0.100000000000E+01
 -0.213605406430E+02  0.119050750100E+01  0.475162507780E+02  0.707106603701E+00
 -0.213605406430E+02  0.119050750100E+01  0.475162507780E+02  0.100000000000E+01
 -0.213605406430E+02  0.119050750100E+01  0.475162507780E+02  0.707107196160E+00
 -0.213605406430E+02  0.119050750100E+01  0.475162507780E+02  0.100000000000E+01
 -0.210802530080E+02  0.124177517500E+01  0.474838028430E+02  0.100000000000E+01
 -0.211376644300E+02  0.114536145100E+01  0.476402952800E+02  0.707107123131E+00
 -0.213218371260E+02  0.109230092200E+01  0.476954066070E+02  0.100000000000E+01
 -0.215998600600E+02  0.100094463400E+01  0.477982361980E+02  0.707106201754E+00
 -0.217538704580E+02  0.111856313500E+01  0.475617848810E+02  0.100000000000E+01
 -0.217560379910E+02  0.128505123600E+01  0.472709606330E+02  0.707106603701E+00
 -0.214214589560E+02  0.134508380200E+01  0.472342607950E+02  0.100000000000E+01
 -0.211363975190E+02  0.136222718100E+01  0.472623018240E+02  0.707107196160E+00
 -0.210802530080E+02  0.124177517500E+01  0.474838028430E+02  0.100000000000E+01
 -0.213946138860E+02  0.148484167200E+01  0.476902804210E+02  0.100000000000E+01
 -0.213946138860E+02  0.148484167200E+01  0.476902804210E+02  0.707107963805E+00
 -0.213946138860E+02  0.148484167200E+01  0.476902804210E+02  0.100000000000E+01
 -0.213946138860E+02  0.148484167200E+01  0.476902804210E+02  0.707106561776E+00
 -0.213946138860E+02  0.148484167200E+01  0.476902804210E+02  0.100000000000E+01
 -0.213946138860E+02  0.148484167200E+01  0.476902804210E+02  0.707105760391E+00
 -0.213946138860E+02  0.148484167200E+01  0.476902804210E+02  0.100000000000E+01
 -0.213946138860E+02  0.148484167200E+01  0.476902804210E+02  0.707106838773E+00
 -0.213946138860E+02  0.148484167200E+01  0.476902804210E+02  0.100000000000E+01
 -0.209969145450E+02  0.155830113700E+01  0.476446449920E+02  0.100000000000E+01
 -0.210840319840E+02  0.142013764600E+01  0.478551343160E+02  0.707107963805E+00
 -0.213433662980E+02  0.135048837300E+01  0.479206111330E+02  0.100000000000E+01
 -0.216351867010E+02  0.128613018700E+01  0.479712700960E+02  0.707106561776E+00
 -0.217444035300E+02  0.142023150400E+01  0.477304193410E+02  0.100000000000E+01
 -0.217675983710E+02  0.158030842600E+01  0.474631317080E+02  0.707105760391E+00
 -0.214593707200E+02  0.165461509700E+01  0.473992278710E+02  0.100000000000E+01
 -0.210801920960E+02  0.170790698700E+01  0.473832221680E+02  0.707106838773E+00
 -0.209969145450E+02  0.155830113700E+01  0.476446449920E+02  0.100000000000E+01
 -0.214275897730E+02  0.177483931200E+01  0.478716508100E+02  0.100000000000E+01
 -0.214275897730E+02  0.177483931200E+01  0.478716508100E+02  0.707107054423E+00
 -0.214275897730E+02  0.177483931200E+01  0.478716508100E+02  0.100000000000E+01
 -0.214275897730E+02  0.177483931200E+01  0.478716508100E+02  0.707106477161E+00
 -0.214275897730E+02  0.177483931200E+01  0.478716508100E+02  0.100000000000E+01
 -0.214275897730E+02  0.177483931200E+01  0.478716508100E+02  0.707106442942E+00
 -0.214275897730E+02  0.177483931200E+01  0.478716508100E+02  0.100000000000E+01
 -0.214275897730E+02  0.177483931200E+01  0.478716508100E+02  0.707107150220E+00
 -0.214275897730E+02  0.177483931200E+01  0.478716508100E+02  0.100000000000E+01
 -0.210147986040E+02  0.185150288700E+01  0.478245320010E+02  0.100000000000E+01
 -0.209903904400E+02  0.165079972000E+01  0.481416517000E+02  0.707107054423E+00
 -0.213519256000E+02  0.157093184500E+01  0.482027520840E+02  0.100000000000E+01
 -0.217627195780E+02  0.149258278100E+01  0.482528480450E+02  0.707106477161E+00
 -0.217882779000E+02  0.170785214700E+01  0.479128220800E+02  0.100000000000E+01
 -0.217513353190E+02  0.186443719300E+01  0.476752273250E+02  0.707106442942E+00
 -0.214908062960E+02  0.194520315900E+01  0.475950167630E+02  0.100000000000E+01
 -0.211410830890E+02  0.200554373100E+01  0.475622828770E+02  0.707107150220E+00
 -0.210147986040E+02  0.185150288700E+01  0.478245320010E+02  0.100000000000E+01
           1
           2
           3
           4
           5
           6
           7
           8
           9
          10
          11
          12
          13
          14
          15
          16
          17
          18
          19
          20
          21
          22
          23
          24
          25
          26
          27
          28
          29
          30
          31
          32
          33
          34
          35
          36
          37
          38
          39
          40
          41
          42
          43
          44
          45
          46
          47
          48
          49
          50
          51
          52
          53
          54
          55
          56
          57
          58
          59
          60
          61
          62
          63
          64
          65
          66
          67
          68
          69
          70
          71
          72
          73
          74
          75
          76
          77
          78
          79
          80
          81
          82
          83
          84
          85
          86
          87
          88
          89
          90
          91
          92
          93
          94
          95
          96
          97
          98
          99
         100
         101
         102
         103
         104
         105
         106
         107
         108
         109
         110
         111
         112
         113
         114
         115
         116
         117
         118
         119
         120
         121
         122
         123
         124
         125
         126
         127
         128
         129
         130
         131
         132
         133
         134
         135
         136
         137
         138
         139
         140
         141
         142
         143
         144
         145
         146
         147
         148
         149
         150
         151
         152
         153
         154
         155
         156
         157
         158
         159
         160
         161
         162
         163
         164
         165
         166
         167
         168
         169
         170
         171
         172
         173
         174
         175
         176
         177
         178
         179
         180
         181
         182
         183
         184
         185
         186
         187
         188
         189
         190
         191
         192
         193
         194
         195
         196
         197
         198
         199
         200
         201
         202
         203
         204
         205
         206
         207
         208
         209
         210
         211
         212
         213
         214
         215
         216
         217
         218
         219
         220
         221
         222
         223
         224
         225
         226
         227
         228
         229
         230
         231
         232
         233
         234
         235
         236
         237
         238
         239
         240
         241
         242
         243
         244
         245
         246
         247
         248
         249
         250
         251
         252
         253
         254
         255
         256
         257
         258
         259
         260
         261
         262
         263
         264
         265
         266
         267
         268
         269
         270
         271
         272
         273
         274
         275
         276
         277
         278
         279
         280
         281
         282
         283
         284
         285
         286
         287
         288
         289
         290
         291
         292
         293
         294
         295
         296
         297
         298
         299
         300
         301
         302
         303
         304
         305
         306
         307
         308
         309
         310
         311
         312
         313
         314
         315
         316
         317
         318
         319
         320
         321
         322
         323
         324
         325
         326
         327
         328
         329
         330
         331
         332
         333
         334
         335
         336
         337
         338
         339
         340
         341
         342
         343
         344
         345
         346
         347
         348
         349
         350
         351
         352
         353
         354
         355
         356
         357
         358
         359
         360
         361
         362
         363
         364
         365
         366
         367
         368
         369
         370
         371
         372
         373
         374
         375
         376
         377
         378
         379
         380
         381
         382
         383
         384
         385
         386
         387
         388
         389
         390
         391
         392
         393
         394
         395
         396
 1 0 0
 0 0 0
 0 0 0
 0 0 0
 0 0 0
 0 0 0
 0 0 0
 0 0 0
 0 0 0
 0 0 0
 0 0 0
 0 0 0
 0 0 0
 0 0 0
 0 0 0
 0 0 0
 0 0 0
 0 0 0
 0 0 0
 0 0 0
 0 0 0
 0 0 0
 0 0 0
 0 0 0
 0 0 0
 0 0 0
 0 0 0
 0 0 0
 0 0 0
 0 0 0
 0 0 0
 0 0 0
 0 0 0
 0 0 0
 0 0 0
 0 0 0
 0 0 0
 0 0 0
 0 0 0
 0 0 0
 0 0 0
 0 0 0
 0 0 0
 0 0 0
 0 0 0
 0 0 0
 0 0 0
 0 0 0
 0 0 0
 0 0 0
 0 0 0
 0 0 0
 0 0 0
 0 0 0
 0 0 0
 0 0 0
 0 0 0
 0 0 0
 0 0 0
 0 0 0
 0 0 0
 0 0 0
 0 0 0
 0 0 0
 0 0 0
 0 0 0
 0 0 0
 0 0 0
 0 0 0
 0 0 0
 0 0 0
 0 0 0
 0 0 0
 0 0 0
 0 0 0
 0 0 0
 0 0 0
 0 0 0
 0 0 0
 0 0 0
 0 0 0
 0 0 0
 0 0 0
 0 0 0
 0 0 0
 0 0 0
 0 0 0
 0 0 0
 0 0 0
 0 0 0
 0 0 0
 0 0 0
 0 0 0
 0 0 0
 0 0 0
 0 0 0
 0 0 0
 0 0 0
 0 0 0
 0 0 0
 0 0 0
 0 0 0
 0 0 0
 0 0 0
 0 0 0
 0 0 0
 0 0 0
 0 0 0
 0 0 0
 0 0 0
 0 0 0
 0 0 0
 0 0 0
 0 0 0
 0 0 0
 0 0 0
 0 0 0
 0 0 0
 0 0 0
 0 0 0
 0 0 0
 0 0 0
 0 0 0
 0 0 0
 0 0 0
 0 0 0
 0 0 0
 0 0 0
 0 0 0
 0 0 0
 0 0 0
 0 0 0
 0 0 0
 0 0 0
 0 0 0
 0 0 0
 0 0 0
 0 0 0
 0 0 0
 0 0 0
 0 0 0
 0 0 0
 0 0 0
 0 0 0
 0 0 0
 0 0 0
 0 0 0
 0 0 0
 0 0 0
 0 0 0
 0 0 0
 0 0 0
 0 0 0
 0 0 0
 0 0 0
 0 0 0
 0 0 0
 0 0 0
 0 0 0
 0 0 0
 0 0 0
 0 0 0
 0 0 0
 0 0 0
 0 0 0
 0 0 0
 0 0 0
 0 0 0
 0 0 0
 0 0 0
 0 0 0
 0 0 0
 0 0 0
 0 0 0
 0 0 0
 0 0 0
 0 0 0
 0 0 0
 0 0 0
 0 0 0
 0 0 0
 0 0 0
 0 0 0
 0 0 0
 0 0 0
 0 0 0
 0 0 0
 0 0 0
 0 0 0
 0 0 0
 0 0 0
 0 0 0
 0 0 0
 0 0 0
 0 0 0
 0 0 0
 0 0 0
 0 0 0
 0 0 0
 0 0 0
 0 0 0
 0 0 0
 0 0 0
 0 0 0
 0 0 0
 0 0 0
 0 0 0
 0 0 0
 0 0 0
 0 0 0
 0 0 0
 0 0 0
 0 0 0
 0 0 0
 0 0 0
 0 0 0
 0 0 0
 0 0 0
 0 0 0
 0 0 0
 0 0 0
 0 0 0
 0 0 0
 0 0 0
 0 0 0
 0 0 0
 0 0 0
 0 0 0
 0 0 0
 0 0 0
 0 0 0
 0 0 0
 0 0 0
 0 0 0
 0 0 0
 0 0 0
 0 0 0
 0 0 0
 0 0 0
 0 0 0
 0 0 0
 0 0 0
 0 0 0
 0 0 0
 0 0 0
 0 0 0
 0 0 0
 0 0 0
 0 0 0
 0 0 0
 0 0 0
 0 0 0
 0 0 0
 0 0 0
 0 0 0
 0 0 0
 0 0 0
 0 0 0
 0 0 0
 0 0 0
 0 0 0
 0 0 0
 0 0 0
 0 0 0
 0 0 0
 0 0 0
 0 0 0
 0 0 0
 0 0 0
 0 0 0
 0 0 0
 0 0 0
 0 0 0
 0 0 0
 0 0 0
 0 0 0
 0 0 0
 0 0 0
 0 0 0
 0 0 0
 0 0 0
 0 0 0
 0 0 0
 0 0 0
 0 0 0
 0 0 0
 0 0 0
 0 0 0
 0 0 0
 0 0 0
 0 0 0
 0 0 0
 0 0 0
 0 0 0
 0 0 0
 0 0 0
 0 0 0
 0 0 0
 0 0 0
 0 0 0
 0 0 0
 0 0 0
 0 0 0
 0 0 0
 0 0 0
 0 0 0
 0 0 0
 0 0 0
 0 0 0
 0 0 0
 0 0 0
 0 0 0
 0 0 0
 0 0 0
 0 0 0
 0 0 0
 0 0 0
 0 0 0
 0 0 0
 0 0 0
 0 0 0
 0 0 0
 0 0 0
 0 0 0
 0 0 0
 0 0 0
 0 0 0
 0 0 0
 0 0 0
 0 0 0
 0 0 0
 0 0 0
 0 0 0
 0 0 0
 0 0 0
 0 0 0
 0 0 0
 0 0 0
 0 0 0
 0 0 0
 0 0 0
 0 0 0
 0 0 0
 0 0 0
 0 0 0
 0 0 0
 0 0 0
 0 0 0
 0 0 0
 0 0 0
 0 0 0
 0 0 0
 0 0 0
 0 0 0
 0 0 0
 0 0 0
 0 0 0
 0 0 0
 0 0 0
 0 0 0
 0 0 0
 0 0 0
 0 0 0
 0 0 0
 0 0 0
 0 0 0
 0 0 0
 0 0 0
 0 0 0
 0 0 0
 0 0 0
 0 0 0
 0 0 0
 0 0 0
 0 0 0
 0 0 0
 0 0 0
 0 0 0
 0 0 0
 0 0 0
 0 0 0
 0 0 0
 0 0 0
 0 0 0
 0 0 0
 0 0 0
 0 0 0
 0 0 0
 0 0 0
 0 0 0
 0 0 0
 0 0 0
 0 0 0
 0 0 0
 0 0 0
 0 0 0
 0 0 0
  0.000000000  0.000000000  0.000000000
  0.000000000  0.000000000  0.000000000
  0.000000000  0.000000000  0.000000000
  0.000000000  0.000000000  0.000000000
  0.000000000  0.000000000  0.000000000
  0.000000000  0.000000000  0.000000000
  0.000000000  0.000000000  0.000000000
  0.000000000  0.000000000  0.000000000
  0.000000000  0.000000000  0.000000000
  0.000000000  0.000000000  0.000000000
  0.000000000  0.000000000  0.000000000
  0.000000000  0.000000000  0.000000000
  0.000000000  0.000000000  0.000000000
  0.000000000  0.000000000  0.000000000
  0.000000000  0.000000000  0.000000000
  0.000000000  0.000000000  0.000000000
  0.000000000  0.000000000  0.000000000
  0.000000000  0.000000000  0.000000000
  0.000000000  0.000000000  0.000000000
  0.000000000  0.000000000  0.000000000
  0.000000000  0.000000000  0.000000000
  0.000000000  0.000000000  0.000000000
  0.000000000  0.000000000  0.000000000
  0.000000000  0.000000000  0.000000000
  0.000000000  0.000000000  0.000000000
  0.000000000  0.000000000  0.000000000
  0.000000000  0.000000000  0.000000000
  0.000000000  0.000000000  0.000000000
  0.000000000  0.000000000  0.000000000
  0.000000000  0.000000000  0.000000000
  0.000000000  0.000000000  0.000000000
  0.000000000  0.000000000  0.000000000
  0.000000000  0.000000000  0.000000000
  0.000000000  0.000000000  0.000000000
  0.000000000  0.000000000  0.000000000
  0.000000000  0.000000000  0.000000000
  0.000000000  0.000000000  0.000000000
  0.000000000  0.000000000  0.000000000
  0.000000000  0.000000000  0.000000000
  0.000000000  0.000000000  0.000000000
  0.000000000  0.000000000  0.000000000
  0.000000000  0.000000000  0.000000000
  0.000000000  0.000000000  0.000000000
  0.000000000  0.000000000  0.000000000
  0.000000000  0.000000000  0.000000000
  0.000000000  0.000000000  0.000000000
  0.000000000  0.000000000  0.000000000
  0.000000000  0.000000000  0.000000000
  0.000000000  0.000000000  0.000000000
  0.000000000  0.000000000  0.000000000
  0.000000000  0.000000000  0.000000000
  0.000000000  0.000000000  0.000000000
  0.000000000  0.000000000  0.000000000
  0.000000000  0.000000000  0.000000000
  0.000000000  0.000000000  0.000000000
  0.000000000  0.000000000  0.000000000
  0.000000000  0.000000000  0.000000000
  0.000000000  0.000000000  0.000000000
  0.000000000  0.000000000  0.000000000
  0.000000000  0.000000000  0.000000000
  0.000000000  0.000000000  0.000000000
  0.000000000  0.000000000  0.000000000
  0.000000000  0.000000000  0.000000000
  0.000000000  0.000000000  0.000000000
  0.000000000  0.000000000  0.000000000
  0.000000000  0.000000000  0.000000000
  0.000000000  0.000000000  0.000000000
  0.000000000  0.000000000  0.000000000
  0.000000000  0.000000000  0.000000000
  0.000000000  0.000000000  0.000000000
  0.000000000  0.000000000  0.000000000
  0.000000000  0.000000000  0.000000000
  0.000000000  0.000000000  0.000000000
  0.000000000  0.000000000  0.000000000
  0.000000000  0.000000000  0.000000000
  0.000000000  0.000000000  0.000000000
  0.000000000  0.000000000  0.000000000
  0.000000000  0.000000000  0.000000000
  0.000000000  0.000000000  0.000000000
  0.000000000  0.000000000  0.000000000
  0.000000000  0.000000000  0.000000000
  0.000000000  0.000000000  0.000000000
  0.000000000  0.000000000  0.000000000
  0.000000000  0.000000000  0.000000000
  0.000000000  0.000000000  0.000000000
  0.000000000  0.000000000  0.000000000
  0.000000000  0.000000000  0.000000000
  0.000000000  0.000000000  0.000000000
  0.000000000  0.000000000  0.000000000
  0.000000000  0.000000000  0.000000000
  0.000000000  0.000000000  0.000000000
  0.000000000  0.000000000  0.000000000
  0.000000000  0.000000000  0.000000000
  0.000000000  0.000000000  0.000000000
  0.000000000  0.000000000  0.000000000
  0.000000000  0.000000000  0.000000000
  0.000000000  0.000000000  0.000000000
  0.000000000  0.000000000  0.000000000
  0.000000000  0.000000000  0.000000000
  0.000000000  0.000000000  0.000000000
  0.000000000  0.000000000  0.000000000
  0.000000000  0.000000000  0.000000000
  0.000000000  0.000000000  0.000000000
  0.000000000  0.000000000  0.000000000
  0.000000000  0.000000000  0.000000000
  0.000000000  0.000000000  0.000000000
  0.000000000  0.000000000  0.000000000
  0.000000000  0.000000000  0.000000000
  0.000000000  0.000000000  0.000000000
  0.000000000  0.000000000  0.000000000
  0.000000000  0.000000000  0.000000000
  0.000000000  0.000000000  0.000000000
  0.000000000  0.000000000  0.000000000
  0.000000000  0.000000000  0.000000000
  0.000000000  0.000000000  0.000000000
  0.000000000  0.000000000  0.000000000
  0.000000000  0.000000000  0.000000000
  0.000000000  0.000000000  0.000000000
  0.000000000  0.000000000  0.000000000
  0.000000000  0.000000000  0.000000000
  0.000000000  0.000000000  0.000000000
  0.000000000  0.000000000  0.000000000
  0.000000000  0.000000000  0.000000000
  0.000000000  0.000000000  0.000000000
  0.000000000  0.000000000  0.000000000
  0.000000000  0.000000000  0.000000000
  0.000000000  0.000000000  0.000000000
  0.000000000  0.000000000  0.000000000
  0.000000000  0.000000000  0.000000000
  0.000000000  0.000000000  0.000000000
  0.000000000  0.000000000  0.000000000
  0.000000000  0.000000000  0.000000000
  0.000000000  0.000000000  0.000000000
  0.000000000  0.000000000  0.000000000
  0.000000000  0.000000000  0.000000000
  0.000000000  0.000000000  0.000000000
  0.000000000  0.000000000  0.000000000
  0.000000000  0.000000000  0.000000000
  0.000000000  0.000000000  0.000000000
  0.000000000  0.000000000  0.000000000
  0.000000000  0.000000000  0.000000000
  0.000000000  0.000000000  0.000000000
  0.000000000  0.000000000  0.000000000
  0.000000000  0.000000000  0.000000000
  0.000000000  0.000000000  0.000000000
  0.000000000  0.000000000  0.000000000
  0.000000000  0.000000000  0.000000000
  0.000000000  0.000000000  0.000000000
  0.000000000  0.000000000  0.000000000
  0.000000000  0.000000000  0.000000000
  0.000000000  0.000000000  0.000000000
  0.000000000  0.000000000  0.000000000
  0.000000000  0.000000000  0.000000000
  0.000000000  0.000000000  0.000000000
  0.000000000  0.000000000  0.000000000
  0.000000000  0.000000000  0.000000000
  0.000000000  0.000000000  0.000000000
  0.000000000  0.000000000  0.000000000
  0.000000000  0.000000000  0.000000000
  0.000000000  0.000000000  0.000000000
  0.000000000  0.000000000  0.000000000
  0.000000000  0.000000000  0.000000000
  0.000000000  0.000000000  0.000000000
  0.000000000  0.000000000  0.000000000
  0.000000000  0.000000000  0.000000000
  0.000000000  0.000000000  0.000000000
  0.000000000  0.000000000  0.000000000
  0.000000000  0.000000000  0.000000000
  0.000000000  0.000000000  0.000000000
  0.000000000  0.000000000  0.000000000
  0.000000000  0.000000000  0.000000000
  0.000000000  0.000000000  0.000000000
  0.000000000  0.000000000  0.000000000
  0.000000000  0.000000000  0.000000000
  0.000000000  0.000000000  0.000000000
  0.000000000  0.000000000  0.000000000
  0.000000000  0.000000000  0.000000000
  0.000000000  0.000000000  0.000000000
  0.000000000  0.000000000  0.000000000
  0.000000000  0.000000000  0.000000000
  0.000000000  0.000000000  0.000000000
  0.000000000  0.000000000  0.000000000
  0.000000000  0.000000000  0.000000000
  0.000000000  0.000000000  0.000000000
  0.000000000  0.000000000  0.000000000
  0.000000000  0.000000000  0.000000000
  0.000000000  0.000000000  0.000000000
  0.000000000  0.000000000  0.000000000
  0.000000000  0.000000000  0.000000000
  0.000000000  0.000000000  0.000000000
  0.000000000  0.000000000  0.000000000
  0.000000000  0.000000000  0.000000000
  0.000000000  0.000000000  0.000000000
  0.000000000  0.000000000  0.000000000
  0.000000000  0.000000000  0.000000000
  0.000000000  0.000000000  0.000000000
  0.000000000  0.000000000  0.000000000
  0.000000000  0.000000000  0.000000000
  0.000000000  0.000000000  0.000000000
  0.000000000  0.000000000  0.000000000
  0.000000000  0.000000000  0.000000000
  0.000000000  0.000000000  0.000000000
  0.000000000  0.000000000  0.000000000
  0.000000000  0.000000000  0.000000000
  0.000000000  0.000000000  0.000000000
  0.000000000  0.000000000  0.000000000
  0.000000000  0.000000000  0.000000000
  0.000000000  0.000000000  0.000000000
  0.000000000  0.000000000  0.000000000
  0.000000000  0.000000000  0.000000000
  0.000000000  0.000000000  0.000000000
  0.000000000  0.000000000  0.000000000
  0.000000000  0.000000000  0.000000000
  0.000000000  0.000000000  0.000000000
  0.000000000  0.000000000  0.000000000
  0.000000000  0.000000000  0.000000000
  0.000000000  0.000000000  0.000000000
  0.000000000  0.000000000  0.000000000
  0.000000000  0.000000000  0.000000000
  0.000000000  0.000000000  0.000000000
  0.000000000  0.000000000  0.000000000
  0.000000000  0.000000000  0.000000000
  0.000000000  0.000000000  0.000000000
  0.000000000  0.000000000  0.000000000
  0.000000000  0.000000000  0.000000000
  0.000000000  0.000000000  0.000000000
  0.000000000  0.000000000  0.000000000
  0.000000000  0.000000000  0.000000000
  0.000000000  0.000000000  0.000000000
  0.000000000  0.000000000  0.000000000
  0.000000000  0.000000000  0.000000000
  0.000000000  0.000000000  0.000000000
  0.000000000  0.000000000  0.000000000
  0.000000000  0.000000000  0.000000000
  0.000000000  0.000000000  0.000000000
  0.000000000  0.000000000  0.000000000
  0.000000000  0.000000000  0.000000000
  0.000000000  0.000000000  0.000000000
  0.000000000  0.000000000  0.000000000
  0.000000000  0.000000000  0.000000000
  0.000000000  0.000000000  0.000000000
  0.000000000  0.000000000  0.000000000
  0.000000000  0.000000000  0.000000000
  0.000000000  0.000000000  0.000000000
  0.000000000  0.000000000  0.000000000
  0.000000000  0.000000000  0.000000000
  0.000000000  0.000000000  0.000000000
  0.000000000  0.000000000  0.000000000
  0.000000000  0.000000000  0.000000000
  0.000000000  0.000000000  0.000000000
  0.000000000  0.000000000  0.000000000
  0.000000000  0.000000000  0.000000000
  0.000000000  0.000000000  0.000000000
  0.000000000  0.000000000  0.000000000
  0.000000000  0.000000000  0.000000000
  0.000000000  0.000000000  0.000000000
  0.000000000  0.000000000  0.000000000
  0.000000000  0.000000000  0.000000000
  0.000000000  0.000000000  0.000000000
  0.000000000  0.000000000  0.000000000
  0.000000000  0.000000000  0.000000000
  0.000000000  0.000000000  0.000000000
  0.000000000  0.000000000  0.000000000
  0.000000000  0.000000000  0.000000000
  0.000000000  0.000000000  0.000000000
  0.000000000  0.000000000  0.000000000
  0.000000000  0.000000000  0.000000000
  0.000000000  0.000000000  0.000000000
  0.000000000  0.000000000  0.000000000
  0.000000000  0.000000000  0.000000000
  0.000000000  0.000000000  0.000000000
  0.000000000  0.000000000  0.000000000
  0.000000000  0.000000000  0.000000000
  0.000000000  0.000000000  0.000000000
  0.000000000  0.000000000  0.000000000
  0.000000000  0.000000000  0.000000000
  0.000000000  0.000000000  0.000000000
  0.000000000  0.000000000  0.000000000
  0.000000000  0.000000000  0.000000000
  0.000000000  0.000000000  0.000000000
  0.000000000  0.000000000  0.000000000
  0.000000000  0.000000000  0.000000000
  0.000000000  0.000000000  0.000000000
  0.000000000  0.000000000  0.000000000
  0.000000000  0.000000000  0.000000000
  0.000000000  0.000000000  0.000000000
  0.000000000  0.000000000  0.000000000
  0.000000000  0.000000000  0.000000000
  0.000000000  0.000000000  0.000000000
  0.000000000  0.000000000  0.000000000
  0.000000000  0.000000000  0.000000000
  0.000000000  0.000000000  0.000000000
  0.000000000  0.000000000  0.000000000
  0.000000000  0.000000000  0.000000000
  0.000000000  0.000000000  0.000000000
  0.000000000  0.000000000  0.000000000
  0.000000000  0.000000000  0.000000000
  0.000000000  0.000000000  0.000000000
  0.000000000  0.000000000  0.000000000
  0.000000000  0.000000000  0.000000000
  0.000000000  0.000000000  0.000000000
  0.000000000  0.000000000  0.000000000
  0.000000000  0.000000000  0.000000000
  0.000000000  0.000000000  0.000000000
  0.000000000  0.000000000  0.000000000
  0.000000000  0.000000000  0.000000000
  0.000000000  0.000000000  0.000000000
  0.000000000  0.000000000  0.000000000
  0.000000000  0.000000000  0.000000000
  0.000000000  0.000000000  0.000000000
  0.000000000  0.000000000  0.000000000
  0.000000000  0.000000000  0.000000000
  0.000000000  0.000000000  0.000000000
  0.000000000  0.000000000  0.000000000
  0.000000000  0.000000000  0.000000000
  0.000000000  0.000000000  0.000000000
  0.000000000  0.000000000  0.000000000
  0.000000000  0.000000000  0.000000000
  0.000000000  0.000000000  0.000000000
  0.000000000  0.000000000  0.000000000
  0.000000000  0.000000000  0.000000000
  0.000000000  0.000000000  0.000000000
  0.000000000  0.000000000  0.000000000
  0.000000000  0.000000000  0.000000000
  0.000000000  0.000000000  0.000000000
  0.000000000  0.000000000  0.000000000
  0.000000000  0.000000000  0.000000000
  0.000000000  0.000000000  0.000000000
  0.000000000  0.000000000  0.000000000
  0.000000000  0.000000000  0.000000000
  0.000000000  0.000000000  0.000000000
  0.000000000  0.000000000  0.000000000
  0.000000000  0.000000000  0.000000000
  0.000000000  0.000000000  0.000000000
  0.000000000  0.000000000  0.000000000
  0.000000000  0.000000000  0.000000000
  0.000000000  0.000000000  0.000000000
  0.000000000  0.000000000  0.000000000
  0.000000000  0.000000000  0.000000000
  0.000000000  0.000000000  0.000000000
  0.000000000  0.000000000  0.000000000
  0.000000000  0.000000000  0.000000000
  0.000000000  0.000000000  0.000000000
  0.000000000  0.000000000  0.000000000
  0.000000000  0.000000000  0.000000000
  0.000000000  0.000000000  0.000000000
  0.000000000  0.000000000  0.000000000
  0.000000000  0.000000000  0.000000000
  0.000000000  0.000000000  0.000000000
  0.000000000  0.000000000  0.000000000
  0.000000000  0.000000000  0.000000000
  0.000000000  0.000000000  0.000000000
  0.000000000  0.000000000  0.000000000
  0.000000000  0.000000000  0.000000000
  0.000000000  0.000000000  0.000000000
  0.000000000  0.000000000  0.000000000
  0.000000000  0.000000000  0.000000000
  0.000000000  0.000000000  0.000000000
  0.000000000  0.000000000  0.000000000
  0.000000000  0.000000000  0.000000000
  0.000000000  0.000000000  0.000000000
  0.000000000  0.000000000  0.000000000
  0.000000000  0.000000000  0.000000000
  0.000000000  0.000000000  0.000000000
  0.000000000  0.000000000  0.000000000
  0.000000000  0.000000000  0.000000000
  0.000000000  0.000000000  0.000000000
  0.000000000  0.000000000  0.000000000
  0.000000000  0.000000000  0.000000000
  0.000000000  0.000000000  0.000000000
  0.000000000  0.000000000  0.000000000
  0.000000000  0.000000000  0.000000000
  0.000000000  0.000000000  0.000000000
  0.000000000  0.000000000  0.000000000
  0.000000000  0.000000000  0.000000000
  0.000000000  0.000000000  0.000000000
  0.000000000  0.000000000  0.000000000
  0.000000000  0.000000000  0.000000000
  0.000000000  0.000000000  0.000000000
  0.000000000  0.000000000  0.000000000
  0.000000000  0.000000000  0.000000000
  0.000000000  0.000000000  0.000000000
  0.000000000  0.000000000  0.000000000
  0.000000000  0.000000000  0.000000000
  0.000000000  0.000000000  0.000000000
  0.000000000  0.000000000  0.000000000
  0.000000000  0.000000000  0.000000000
  0.000000000  0.000000000  0.000000000
  0.000000000  0.000000000  0.000000000
  0.000000000  0.000000000  0.000000000
  0.000000000  0.000000000  0.000000000
  0.000000000  0.000000000  0.000000000
  0.000000000  0.000000000  0.000000000
  0.000000000  0.000000000  0.000000000
  0.000000000  0.000000000  0.000000000
  0.000000000  0.000000000  0.000000000
 0 0 0
 0 0 0
 0 0 0
 0 0 0
 0 0 0
 0 0 0
 0 0 0
 0 0 0
 0 0 0
 0 0 0
 0 0 0
 0 0 0
 0 0 0
 0 0 0
 0 0 0
 0 0 0
 0 0 0
 0 0 0
 0 0 0
 0 0 0
 0 0 0
 0 0 0
 0 0 0
 0 0 0
 0 0 0
 0 0 0
 0 0 0
 0 0 0
 0 0 0
 0 0 0
 0 0 0
 0 0 0
 0 0 0
 0 0 0
 0 0 0
 0 0 0
 0 0 0
 0 0 0
 0 0 0
 0 0 0
 0 0 0
 0 0 0
 0 0 0
 0 0 0
 0 0 0
 0 0 0
 0 0 0
 0 0 0
 0 0 0
 0 0 0
 0 0 0
 0 0 0
 0 0 0
 0 0 0
 0 0 0
 0 0 0
 0 0 0
 0 0 0
 0 0 0
 0 0 0
 0 0 0
 0 0 0
 0 0 0
 0 0 0
 0 0 0
 0 0 0
 0 0 0
 0 0 0
 0 0 0
 0 0 0
 0 0 0
 0 0 0
 0 0 0
 0 0 0
 0 0 0
 0 0 0
 0 0 0
 0 0 0
 0 0 0
 0 0 0
 0 0 0
 0 0 0
 0 0 0
 0 0 0
 0 0 0
 0 0 0
 0 0 0
 0 0 0
 0 0 0
 0 0 0
 0 0 0
 0 0 0
 0 0 0
 0 0 0
 0 0 0
 0 0 0
 0 0 0
 0 0 0
 0 0 0
 0 0 0
 0 0 0
 0 0 0
 0 0 0
 0 0 0
 0 0 0
 0 0 0
 0 0 0
 0 0 0
 0 0 0
 0 0 0
 0 0 0
 0 0 0
 0 0 0
 0 0 0
 0 0 0
 0 0 0
 0 0 0
 0 0 0
 0 0 0
 0 0 0
 0 0 0
 0 0 0
 0 0 0
 0 0 0
 0 0 0
 0 0 0
 0 0 0
 0 0 0
 0 0 0
 0 0 0
 0 0 0
 0 0 0
 0 0 0
 0 0 0
 0 0 0
 0 0 0
 0 0 0
 0 0 0
 0 0 0
 0 0 0
 0 0 0
 0 0 0
 0 0 0
 0 0 0
 0 0 0
 0 0 0
 0 0 0
 0 0 0
 0 0 0
 0 0 0
 0 0 0
 0 0 0
 0 0 0
 0 0 0
 0 0 0
 0 0 0
 0 0 0
 0 0 0
 0 0 0
 0 0 0
 0 0 0
 0 0 0
 0 0 0
 0 0 0
 0 0 0
 0 0 0
 0 0 0
 0 0 0
 0 0 0
 0 0 0
 0 0 0
 0 0 0
 0 0 0
 0 0 0
 0 0 0
 0 0 0
 0 0 0
 0 0 0
 0 0 0
 0 0 0
 0 0 0
 0 0 0
 0 0 0
 0 0 0
 0 0 0
 0 0 0
 0 0 0
 0 0 0
 0 0 0
 0 0 0
 0 0 0
 0 0 0
 0 0 0
 0 0 0
 0 0 0
 0 0 0
 0 0 0
 0 0 0
 0 0 0
 0 0 0
 0 0 0
 0 0 0
 0 0 0
 0 0 0
 0 0 0
 0 0 0
 0 0 0
 0 0 0
 0 0 0
 0 0 0
 0 0 0
 0 0 0
 0 0 0
 0 0 0
 0 0 0
 0 0 0
 0 0 0
 0 0 0
 0 0 0
 0 0 0
 0 0 0
 0 0 0
 0 0 0
 0 0 0
 0 0 0
 0 0 0
 0 0 0
 0 0 0
 0 0 0
 0 0 0
 0 0 0
 0 0 0
 0 0 0
 0 0 0
 0 0 0
 0 0 0
 0 0 0
 0 0 0
 0 0 0
 0 0 0
 0 0 0
 0 0 0
 0 0 0
 0 0 0
 0 0 0
 0 0 0
 0 0 0
 0 0 0
 0 0 0
 0 0 0
 0 0 0
 0 0 0
 0 0 0
 0 0 0
 0 0 0
 0 0 0
 0 0 0
 0 0 0
 0 0 0
 0 0 0
 0 0 0
 0 0 0
 0 0 0
 0 0 0
 0 0 0
 0 0 0
 0 0 0
 0 0 0
 0 0 0
 0 0 0
 0 0 0
 0 0 0
 0 0 0
 0 0 0
 0 0 0
 0 0 0
 0 0 0
 0 0 0
 0 0 0
 0 0 0
 0 0 0
 0 0 0
 0 0 0
 0 0 0
 0 0 0
 0 0 0
 0 0 0
 0 0 0
 0 0 0
 0 0 0
 0 0 0
 0 0 0
 0 0 0
 0 0 0
  0.000000000  0.000000000  0.000000000
  0.000000000  0.000000000  0.000000000
  0.000000000  0.000000000  0.000000000
  0.000000000  0.000000000  0.000000000
  0.000000000  0.000000000  0.000000000
  0.000000000  0.000000000  0.000000000
  0.000000000  0.000000000  0.000000000
  0.000000000  0.000000000  0.000000000
  0.000000000  0.000000000  0.000000000
  0.000000000  0.000000000  0.000000000
  0.000000000  0.000000000  0.000000000
  0.000000000  0.000000000  0.000000000
  0.000000000  0.000000000  0.000000000
  0.000000000  0.000000000  0.000000000
  0.000000000  0.000000000  0.000000000
  0.000000000  0.000000000  0.000000000
  0.000000000  0.000000000  0.000000000
  0.000000000  0.000000000  0.000000000
  0.000000000  0.000000000  0.000000000
  0.000000000  0.000000000  0.000000000
  0.000000000  0.000000000  0.000000000
  0.000000000  0.000000000  0.000000000
  0.000000000  0.000000000  0.000000000
  0.000000000  0.000000000  0.000000000
  0.000000000  0.000000000  0.000000000
  0.000000000  0.000000000  0.000000000
  0.000000000  0.000000000  0.000000000
  0.000000000  0.000000000  0.000000000
  0.000000000  0.000000000  0.000000000
  0.000000000  0.000000000  0.000000000
  0.000000000  0.000000000  0.000000000
  0.000000000  0.000000000  0.000000000
  0.000000000  0.000000000  0.000000000
  0.000000000  0.000000000  0.000000000
  0.000000000  0.000000000  0.000000000
  0.000000000  0.000000000  0.000000000
  0.000000000  0.000000000  0.000000000
  0.000000000  0.000000000  0.000000000
  0.000000000  0.000000000  0.000000000
  0.000000000  0.000000000  0.000000000
  0.000000000  0.000000000  0.000000000
  0.000000000  0.000000000  0.000000000
  0.000000000  0.000000000  0.000000000
  0.000000000  0.000000000  0.000000000
  0.000000000  0.000000000  0.000000000
  0.000000000  0.000000000  0.000000000
  0.000000000  0.000000000  0.000000000
  0.000000000  0.000000000  0.000000000
  0.000000000  0.000000000  0.000000000
  0.000000000  0.000000000  0.000000000
  0.000000000  0.000000000  0.000000000
  0.000000000  0.000000000  0.000000000
  0.000000000  0.000000000  0.000000000
  0.000000000  0.000000000  0.000000000
  0.000000000  0.000000000  0.000000000
  0.000000000  0.000000000  0.000000000
  0.000000000  0.000000000  0.000000000
  0.000000000  0.000000000  0.000000000
  0.000000000  0.000000000  0.000000000
  0.000000000  0.000000000  0.000000000
  0.000000000  0.000000000  0.000000000
  0.000000000  0.000000000  0.000000000
  0.000000000  0.000000000  0.000000000
  0.000000000  0.000000000  0.000000000
  0.000000000  0.000000000  0.000000000
  0.000000000  0.000000000  0.000000000
  0.000000000  0.000000000  0.000000000
  0.000000000  0.000000000  0.000000000
  0.000000000  0.000000000  0.000000000
  0.000000000  0.000000000  0.000000000
  0.000000000  0.000000000  0.000000000
  0.000000000  0.000000000  0.000000000
  0.000000000  0.000000000  0.000000000
  0.000000000  0.000000000  0.000000000
  0.000000000  0.000000000  0.000000000
  0.000000000  0.000000000  0.000000000
  0.000000000  0.000000000  0.000000000
  0.000000000  0.000000000  0.000000000
  0.000000000  0.000000000  0.000000000
  0.000000000  0.000000000  0.000000000
  0.000000000  0.000000000  0.000000000
  0.000000000  0.000000000  0.000000000
  0.000000000  0.000000000  0.000000000
  0.000000000  0.000000000  0.000000000
  0.000000000  0.000000000  0.000000000
  0.000000000  0.000000000  0.000000000
  0.000000000  0.000000000  0.000000000
  0.000000000  0.000000000  0.000000000
  0.000000000  0.000000000  0.000000000
  0.000000000  0.000000000  0.000000000
  0.000000000  0.000000000  0.000000000
  0.000000000  0.000000000  0.000000000
  0.000000000  0.000000000  0.000000000
  0.000000000  0.000000000  0.000000000
  0.000000000  0.000000000  0.000000000
  0.000000000  0.000000000  0.000000000
  0.000000000  0.000000000  0.000000000
  0.000000000  0.000000000  0.000000000
  0.000000000  0.000000000  0.000000000
  0.000000000  0.000000000  0.000000000
  0.000000000  0.000000000  0.000000000
  0.000000000  0.000000000  0.000000000
  0.000000000  0.000000000  0.000000000
  0.000000000  0.000000000  0.000000000
  0.000000000  0.000000000  0.000000000
  0.000000000  0.000000000  0.000000000
  0.000000000  0.000000000  0.000000000
  0.000000000  0.000000000  0.000000000
  0.000000000  0.000000000  0.000000000
  0.000000000  0.000000000  0.000000000
  0.000000000  0.000000000  0.000000000
  0.000000000  0.000000000  0.000000000
  0.000000000  0.000000000  0.000000000
  0.000000000  0.000000000  0.000000000
  0.000000000  0.000000000  0.000000000
  0.000000000  0.000000000  0.000000000
  0.000000000  0.000000000  0.000000000
  0.000000000  0.000000000  0.000000000
  0.000000000  0.000000000  0.000000000
  0.000000000  0.000000000  0.000000000
  0.000000000  0.000000000  0.000000000
  0.000000000  0.000000000  0.000000000
  0.000000000  0.000000000  0.000000000
  0.000000000  0.000000000  0.000000000
  0.000000000  0.000000000  0.000000000
  0.000000000  0.000000000  0.000000000
  0.000000000  0.000000000  0.000000000
  0.000000000  0.000000000  0.000000000
  0.000000000  0.000000000  0.000000000
  0.000000000  0.000000000  0.000000000
  0.000000000  0.000000000  0.000000000
  0.000000000  0.000000000  0.000000000
  0.000000000  0.000000000  0.000000000
  0.000000000  0.000000000  0.000000000
  0.000000000  0.000000000  0.000000000
  0.000000000  0.000000000  0.000000000
  0.000000000  0.000000000  0.000000000
  0.000000000  0.000000000  0.000000000
  0.000000000  0.000000000  0.000000000
  0.000000000  0.000000000  0.000000000
  0.000000000  0.000000000  0.000000000
  0.000000000  0.000000000  0.000000000
  0.000000000  0.000000000  0.000000000
  0.000000000  0.000000000  0.000000000
  0.000000000  0.000000000  0.000000000
  0.000000000  0.000000000  0.000000000
  0.000000000  0.000000000  0.000000000
  0.000000000  0.000000000  0.000000000
  0.000000000  0.000000000  0.000000000
  0.000000000  0.000000000  0.000000000
  0.000000000  0.000000000  0.000000000
  0.000000000  0.000000000  0.000000000
  0.000000000  0.000000000  0.000000000
  0.000000000  0.000000000  0.000000000
  0.000000000  0.000000000  0.000000000
  0.000000000  0.000000000  0.000000000
  0.000000000  0.000000000  0.000000000
  0.000000000  0.000000000  0.000000000
  0.000000000  0.000000000  0.000000000
  0.000000000  0.000000000  0.000000000
  0.000000000  0.000000000  0.000000000
  0.000000000  0.000000000  0.000000000
  0.000000000  0.000000000  0.000000000
  0.000000000  0.000000000  0.000000000
  0.000000000  0.000000000  0.000000000
  0.000000000  0.000000000  0.000000000
  0.000000000  0.000000000  0.000000000
  0.000000000  0.000000000  0.000000000
  0.000000000  0.000000000  0.000000000
  0.000000000  0.000000000  0.000000000
  0.000000000  0.000000000  0.000000000
  0.000000000  0.000000000  0.000000000
  0.000000000  0.000000000  0.000000000
  0.000000000  0.000000000  0.000000000
  0.000000000  0.000000000  0.000000000
  0.000000000  0.000000000  0.000000000
  0.000000000  0.000000000  0.000000000
  0.000000000  0.000000000  0.000000000
  0.000000000  0.000000000  0.000000000
  0.000000000  0.000000000  0.000000000
  0.000000000  0.000000000  0.000000000
  0.000000000  0.000000000  0.000000000
  0.000000000  0.000000000  0.000000000
  0.000000000  0.000000000  0.000000000
  0.000000000  0.000000000  0.000000000
  0.000000000  0.000000000  0.000000000
  0.000000000  0.000000000  0.000000000
  0.000000000  0.000000000  0.000000000
  0.000000000  0.000000000  0.000000000
  0.000000000  0.000000000  0.000000000
  0.000000000  0.000000000  0.000000000
  0.000000000  0.000000000  0.000000000
  0.000000000  0.000000000  0.000000000
  0.000000000  0.000000000  0.000000000
  0.000000000  0.000000000  0.000000000
  0.000000000  0.000000000  0.000000000
  0.000000000  0.000000000  0.000000000
  0.000000000  0.000000000  0.000000000
  0.000000000  0.000000000  0.000000000
  0.000000000  0.000000000  0.000000000
  0.000000000  0.000000000  0.000000000
  0.000000000  0.000000000  0.000000000
  0.000000000  0.000000000  0.000000000
  0.000000000  0.000000000  0.000000000
  0.000000000  0.000000000  0.000000000
  0.000000000  0.000000000  0.000000000
  0.000000000  0.000000000  0.000000000
  0.000000000  0.000000000  0.000000000
  0.000000000  0.000000000  0.000000000
  0.000000000  0.000000000  0.000000000
  0.000000000  0.000000000  0.000000000
  0.000000000  0.000000000  0.000000000
  0.000000000  0.000000000  0.000000000
  0.000000000  0.000000000  0.000000000
  0.000000000  0.000000000  0.000000000
  0.000000000  0.000000000  0.000000000
  0.000000000  0.000000000  0.000000000
  0.000000000  0.000000000  0.000000000
  0.000000000  0.000000000  0.000000000
  0.000000000  0.000000000  0.000000000
  0.000000000  0.000000000  0.000000000
  0.000000000  0.000000000  0.000000000
  0.000000000  0.000000000  0.000000000
  0.000000000  0.000000000  0.000000000
  0.000000000  0.000000000  0.000000000
  0.000000000  0.000000000  0.000000000
  0.000000000  0.000000000  0.000000000
  0.000000000  0.000000000  0.000000000
  0.000000000  0.000000000  0.000000000
  0.000000000  0.000000000  0.000000000
  0.000000000  0.000000000  0.000000000
  0.000000000  0.000000000  0.000000000
  0.000000000  0.000000000  0.000000000
  0.000000000  0.000000000  0.000000000
  0.000000000  0.000000000  0.000000000
  0.000000000  0.000000000  0.000000000
  0.000000000  0.000000000  0.000000000
  0.000000000  0.000000000  0.000000000
  0.000000000  0.000000000  0.000000000
  0.000000000  0.000000000  0.000000000
  0.000000000  0.000000000  0.000000000
  0.000000000  0.000000000  0.000000000
  0.000000000  0.000000000  0.000000000
  0.000000000  0.000000000  0.000000000
  0.000000000  0.000000000  0.000000000
  0.000000000  0.000000000  0.000000000
  0.000000000  0.000000000  0.000000000
  0.000000000  0.000000000  0.000000000
  0.000000000  0.000000000  0.000000000
  0.000000000  0.000000000  0.000000000
  0.000000000  0.000000000  0.000000000
  0.000000000  0.000000000  0.000000000
  0.000000000  0.000000000  0.000000000
  0.000000000  0.000000000  0.000000000
  0.000000000  0.000000000  0.000000000
  0.000000000  0.000000000  0.000000000
  0.000000000  0.000000000  0.000000000
  0.000000000  0.000000000  0.000000000
  0.000000000  0.000000000  0.000000000
  0.000000000  0.000000000  0.000000000
  0.000000000  0.000000000  0.000000000
  0.000000000  0.000000000  0.000000000
  0.000000000  0.000000000  0.000000000
  0.000000000  0.000000000  0.000000000
  0.000000000  0.000000000  0.000000000
  0.000000000  0.000000000  0.000000000
  0.000000000  0.000000000  0.000000000
  0.000000000  0.000000000  0.000000000
  0.000000000  0.000000000  0.000000000
  0.000000000  0.000000000  0.000000000
  0.000000000  0.000000000  0.000000000
  0.000000000  0.000000000  0.000000000
  0.000000000  0.000000000  0.000000000
  0.000000000  0.000000000  0.000000000
  0.000000000  0.000000000  0.000000000
  0.000000000  0.000000000  0.000000000
  0.000000000  0.000000000  0.000000000
  0.000000000  0.000000000  0.000000000
  0.000000000  0.000000000  0.000000000
  0.000000000  0.000000000  0.000000000
  0.000000000  0.000000000  0.000000000
  0.000000000  0.000000000  0.000000000
  0.000000000  0.000000000  0.000000000
  0.000000000  0.000000000  0.000000000
  0.000000000  0.000000000  0.000000000
  0.000000000  0.000000000  0.000000000
  0.000000000  0.000000000  0.000000000
  0.000000000  0.000000000  0.000000000
  0.000000000  0.000000000  0.000000000
  0.000000000  0.000000000  0.000000000
  0.000000000  0.000000000  0.000000000
  0.000000000  0.000000000  0.000000000
  0.000000000  0.000000000  0.000000000
  0.000000000  0.000000000  0.000000000
  0.000000000  0.000000000  0.000000000
  0.000000000  0.000000000  0.000000000
  0.000000000  0.000000000  0.000000000
  0.000000000  0.000000000  0.000000000
  0.000000000  0.000000000  0.000000000
  0.000000000  0.000000000  0.000000000
  0.000000000  0.000000000  0.000000000
  0.000000000  0.000000000  0.000000000
  0.000000000  0.000000000  0.000000000
  0.000000000  0.000000000  0.000000000
  0.000000000  0.000000000  0.000000000
  0.000000000  0.000000000  0.000000000
  0.000000000  0.000000000  0.000000000
  0.000000000  0.000000000  0.000000000
  0.000000000  0.000000000  0.000000000
  0.000000000  0.000000000  0.000000000
  0.000000000  0.000000000  0.000000000
  0.000000000  0.000000000  0.000000000
  0.000000000  0.000000000  0.000000000
  0.000000000  0.000000000  0.000000000
  0.000000000  0.000000000  0.000000000
  0.000000000  0.000000000  0.000000000
  0.000000000  0.000000000  0.000000000
  0.000000000  0.000000000  0.000000000
  0.000000000  0.000000000  0.000000000
  0.000000000  0.000000000  0.000000000
  0.000000000  0.000000000  0.000000000
  0.000000000  0.000000000  0.000000000
  0.000000000  0.000000000  0.000000000
  0.000000000  0.000000000  0.000000000
  0.000000000  0.000000000  0.000000000
  0.000000000  0.000000000  0.000000000
  0.000000000  0.000000000  0.000000000
  0.000000000  0.000000000  0.000000000
  0.000000000  0.000000000  0.000000000
  0.000000000  0.000000000  0.000000000
  0.000000000  0.000000000  0.000000000
  0.000000000  0.000000000  0.000000000
  0.000000000  0.000000000  0.000000000
  0.000000000  0.000000000  0.000000000
  0.000000000  0.000000000  0.000000000
  0.000000000  0.000000000  0.000000000
  0.000000000  0.000000000  0.000000000
  0.000000000  0.000000000  0.000000000
  0.000000000  0.000000000  0.000000000
  0.000000000  0.000000000  0.000000000
  0.000000000  0.000000000  0.000000000
  0.000000000  0.000000000  0.000000000
  0.000000000  0.000000000  0.000000000
  0.000000000  0.000000000  0.000000000
  0.000000000  0.000000000  0.000000000
  0.000000000  0.000000000  0.000000000
  0.000000000  0.000000000  0.000000000
  0.000000000  0.000000000  0.000000000
  0.000000000  0.000000000  0.000000000
  0.000000000  0.000000000  0.000000000
  0.000000000  0.000000000  0.000000000
  0.000000000  0.000000000  0.000000000
  0.000000000  0.000000000  0.000000000
  0.000000000  0.000000000  0.000000000
  0.000000000  0.000000000  0.000000000
  0.000000000  0.000000000  0.000000000
  0.000000000  0.000000000  0.000000000
  0.000000000  0.000000000  0.000000000
  0.000000000  0.000000000  0.000000000
  0.000000000  0.000000000  0.000000000
  0.000000000  0.000000000  0.000000000
  0.000000000  0.000000000  0.000000000
  0.000000000  0.000000000  0.000000000
  0.000000000  0.000000000  0.000000000
  0.000000000  0.000000000  0.000000000
  0.000000000  0.000000000  0.000000000
  0.000000000  0.000000000  0.000000000
  0.000000000  0.000000000  0.000000000
  0.000000000  0.000000000  0.000000000
  0.000000000  0.000000000  0.000000000
  0.000000000  0.000000000  0.000000000
  0.000000000  0.000000000  0.000000000
  0.000000000  0.000000000  0.000000000
  0.000000000  0.000000000  0.000000000
  0.000000000  0.000000000  0.000000000
  0.000000000  0.000000000  0.000000000
  0.000000000  0.000000000  0.000000000
  0.000000000  0.000000000  0.000000000
  0.000000000  0.000000000  0.000000000
  0.000000000  0.000000000  0.000000000
  0.000000000  0.000000000  0.000000000
  0.000000000  0.000000000  0.000000000
  0.000000000  0.000000000  0.000000000
  0.000000000  0.000000000  0.000000000
  0.000000000  0.000000000  0.000000000
  0.000000000  0.000000000  0.000000000
  0.000000000  0.000000000  0.000000000
  0.000000000  0.000000000  0.000000000
  0.000000000  0.000000000  0.000000000
  0.000000000  0.000000000  0.000000000
  0.000000000  0.000000000  0.000000000
  0.000000000  0.000000000  0.000000000
  0.000000000  0.000000000  0.000000000
  0.000000000  0.000000000  0.000000000
  0.000000000  0.000000000  0.000000000
  0.000000000  0.000000000  0.000000000
  0.000000000  0.000000000  0.000000000
  0.000000000  0.000000000  0.000000000
  0.000000000  0.000000000  0.000000000
  0.000000000  0.000000000  0.000000000
  0.000000000  0.000000000  0.000000000
  0.000000000  0.000000000  0.000000000
  0.000000000  0.000000000  0.000000000
  0.000000000  0.000000000  0.000000000
  0.000000000  0.000000000  0.000000000
  0.000000000  0.000000000  0.000000000
  0.000000000  0.000000000  0.000000000
  0.000000000  0.000000000  0.000000000
  0.000000000  0.000000000  0.000000000
  0.000000000  0.000000000  0.000000000
  0.000000000  0.000000000  0.000000000
  0.000000000  0.000000000  0.000000000
  0.000000000  0.000000000  0.000000000
  0.000000000  0.000000000  0.000000000
  0.000000000  0.000000000  0.000000000
  0.000000000  0.000000000  0.000000000
  0.000000000  0.000000000  0.000000000
  0.000000000  0.000000000  0.000000000
  0.000000000  0.000000000  0.000000000
  0.000000000  0.000000000  0.000000000
  0.000000000  0.000000000  0.000000000
  0.000000000  0.000000000  0.000000000
  0.000000000  0.000000000  0.000000000
  0.000000000  0.000000000  0.000000000
  0.000000000  0.000000000  0.000000000
  0.000000000  0.000000000  0.000000000
  0.000000000  0.000000000  0.000000000
  0.000000000  0.000000000  0.000000000
  0.000000000  0.000000000  0.000000000
  0.000000000  0.000000000  0.000000000
  0.000000000  0.000000000  0.000000000
  0.000000000  0.000000000  0.000000000
  0.000000000  0.000000000  0.000000000
  0.000000000  0.000000000  0.000000000
   1.06000000000000     
   1.06000000000000     
   1.06000000000000     
   1.06000000000000     
   1.06000000000000     
   1.06000000000000     
   1.06000000000000     
   1.06000000000000     
   1.06000000000000     
   1.06000000000000     
   1.06000000000000     
   1.06000000000000     
   1.06000000000000     
   1.06000000000000     
   1.06000000000000     
   1.06000000000000     
   1.06000000000000     
   1.06000000000000     
   1.06000000000000     
   1.06000000000000     
   1.06000000000000     
   1.06000000000000     
   1.06000000000000     
   1.06000000000000     
   1.06000000000000     
   1.06000000000000     
   1.06000000000000     
   1.06000000000000     
   1.06000000000000     
   1.06000000000000     
   1.06000000000000     
   1.06000000000000     
   1.06000000000000     
   1.06000000000000     
   1.06000000000000     
   1.06000000000000     
   1.06000000000000     
   1.06000000000000     
   1.06000000000000     
   1.06000000000000     
   1.06000000000000     
   1.06000000000000     
   1.06000000000000     
   1.06000000000000     
   1.06000000000000     
   1.06000000000000     
   1.06000000000000     
   1.06000000000000     
   1.06000000000000     
   1.06000000000000     
   1.06000000000000     
   1.06000000000000     
   1.06000000000000     
   1.06000000000000     
   1.06000000000000     
   1.06000000000000     
   1.06000000000000     
   1.06000000000000     
   1.06000000000000     
   1.06000000000000     
   1.06000000000000     
   1.06000000000000     
   1.06000000000000     
   1.06000000000000     
   1.06000000000000     
   1.06000000000000     
   1.06000000000000     
   1.06000000000000     
   1.06000000000000     
   1.06000000000000     
   1.06000000000000     
   1.06000000000000     
   1.06000000000000     
   1.06000000000000     
   1.06000000000000     
   1.06000000000000     
   1.06000000000000     
   1.06000000000000     
   1.06000000000000     
   1.06000000000000     
   1.06000000000000     
   1.06000000000000     
   1.06000000000000     
   1.06000000000000     
   1.06000000000000     
   1.06000000000000     
   1.06000000000000     
   1.06000000000000     
   1.06000000000000     
   1.06000000000000     
   1.06000000000000     
   1.06000000000000     
   1.06000000000000     
   1.06000000000000     
   1.06000000000000     
   1.06000000000000     
   1.06000000000000     
   1.06000000000000     
   1.06000000000000     
   1.06000000000000     
   1.06000000000000     
   1.06000000000000     
   1.06000000000000     
   1.06000000000000     
   1.06000000000000     
   1.06000000000000     
   1.06000000000000     
   1.06000000000000     
   1.06000000000000     
   1.06000000000000     
   1.06000000000000     
   1.06000000000000     
   1.06000000000000     
   1.06000000000000     
   1.06000000000000     
   1.06000000000000     
   1.06000000000000     
   1.06000000000000     
   1.06000000000000     
   1.06000000000000     
   1.06000000000000     
   1.06000000000000     
   1.06000000000000     
   1.06000000000000     
   1.06000000000000     
   1.06000000000000     
   1.06000000000000     
   1.06000000000000     
   1.06000000000000     
   1.06000000000000     
   1.06000000000000     
   1.06000000000000     
   1.06000000000000     
   1.06000000000000     
   1.06000000000000     
   1.06000000000000     
   1.06000000000000     
   1.06000000000000     
   1.06000000000000     
   1.06000000000000     
  3.000000000000000E-002
  3.000000000000000E-002
  3.000000000000000E-002
  3.000000000000000E-002
  3.000000000000000E-002
  3.000000000000000E-002
  3.000000000000000E-002
  3.000000000000000E-002
  3.000000000000000E-002
  3.000000000000000E-002
  3.000000000000000E-002
  3.000000000000000E-002
  3.000000000000000E-002
  3.000000000000000E-002
  3.000000000000000E-002
  3.000000000000000E-002
  3.000000000000000E-002
  3.000000000000000E-002
  3.000000000000000E-002
  3.000000000000000E-002
  3.000000000000000E-002
  3.000000000000000E-002
  3.000000000000000E-002
  3.000000000000000E-002
  3.000000000000000E-002
  3.000000000000000E-002
  3.000000000000000E-002
  3.000000000000000E-002
  3.000000000000000E-002
  3.000000000000000E-002
  3.000000000000000E-002
  3.000000000000000E-002
  3.000000000000000E-002
  3.000000000000000E-002
  3.000000000000000E-002
  3.000000000000000E-002
  3.000000000000000E-002
  3.000000000000000E-002
  3.000000000000000E-002
  3.000000000000000E-002
  3.000000000000000E-002
  3.000000000000000E-002
  3.000000000000000E-002
  3.000000000000000E-002
  3.000000000000000E-002
  3.000000000000000E-002
  3.000000000000000E-002
  3.000000000000000E-002
  3.000000000000000E-002
  3.000000000000000E-002
  3.000000000000000E-002
  3.000000000000000E-002
  3.000000000000000E-002
  3.000000000000000E-002
  3.000000000000000E-002
  3.000000000000000E-002
  3.000000000000000E-002
  3.000000000000000E-002
  3.000000000000000E-002
  3.000000000000000E-002
  3.000000000000000E-002
  3.000000000000000E-002
  3.000000000000000E-002
  3.000000000000000E-002
  3.000000000000000E-002
  3.000000000000000E-002
  3.000000000000000E-002
  3.000000000000000E-002
  3.000000000000000E-002
  3.000000000000000E-002
  3.000000000000000E-002
  3.000000000000000E-002
  3.000000000000000E-002
  3.000000000000000E-002
  3.000000000000000E-002
  3.000000000000000E-002
  3.000000000000000E-002
  3.000000000000000E-002
  3.000000000000000E-002
  3.000000000000000E-002
  3.000000000000000E-002
  3.000000000000000E-002
  3.000000000000000E-002
  3.000000000000000E-002
  3.000000000000000E-002
  3.000000000000000E-002
  3.000000000000000E-002
  3.000000000000000E-002
  3.000000000000000E-002
  3.000000000000000E-002
  3.000000000000000E-002
  3.000000000000000E-002
  3.000000000000000E-002
  3.000000000000000E-002
  3.000000000000000E-002
  3.000000000000000E-002
  3.000000000000000E-002
  3.000000000000000E-002
  3.000000000000000E-002
  3.000000000000000E-002
  3.000000000000000E-002
  3.000000000000000E-002
  3.000000000000000E-002
  3.000000000000000E-002
  3.000000000000000E-002
  3.000000000000000E-002
  3.000000000000000E-002
  3.000000000000000E-002
  3.000000000000000E-002
  3.000000000000000E-002
  3.000000000000000E-002
  3.000000000000000E-002
  3.000000000000000E-002
  3.000000000000000E-002
  3.000000000000000E-002
  3.000000000000000E-002
  3.000000000000000E-002
  3.000000000000000E-002
  3.000000000000000E-002
  3.000000000000000E-002
  3.000000000000000E-002
  3.000000000000000E-002
  3.000000000000000E-002
  3.000000000000000E-002
  3.000000000000000E-002
  3.000000000000000E-002
  3.000000000000000E-002
  3.000000000000000E-002
  3.000000000000000E-002
  3.000000000000000E-002
  3.000000000000000E-002
  3.000000000000000E-002
  3.000000000000000E-002
  3.000000000000000E-002
  3.000000000000000E-002
  3.000000000000000E-002
  3.000000000000000E-002
  3.000000000000000E-002
  3.000000000000000E-002
  3.000000000000000E-002
