           3
 2 1 2
   9   2  20
  0.000000000  0.000000000  0.000000000  0.250000000  0.250000000  0.500000000  0.500000000  0.750000000  0.750000000  1.000000000  1.000000000  1.000000000
  0.000000000  0.000000000  1.000000000  1.000000000
  0.477378436  0.477378436  0.477378436  0.477848250  0.478318064  0.478787879  0.479257693  0.479727508  0.480197322  0.480667137  0.481136951  0.481606766  0.482076580  0.482546394  0.483016209  0.483486023  0.483955838  0.484425652  0.484895467  0.485365281  0.485835095  0.485835095  0.485835095
 -0.828793069900E+01 -0.345629979970E+02  0.254237997580E+02  0.100000000000E+01
 -0.828793069900E+01 -0.345629979970E+02  0.254237997580E+02  0.707106489989E+00
 -0.828793069900E+01 -0.345629979970E+02  0.254237997580E+02  0.100000000000E+01
 -0.828793069900E+01 -0.345629979970E+02  0.254237997580E+02  0.707107570509E+00
 -0.828793069900E+01 -0.345629979970E+02  0.254237997580E+02  0.100000000000E+01
 -0.828793069900E+01 -0.345629979970E+02  0.254237997580E+02  0.707107656474E+00
 -0.828793069900E+01 -0.345629979970E+02  0.254237997580E+02  0.100000000000E+01
 -0.828793069900E+01 -0.345629979970E+02  0.254237997580E+02  0.707106731944E+00
 -0.828793069900E+01 -0.345629979970E+02  0.254237997580E+02  0.100000000000E+01
 -0.818660758400E+01 -0.340144582870E+02  0.250907150260E+02  0.100000000000E+01
 -0.877214554400E+01 -0.340428093680E+02  0.244426353120E+02  0.707106489989E+00
 -0.894467164600E+01 -0.347873260320E+02  0.248545890580E+02  0.100000000000E+01
 -0.893948069400E+01 -0.353610712520E+02  0.253304295410E+02  0.707107570509E+00
 -0.836673953000E+01 -0.349896555360E+02  0.256828729290E+02  0.100000000000E+01
 -0.774606028800E+01 -0.351708582470E+02  0.255930085830E+02  0.707107656474E+00
 -0.739944354600E+01 -0.348095273560E+02  0.252880782180E+02  0.100000000000E+01
 -0.753543482900E+01 -0.342535285990E+02  0.250234043480E+02  0.707106731944E+00
 -0.818660758400E+01 -0.340144582870E+02  0.250907150260E+02  0.100000000000E+01
 -0.815487772500E+01 -0.347211423850E+02  0.252157274030E+02  0.100000000000E+01
 -0.815487772500E+01 -0.347211423850E+02  0.252157274030E+02  0.707107160708E+00
 -0.815487772500E+01 -0.347211423850E+02  0.252157274030E+02  0.100000000000E+01
 -0.815487772500E+01 -0.347211423850E+02  0.252157274030E+02  0.707106558447E+00
 -0.815487772500E+01 -0.347211423850E+02  0.252157274030E+02  0.100000000000E+01
 -0.815487772500E+01 -0.347211423850E+02  0.252157274030E+02  0.707106383399E+00
 -0.815487772500E+01 -0.347211423850E+02  0.252157274030E+02  0.100000000000E+01
 -0.815487772500E+01 -0.347211423850E+02  0.252157274030E+02  0.707107141333E+00
 -0.815487772500E+01 -0.347211423850E+02  0.252157274030E+02  0.100000000000E+01
 -0.805592605000E+01 -0.341545616540E+02  0.248525034990E+02  0.100000000000E+01
 -0.862068581500E+01 -0.342434384440E+02  0.242460049290E+02  0.707107160708E+00
 -0.875648456900E+01 -0.349545010880E+02  0.246878239360E+02  0.100000000000E+01
 -0.874205244300E+01 -0.354623240710E+02  0.251379497490E+02  0.707106558447E+00
 -0.822794049000E+01 -0.351394872570E+02  0.254839198830E+02  0.100000000000E+01
 -0.766052406700E+01 -0.352217492430E+02  0.254816888030E+02  0.707106383399E+00
 -0.740781811500E+01 -0.348466205670E+02  0.252235153120E+02  0.100000000000E+01
 -0.746604201700E+01 -0.343435489750E+02  0.249148080680E+02  0.707107141333E+00
 -0.805592605000E+01 -0.341545616540E+02  0.248525034990E+02  0.100000000000E+01
 -0.800280279100E+01 -0.348736355220E+02  0.250166897400E+02  0.100000000000E+01
 -0.800280279100E+01 -0.348736355220E+02  0.250166897400E+02  0.707107311154E+00
 -0.800280279100E+01 -0.348736355220E+02  0.250166897400E+02  0.100000000000E+01
 -0.800280279100E+01 -0.348736355220E+02  0.250166897400E+02  0.707106220460E+00
 -0.800280279100E+01 -0.348736355220E+02  0.250166897400E+02  0.100000000000E+01
 -0.800280279100E+01 -0.348736355220E+02  0.250166897400E+02  0.707106048227E+00
 -0.800280279100E+01 -0.348736355220E+02  0.250166897400E+02  0.100000000000E+01
 -0.800280279100E+01 -0.348736355220E+02  0.250166897400E+02  0.707107317405E+00
 -0.800280279100E+01 -0.348736355220E+02  0.250166897400E+02  0.100000000000E+01
 -0.791863212000E+01 -0.343004021070E+02  0.246459236940E+02  0.100000000000E+01
 -0.845123011800E+01 -0.344466420940E+02  0.240877513320E+02  0.707107311154E+00
 -0.854869734100E+01 -0.351144495860E+02  0.245204420900E+02  0.100000000000E+01
 -0.852825681500E+01 -0.355842007380E+02  0.249384706860E+02  0.707106220460E+00
 -0.806357097400E+01 -0.352874869080E+02  0.252843683180E+02  0.100000000000E+01
 -0.755397901800E+01 -0.352832523500E+02  0.253521838130E+02  0.707106048227E+00
 -0.738903215800E+01 -0.348981485820E+02  0.251181260280E+02  0.100000000000E+01
 -0.736919194200E+01 -0.344226541710E+02  0.248036489730E+02  0.707107317405E+00
 -0.791863212000E+01 -0.343004021070E+02  0.246459236940E+02  0.100000000000E+01
 -0.783062887700E+01 -0.350188440560E+02  0.248289131780E+02  0.100000000000E+01
 -0.783062887700E+01 -0.350188440560E+02  0.248289131780E+02  0.707106887289E+00
 -0.783062887700E+01 -0.350188440560E+02  0.248289131780E+02  0.100000000000E+01
 -0.783062887700E+01 -0.350188440560E+02  0.248289131780E+02  0.707107218002E+00
 -0.783062887700E+01 -0.350188440560E+02  0.248289131780E+02  0.100000000000E+01
 -0.783062887700E+01 -0.350188440560E+02  0.248289131780E+02  0.707106764627E+00
 -0.783062887700E+01 -0.350188440560E+02  0.248289131780E+02  0.100000000000E+01
 -0.783062887700E+01 -0.350188440560E+02  0.248289131780E+02  0.707106592480E+00
 -0.783062887700E+01 -0.350188440560E+02  0.248289131780E+02  0.100000000000E+01
 -0.776087345200E+01 -0.344395381180E+02  0.244487030410E+02  0.100000000000E+01
 -0.828679853200E+01 -0.346244698360E+02  0.238804881920E+02  0.707106887289E+00
 -0.834344624300E+01 -0.352781581640E+02  0.243397253960E+02  0.100000000000E+01
 -0.831383148000E+01 -0.357421095070E+02  0.247612617800E+02  0.707107218002E+00
 -0.788098556300E+01 -0.354370481510E+02  0.251033876050E+02  0.100000000000E+01
 -0.743601679400E+01 -0.353475960470E+02  0.252188100390E+02  0.707106764627E+00
 -0.731237564700E+01 -0.349682400860E+02  0.250010978520E+02  0.100000000000E+01
 -0.725907259800E+01 -0.344998025210E+02  0.246924092100E+02  0.707106592480E+00
 -0.776087345200E+01 -0.344395381180E+02  0.244487030410E+02  0.100000000000E+01
 -0.763873867200E+01 -0.351553584000E+02  0.246541813700E+02  0.100000000000E+01
 -0.763873867200E+01 -0.351553584000E+02  0.246541813700E+02  0.707107457746E+00
 -0.763873867200E+01 -0.351553584000E+02  0.246541813700E+02  0.100000000000E+01
 -0.763873867200E+01 -0.351553584000E+02  0.246541813700E+02  0.707106250005E+00
 -0.763873867200E+01 -0.351553584000E+02  0.246541813700E+02  0.100000000000E+01
 -0.763873867200E+01 -0.351553584000E+02  0.246541813700E+02  0.707105816082E+00
 -0.763873867200E+01 -0.351553584000E+02  0.246541813700E+02  0.100000000000E+01
 -0.763873867200E+01 -0.351553584000E+02  0.246541813700E+02  0.707107618896E+00
 -0.763873867200E+01 -0.351553584000E+02  0.246541813700E+02  0.100000000000E+01
 -0.758104483100E+01 -0.345549706540E+02  0.242517317000E+02  0.100000000000E+01
 -0.810576301800E+01 -0.347812809020E+02  0.236639815880E+02  0.707107457746E+00
 -0.815005198200E+01 -0.354498813850E+02  0.241414993630E+02  0.100000000000E+01
 -0.811363602000E+01 -0.359297072610E+02  0.245844588950E+02  0.707106250005E+00
 -0.767880378300E+01 -0.355722927740E+02  0.249336590390E+02  0.100000000000E+01
 -0.728486543600E+01 -0.354239225160E+02  0.251041621710E+02  0.707105816082E+00
 -0.719488924600E+01 -0.350423975050E+02  0.248863267540E+02  0.100000000000E+01
 -0.713745170100E+01 -0.345771364030E+02  0.245835049290E+02  0.707107618896E+00
 -0.758104483100E+01 -0.345549706540E+02  0.242517317000E+02  0.100000000000E+01
 -0.742939588000E+01 -0.352825982150E+02  0.244929823800E+02  0.100000000000E+01
 -0.742939588000E+01 -0.352825982150E+02  0.244929823800E+02  0.707106681991E+00
 -0.742939588000E+01 -0.352825982150E+02  0.244929823800E+02  0.100000000000E+01
 -0.742939588000E+01 -0.352825982150E+02  0.244929823800E+02  0.707105627867E+00
 -0.742939588000E+01 -0.352825982150E+02  0.244929823800E+02  0.100000000000E+01
 -0.742939588000E+01 -0.352825982150E+02  0.244929823800E+02  0.707106708481E+00
 -0.742939588000E+01 -0.352825982150E+02  0.244929823800E+02  0.100000000000E+01
 -0.742939588000E+01 -0.352825982150E+02  0.244929823800E+02  0.707107951267E+00
 -0.742939588000E+01 -0.352825982150E+02  0.244929823800E+02  0.100000000000E+01
 -0.738355042900E+01 -0.346663473330E+02  0.240684751350E+02  0.100000000000E+01
 -0.790730193900E+01 -0.349144723950E+02  0.234549286090E+02  0.707106681991E+00
 -0.795647519500E+01 -0.356200788680E+02  0.239461442120E+02  0.100000000000E+01
 -0.788667134700E+01 -0.360584765640E+02  0.244071422590E+02  0.707105627867E+00
 -0.745997853700E+01 -0.356936896020E+02  0.247761671330E+02  0.100000000000E+01
 -0.712928710800E+01 -0.354889091470E+02  0.249800041070E+02  0.707106708481E+00
 -0.705594011000E+01 -0.351169789970E+02  0.247737385010E+02  0.100000000000E+01
 -0.701261786000E+01 -0.346607828420E+02  0.244697445100E+02  0.707107951267E+00
 -0.738355042900E+01 -0.346663473330E+02  0.240684751350E+02  0.100000000000E+01
 -0.720654608100E+01 -0.354013479160E+02  0.243438064290E+02  0.100000000000E+01
 -0.720654608100E+01 -0.354013479160E+02  0.243438064290E+02  0.707106435168E+00
 -0.720654608100E+01 -0.354013479160E+02  0.243438064290E+02  0.100000000000E+01
 -0.720654608100E+01 -0.354013479160E+02  0.243438064290E+02  0.707106827155E+00
 -0.720654608100E+01 -0.354013479160E+02  0.243438064290E+02  0.100000000000E+01
 -0.720654608100E+01 -0.354013479160E+02  0.243438064290E+02  0.707107430185E+00
 -0.720654608100E+01 -0.354013479160E+02  0.243438064290E+02  0.100000000000E+01
 -0.720654608100E+01 -0.354013479160E+02  0.243438064290E+02  0.707106432238E+00
 -0.720654608100E+01 -0.354013479160E+02  0.243438064290E+02  0.100000000000E+01
 -0.717197686800E+01 -0.347748608670E+02  0.238982261740E+02  0.100000000000E+01
 -0.770525991200E+01 -0.350590940830E+02  0.232819518860E+02  0.707106435168E+00
 -0.774433058800E+01 -0.357681568380E+02  0.237863508910E+02  0.100000000000E+01
 -0.764591083400E+01 -0.361786087150E+02  0.242697139480E+02  0.707106827155E+00
 -0.722747455100E+01 -0.357806222040E+02  0.246135609430E+02  0.100000000000E+01
 -0.696052593900E+01 -0.355568023640E+02  0.248569446530E+02  0.707107430185E+00
 -0.690861818600E+01 -0.351981390880E+02  0.246526333820E+02  0.100000000000E+01
 -0.687501370800E+01 -0.347508740600E+02  0.243486334700E+02  0.707106432238E+00
 -0.717197686800E+01 -0.347748608670E+02  0.238982261740E+02  0.100000000000E+01
 -0.697505977800E+01 -0.355138346240E+02  0.242031148670E+02  0.100000000000E+01
 -0.697505977800E+01 -0.355138346240E+02  0.242031148670E+02  0.707106403106E+00
 -0.697505977800E+01 -0.355138346240E+02  0.242031148670E+02  0.100000000000E+01
 -0.697505977800E+01 -0.355138346240E+02  0.242031148670E+02  0.707107523154E+00
 -0.697505977800E+01 -0.355138346240E+02  0.242031148670E+02  0.100000000000E+01
 -0.697505977800E+01 -0.355138346240E+02  0.242031148670E+02  0.707107577716E+00
 -0.697505977800E+01 -0.355138346240E+02  0.242031148670E+02  0.100000000000E+01
 -0.697505977800E+01 -0.355138346240E+02  0.242031148670E+02  0.707105620768E+00
 -0.697505977800E+01 -0.355138346240E+02  0.242031148670E+02  0.100000000000E+01
 -0.695209434500E+01 -0.349013274900E+02  0.237522009480E+02  0.100000000000E+01
 -0.747711384900E+01 -0.351981114710E+02  0.230989103430E+02  0.707106403106E+00
 -0.750250308500E+01 -0.359159860190E+02  0.236299836370E+02  0.100000000000E+01
 -0.738612318000E+01 -0.363156310340E+02  0.241470421800E+02  0.707107523154E+00
 -0.698902123500E+01 -0.358861918170E+02  0.244772353170E+02  0.100000000000E+01
 -0.676795793300E+01 -0.356365683100E+02  0.246526067670E+02  0.707107577716E+00
 -0.670609519800E+01 -0.353087630030E+02  0.244953787110E+02  0.100000000000E+01
 -0.666603743600E+01 -0.348595824140E+02  0.242040863920E+02  0.707105620768E+00
 -0.695209434500E+01 -0.349013274900E+02  0.237522009480E+02  0.100000000000E+01
 -0.673987999600E+01 -0.356232176800E+02  0.240661227110E+02  0.100000000000E+01
 -0.673987999600E+01 -0.356232176800E+02  0.240661227110E+02  0.707107115972E+00
 -0.673987999600E+01 -0.356232176800E+02  0.240661227110E+02  0.100000000000E+01
 -0.673987999600E+01 -0.356232176800E+02  0.240661227110E+02  0.707107507188E+00
 -0.673987999600E+01 -0.356232176800E+02  0.240661227110E+02  0.100000000000E+01
 -0.673987999600E+01 -0.356232176800E+02  0.240661227110E+02  0.707106335101E+00
 -0.673987999600E+01 -0.356232176800E+02  0.240661227110E+02  0.100000000000E+01
 -0.673987999600E+01 -0.356232176800E+02  0.240661227110E+02  0.707106166485E+00
 -0.673987999600E+01 -0.356232176800E+02  0.240661227110E+02  0.100000000000E+01
 -0.672793962200E+01 -0.350244719100E+02  0.236097029430E+02  0.100000000000E+01
 -0.726218517400E+01 -0.353255847380E+02  0.229267157070E+02  0.707107115972E+00
 -0.726993946400E+01 -0.360508993140E+02  0.234912082760E+02  0.100000000000E+01
 -0.714601398700E+01 -0.364690624620E+02  0.240384541320E+02  0.707107507188E+00
 -0.674682644900E+01 -0.359715401570E+02  0.243316445840E+02  0.100000000000E+01
 -0.655220430700E+01 -0.357284735230E+02  0.244741884040E+02  0.707106335101E+00
 -0.650706636200E+01 -0.354353716320E+02  0.243186367980E+02  0.100000000000E+01
 -0.645218669600E+01 -0.349798533110E+02  0.240505099400E+02  0.707106166485E+00
 -0.672793962200E+01 -0.350244719100E+02  0.236097029430E+02  0.100000000000E+01
 -0.650337507500E+01 -0.357312459240E+02  0.239303424880E+02  0.100000000000E+01
 -0.650337507500E+01 -0.357312459240E+02  0.239303424880E+02  0.707107067868E+00
 -0.650337507500E+01 -0.357312459240E+02  0.239303424880E+02  0.100000000000E+01
 -0.650337507500E+01 -0.357312459240E+02  0.239303424880E+02  0.707107702291E+00
 -0.650337507500E+01 -0.357312459240E+02  0.239303424880E+02  0.100000000000E+01
 -0.650337507500E+01 -0.357312459240E+02  0.239303424880E+02  0.707106273828E+00
 -0.650337507500E+01 -0.357312459240E+02  0.239303424880E+02  0.100000000000E+01
 -0.650337507500E+01 -0.357312459240E+02  0.239303424880E+02  0.707106080761E+00
 -0.650337507500E+01 -0.357312459240E+02  0.239303424880E+02  0.100000000000E+01
 -0.650162280700E+01 -0.351121378690E+02  0.234412976880E+02  0.100000000000E+01
 -0.704860023600E+01 -0.354709480860E+02  0.227636331160E+02  0.707107067868E+00
 -0.701584980200E+01 -0.361681084950E+02  0.233754573570E+02  0.100000000000E+01
 -0.688673646600E+01 -0.365507588770E+02  0.239069127240E+02  0.707107702291E+00
 -0.650431968100E+01 -0.360650055950E+02  0.241939830500E+02  0.100000000000E+01
 -0.632800470500E+01 -0.358286567860E+02  0.243164892260E+02  0.707106273828E+00
 -0.629379015200E+01 -0.355525852290E+02  0.241572707410E+02  0.100000000000E+01
 -0.623850761200E+01 -0.350942608690E+02  0.238902671970E+02  0.707106080761E+00
 -0.650162280700E+01 -0.351121378690E+02  0.234412976880E+02  0.100000000000E+01
 -0.626476254900E+01 -0.358374101460E+02  0.237968014410E+02  0.100000000000E+01
 -0.626476254900E+01 -0.358374101460E+02  0.237968014410E+02  0.707107128473E+00
 -0.626476254900E+01 -0.358374101460E+02  0.237968014410E+02  0.100000000000E+01
 -0.626476254900E+01 -0.358374101460E+02  0.237968014410E+02  0.707106840268E+00
 -0.626476254900E+01 -0.358374101460E+02  0.237968014410E+02  0.100000000000E+01
 -0.626476254900E+01 -0.358374101460E+02  0.237968014410E+02  0.707105845666E+00
 -0.626476254900E+01 -0.358374101460E+02  0.237968014410E+02  0.100000000000E+01
 -0.626476254900E+01 -0.358374101460E+02  0.237968014410E+02  0.707107310340E+00
 -0.626476254900E+01 -0.358374101460E+02  0.237968014410E+02  0.100000000000E+01
 -0.627324933200E+01 -0.351997517520E+02  0.232741335450E+02  0.100000000000E+01
 -0.681296414900E+01 -0.355954293390E+02  0.226080296090E+02  0.707107128473E+00
 -0.677430452100E+01 -0.363009684440E+02  0.232395294380E+02  0.100000000000E+01
 -0.661909706200E+01 -0.366128567500E+02  0.237696977610E+02  0.707106840268E+00
 -0.626036049200E+01 -0.361681449200E+02  0.240678930300E+02  0.100000000000E+01
 -0.608686030200E+01 -0.359265659980E+02  0.241910347000E+02  0.707105845666E+00
 -0.605926438400E+01 -0.356504571190E+02  0.240215478020E+02  0.100000000000E+01
 -0.599343048300E+01 -0.351509350110E+02  0.237438326700E+02  0.707107310340E+00
 -0.627324933200E+01 -0.351997517520E+02  0.232741335450E+02  0.100000000000E+01
 -0.602323854600E+01 -0.359411278600E+02  0.236666182950E+02  0.100000000000E+01
 -0.602323854600E+01 -0.359411278600E+02  0.236666182950E+02  0.707106775910E+00
 -0.602323854600E+01 -0.359411278600E+02  0.236666182950E+02  0.100000000000E+01
 -0.602323854600E+01 -0.359411278600E+02  0.236666182950E+02  0.707106712683E+00
 -0.602323854600E+01 -0.359411278600E+02  0.236666182950E+02  0.100000000000E+01
 -0.602323854600E+01 -0.359411278600E+02  0.236666182950E+02  0.707106807548E+00
 -0.602323854600E+01 -0.359411278600E+02  0.236666182950E+02  0.100000000000E+01
 -0.602323854600E+01 -0.359411278600E+02  0.236666182950E+02  0.707106828605E+00
 -0.602323854600E+01 -0.359411278600E+02  0.236666182950E+02  0.100000000000E+01
 -0.604190576500E+01 -0.352799155220E+02  0.231033472680E+02  0.100000000000E+01
 -0.655758977600E+01 -0.357321382810E+02  0.224859457660E+02  0.707106775910E+00
 -0.650905085500E+01 -0.364166597910E+02  0.231245012870E+02  0.100000000000E+01
 -0.635954172300E+01 -0.367192417300E+02  0.236497225480E+02  0.707106712683E+00
 -0.601361839400E+01 -0.362818889030E+02  0.239569047860E+02  0.100000000000E+01
 -0.583730142000E+01 -0.360268687220E+02  0.240878483950E+02  0.707106807548E+00
 -0.581345750700E+01 -0.357357857810E+02  0.239007127850E+02  0.100000000000E+01
 -0.576453032500E+01 -0.352390964700E+02  0.235970301020E+02  0.707106828605E+00
 -0.604190576500E+01 -0.352799155220E+02  0.231033472680E+02  0.100000000000E+01
 -0.577822483200E+01 -0.360419151200E+02  0.235407294890E+02  0.100000000000E+01
 -0.577822483200E+01 -0.360419151200E+02  0.235407294890E+02  0.707106784981E+00
 -0.577822483200E+01 -0.360419151200E+02  0.235407294890E+02  0.100000000000E+01
 -0.577822483200E+01 -0.360419151200E+02  0.235407294890E+02  0.707107333102E+00
 -0.577822483200E+01 -0.360419151200E+02  0.235407294890E+02  0.100000000000E+01
 -0.577822483200E+01 -0.360419151200E+02  0.235407294890E+02  0.707106973589E+00
 -0.577822483200E+01 -0.360419151200E+02  0.235407294890E+02  0.100000000000E+01
 -0.577822483200E+01 -0.360419151200E+02  0.235407294890E+02  0.707106033073E+00
 -0.577822483200E+01 -0.360419151200E+02  0.235407294890E+02  0.100000000000E+01
 -0.580553725900E+01 -0.353879529370E+02  0.229608041960E+02  0.100000000000E+01
 -0.627687388800E+01 -0.358792693010E+02  0.224130144630E+02  0.707106784981E+00
 -0.625680573400E+01 -0.365491687330E+02  0.229912561580E+02  0.100000000000E+01
 -0.611328477300E+01 -0.368811746920E+02  0.235449239730E+02  0.707107333102E+00
 -0.576306395500E+01 -0.364049284780E+02  0.238626440360E+02  0.100000000000E+01
 -0.558751018100E+01 -0.361198592720E+02  0.239846802170E+02  0.707106973589E+00
 -0.557055460000E+01 -0.358218038530E+02  0.237791622340E+02  0.100000000000E+01
 -0.554769641200E+01 -0.353495862580E+02  0.234455463040E+02  0.707106033073E+00
 -0.580553725900E+01 -0.353879529370E+02  0.229608041960E+02  0.100000000000E+01
 -0.552936335300E+01 -0.361393884480E+02  0.234198833610E+02  0.100000000000E+01
 -0.552936335300E+01 -0.361393884480E+02  0.234198833610E+02  0.707106555004E+00
 -0.552936335300E+01 -0.361393884480E+02  0.234198833610E+02  0.100000000000E+01
 -0.552936335300E+01 -0.361393884480E+02  0.234198833610E+02  0.707107033892E+00
 -0.552936335300E+01 -0.361393884480E+02  0.234198833610E+02  0.100000000000E+01
 -0.552936335300E+01 -0.361393884480E+02  0.234198833610E+02  0.707107378776E+00
 -0.552936335300E+01 -0.361393884480E+02  0.234198833610E+02  0.100000000000E+01
 -0.552936335300E+01 -0.361393884480E+02  0.234198833610E+02  0.707106157073E+00
 -0.552936335300E+01 -0.361393884480E+02  0.234198833610E+02  0.100000000000E+01
 -0.556120718200E+01 -0.355475440990E+02  0.228726894850E+02  0.100000000000E+01
 -0.601712538500E+01 -0.360128434850E+02  0.222814923530E+02  0.707106555004E+00
 -0.599744182400E+01 -0.366792140640E+02  0.228632490940E+02  0.100000000000E+01
 -0.585978496600E+01 -0.370261418040E+02  0.234367016810E+02  0.707107033892E+00
 -0.550910151700E+01 -0.365159666670E+02  0.237680511240E+02  0.100000000000E+01
 -0.533121195200E+01 -0.362078433090E+02  0.238961622190E+02  0.707107378776E+00
 -0.532584199500E+01 -0.359046724770E+02  0.236619090640E+02  0.100000000000E+01
 -0.530707059300E+01 -0.354601728280E+02  0.233415987620E+02  0.707106157073E+00
 -0.556120718200E+01 -0.355475440990E+02  0.228726894850E+02  0.100000000000E+01
 -0.527649298400E+01 -0.362332632240E+02  0.233046429300E+02  0.100000000000E+01
 -0.527649298400E+01 -0.362332632240E+02  0.233046429300E+02  0.707106490107E+00
 -0.527649298400E+01 -0.362332632240E+02  0.233046429300E+02  0.100000000000E+01
 -0.527649298400E+01 -0.362332632240E+02  0.233046429300E+02  0.707107787533E+00
 -0.527649298400E+01 -0.362332632240E+02  0.233046429300E+02  0.100000000000E+01
 -0.527649298400E+01 -0.362332632240E+02  0.233046429300E+02  0.707107832601E+00
 -0.527649298400E+01 -0.362332632240E+02  0.233046429300E+02  0.100000000000E+01
 -0.527649298400E+01 -0.362332632240E+02  0.233046429300E+02  0.707104989426E+00
 -0.527649298400E+01 -0.362332632240E+02  0.233046429300E+02  0.100000000000E+01
 -0.531012448700E+01 -0.357103208390E+02  0.227998511340E+02  0.100000000000E+01
 -0.577050400400E+01 -0.361444722280E+02  0.221830277710E+02  0.707106490107E+00
 -0.575680582200E+01 -0.367968385640E+02  0.227528050460E+02  0.100000000000E+01
 -0.561685710100E+01 -0.371709795940E+02  0.233598080490E+02  0.707107787533E+00
 -0.525154030700E+01 -0.366212618150E+02  0.236791730840E+02  0.100000000000E+01
 -0.511348518700E+01 -0.362795379240E+02  0.238093916280E+02  0.707107832601E+00
 -0.511546673500E+01 -0.359724855720E+02  0.235640718950E+02  0.100000000000E+01
 -0.511532031300E+01 -0.355723795660E+02  0.232522509790E+02  0.707104989426E+00
 -0.531012448700E+01 -0.357103208390E+02  0.227998511340E+02  0.100000000000E+01
 -0.501961573800E+01 -0.363233482050E+02  0.231953968450E+02  0.100000000000E+01
 -0.501961573800E+01 -0.363233482050E+02  0.231953968450E+02  0.707107025739E+00
 -0.501961573800E+01 -0.363233482050E+02  0.231953968450E+02  0.100000000000E+01
 -0.501961573800E+01 -0.363233482050E+02  0.231953968450E+02  0.707107313996E+00
 -0.501961573800E+01 -0.363233482050E+02  0.231953968450E+02  0.100000000000E+01
 -0.501961573800E+01 -0.363233482050E+02  0.231953968450E+02  0.707106478424E+00
 -0.501961573800E+01 -0.363233482050E+02  0.231953968450E+02  0.100000000000E+01
 -0.501961573800E+01 -0.363233482050E+02  0.231953968450E+02  0.707106184340E+00
 -0.501961573800E+01 -0.363233482050E+02  0.231953968450E+02  0.100000000000E+01
 -0.505368306900E+01 -0.358585612690E+02  0.227264013630E+02  0.100000000000E+01
 -0.553188824500E+01 -0.362343567270E+02  0.220285547810E+02  0.707107025739E+00
 -0.552585096900E+01 -0.369279352070E+02  0.226330065660E+02  0.100000000000E+01
 -0.537055648600E+01 -0.372890248050E+02  0.232717163770E+02  0.707107313996E+00
 -0.499149545400E+01 -0.367069979480E+02  0.235825183530E+02  0.100000000000E+01
 -0.489311620500E+01 -0.363430438200E+02  0.237349042520E+02  0.707106478424E+00
 -0.490242875500E+01 -0.360311375030E+02  0.234764740520E+02  0.100000000000E+01
 -0.492206361700E+01 -0.356858214610E+02  0.231516157600E+02  0.707106184340E+00
 -0.505368306900E+01 -0.358585612690E+02  0.227264013630E+02  0.100000000000E+01
 -0.475885867700E+01 -0.364095366770E+02  0.230923768870E+02  0.100000000000E+01
 -0.475885867700E+01 -0.364095366770E+02  0.230923768870E+02  0.707107005608E+00
 -0.475885867700E+01 -0.364095366770E+02  0.230923768870E+02  0.100000000000E+01
 -0.475885867700E+01 -0.364095366770E+02  0.230923768870E+02  0.707107821794E+00
 -0.475885867700E+01 -0.364095366770E+02  0.230923768870E+02  0.100000000000E+01
 -0.475885867700E+01 -0.364095366770E+02  0.230923768870E+02  0.707106776584E+00
 -0.475885867700E+01 -0.364095366770E+02  0.230923768870E+02  0.100000000000E+01
 -0.475885867700E+01 -0.364095366770E+02  0.230923768870E+02  0.707105345884E+00
 -0.475885867700E+01 -0.364095366770E+02  0.230923768870E+02  0.100000000000E+01
 -0.479506929500E+01 -0.359614518160E+02  0.226192412600E+02  0.100000000000E+01
 -0.527284839900E+01 -0.363472507900E+02  0.219348596640E+02  0.707107005608E+00
 -0.527297371800E+01 -0.370338020400E+02  0.225405100950E+02  0.100000000000E+01
 -0.511411006800E+01 -0.373701131710E+02  0.231780971810E+02  0.707107821794E+00
 -0.472805128600E+01 -0.367907627600E+02  0.234949126060E+02  0.100000000000E+01
 -0.467970742800E+01 -0.364150984230E+02  0.236426140500E+02  0.707106776584E+00
 -0.469561091400E+01 -0.361032270040E+02  0.233776304180E+02  0.100000000000E+01
 -0.472356778000E+01 -0.358030039190E+02  0.230350641630E+02  0.707105345884E+00
 -0.479506929500E+01 -0.359614518160E+02  0.226192412600E+02  0.100000000000E+01
 -0.449443642000E+01 -0.364917952090E+02  0.229956797860E+02  0.100000000000E+01
 -0.449443642000E+01 -0.364917952090E+02  0.229956797860E+02  0.707106602194E+00
 -0.449443642000E+01 -0.364917952090E+02  0.229956797860E+02  0.100000000000E+01
 -0.449443642000E+01 -0.364917952090E+02  0.229956797860E+02  0.707106334897E+00
 -0.449443642000E+01 -0.364917952090E+02  0.229956797860E+02  0.100000000000E+01
 -0.449443642000E+01 -0.364917952090E+02  0.229956797860E+02  0.707106801214E+00
 -0.449443642000E+01 -0.364917952090E+02  0.229956797860E+02  0.100000000000E+01
 -0.449443642000E+01 -0.364917952090E+02  0.229956797860E+02  0.707107374147E+00
 -0.449443642000E+01 -0.364917952090E+02  0.229956797860E+02  0.100000000000E+01
 -0.453055774700E+01 -0.360763074860E+02  0.225361892210E+02  0.100000000000E+01
 -0.500244035800E+01 -0.364582311360E+02  0.218647811370E+02  0.707106602194E+00
 -0.501454990300E+01 -0.371324585500E+02  0.224572568610E+02  0.100000000000E+01
 -0.485763273400E+01 -0.374884110450E+02  0.231237030460E+02  0.707106334897E+00
 -0.446169097100E+01 -0.368684472230E+02  0.234122231340E+02  0.100000000000E+01
 -0.446399151100E+01 -0.364823153940E+02  0.235432874420E+02  0.707106801214E+00
 -0.448643903400E+01 -0.361790914550E+02  0.232778080080E+02  0.100000000000E+01
 -0.451180167700E+01 -0.359194958100E+02  0.229408513360E+02  0.707107374147E+00
 -0.453055774700E+01 -0.360763074860E+02  0.225361892210E+02  0.100000000000E+01
 -0.422661846800E+01 -0.365701509490E+02  0.229052912490E+02  0.100000000000E+01
 -0.422661846800E+01 -0.365701509490E+02  0.229052912490E+02  0.707107380188E+00
 -0.422661846800E+01 -0.365701509490E+02  0.229052912490E+02  0.100000000000E+01
 -0.422661846800E+01 -0.365701509490E+02  0.229052912490E+02  0.707107577476E+00
 -0.422661846800E+01 -0.365701509490E+02  0.229052912490E+02  0.100000000000E+01
 -0.422661846800E+01 -0.365701509490E+02  0.229052912490E+02  0.707106171924E+00
 -0.422661846800E+01 -0.365701509490E+02  0.229052912490E+02  0.100000000000E+01
 -0.422661846800E+01 -0.365701509490E+02  0.229052912490E+02  0.707105621593E+00
 -0.422661846800E+01 -0.365701509490E+02  0.229052912490E+02  0.100000000000E+01
 -0.425983933000E+01 -0.362081611400E+02  0.224856822130E+02  0.100000000000E+01
 -0.473726859500E+01 -0.365517750190E+02  0.217697524950E+02  0.707107380188E+00
 -0.477179422700E+01 -0.372492915730E+02  0.223625676140E+02  0.100000000000E+01
 -0.460771100800E+01 -0.376031428740E+02  0.230608625690E+02  0.707107577476E+00
 -0.419240755000E+01 -0.369429278780E+02  0.233374000730E+02  0.100000000000E+01
 -0.424761391300E+01 -0.365361773610E+02  0.235086212270E+02  0.707106171924E+00
 -0.428129708600E+01 -0.362015462560E+02  0.232276115490E+02  0.100000000000E+01
 -0.429978313000E+01 -0.359703161770E+02  0.228612654400E+02  0.707105621593E+00
 -0.425983933000E+01 -0.362081611400E+02  0.224856822130E+02  0.100000000000E+01
 -0.395570219700E+01 -0.366446789040E+02  0.228211097030E+02  0.100000000000E+01
 -0.395570219700E+01 -0.366446789040E+02  0.228211097030E+02  0.707107091466E+00
 -0.395570219700E+01 -0.366446789040E+02  0.228211097030E+02  0.100000000000E+01
 -0.395570219700E+01 -0.366446789040E+02  0.228211097030E+02  0.707107386722E+00
 -0.395570219700E+01 -0.366446789040E+02  0.228211097030E+02  0.100000000000E+01
 -0.395570219700E+01 -0.366446789040E+02  0.228211097030E+02  0.707106773869E+00
 -0.395570219700E+01 -0.366446789040E+02  0.228211097030E+02  0.100000000000E+01
 -0.395570219700E+01 -0.366446789040E+02  0.228211097030E+02  0.707105895603E+00
 -0.395570219700E+01 -0.366446789040E+02  0.228211097030E+02  0.100000000000E+01
 -0.398263797400E+01 -0.363029336810E+02  0.224221251670E+02  0.100000000000E+01
 -0.447131441600E+01 -0.366288981630E+02  0.216701667600E+02  0.707107091466E+00
 -0.453473991800E+01 -0.373547597320E+02  0.222519889040E+02  0.100000000000E+01
 -0.436137810600E+01 -0.377189203740E+02  0.229956478410E+02  0.707107386722E+00
 -0.392708128300E+01 -0.370078091100E+02  0.232450586720E+02  0.100000000000E+01
 -0.405781842400E+01 -0.365731901500E+02  0.235401585410E+02  0.707106773869E+00
 -0.410573295000E+01 -0.361827503960E+02  0.232268995900E+02  0.100000000000E+01
 -0.409131758300E+01 -0.360099468850E+02  0.227919617240E+02  0.707105895603E+00
 -0.398263797400E+01 -0.363029336810E+02  0.224221251670E+02  0.100000000000E+01
           1
           2
           3
           4
           5
           6
           7
           8
           9
          10
          11
          12
          13
          14
          15
          16
          17
          18
          19
          20
          21
          22
          23
          24
          25
          26
          27
          28
          29
          30
          31
          32
          33
          34
          35
          36
          37
          38
          39
          40
          41
          42
          43
          44
          45
          46
          47
          48
          49
          50
          51
          52
          53
          54
          55
          56
          57
          58
          59
          60
          61
          62
          63
          64
          65
          66
          67
          68
          69
          70
          71
          72
          73
          74
          75
          76
          77
          78
          79
          80
          81
          82
          83
          84
          85
          86
          87
          88
          89
          90
          91
          92
          93
          94
          95
          96
          97
          98
          99
         100
         101
         102
         103
         104
         105
         106
         107
         108
         109
         110
         111
         112
         113
         114
         115
         116
         117
         118
         119
         120
         121
         122
         123
         124
         125
         126
         127
         128
         129
         130
         131
         132
         133
         134
         135
         136
         137
         138
         139
         140
         141
         142
         143
         144
         145
         146
         147
         148
         149
         150
         151
         152
         153
         154
         155
         156
         157
         158
         159
         160
         161
         162
         163
         164
         165
         166
         167
         168
         169
         170
         171
         172
         173
         174
         175
         176
         177
         178
         179
         180
         181
         182
         183
         184
         185
         186
         187
         188
         189
         190
         191
         192
         193
         194
         195
         196
         197
         198
         199
         200
         201
         202
         203
         204
         205
         206
         207
         208
         209
         210
         211
         212
         213
         214
         215
         216
         217
         218
         219
         220
         221
         222
         223
         224
         225
         226
         227
         228
         229
         230
         231
         232
         233
         234
         235
         236
         237
         238
         239
         240
         241
         242
         243
         244
         245
         246
         247
         248
         249
         250
         251
         252
         253
         254
         255
         256
         257
         258
         259
         260
         261
         262
         263
         264
         265
         266
         267
         268
         269
         270
         271
         272
         273
         274
         275
         276
         277
         278
         279
         280
         281
         282
         283
         284
         285
         286
         287
         288
         289
         290
         291
         292
         293
         294
         295
         296
         297
         298
         299
         300
         301
         302
         303
         304
         305
         306
         307
         308
         309
         310
         311
         312
         313
         314
         315
         316
         317
         318
         319
         320
         321
         322
         323
         324
         325
         326
         327
         328
         329
         330
         331
         332
         333
         334
         335
         336
         337
         338
         339
         340
         341
         342
         343
         344
         345
         346
         347
         348
         349
         350
         351
         352
         353
         354
         355
         356
         357
         358
         359
         360
 1 0 0
 0 0 0
 0 0 0
 0 0 0
 0 0 0
 0 0 0
 0 0 0
 0 0 0
 0 0 0
 0 0 0
 0 0 0
 0 0 0
 0 0 0
 0 0 0
 0 0 0
 0 0 0
 0 0 0
 0 0 0
 0 0 0
 0 0 0
 0 0 0
 0 0 0
 0 0 0
 0 0 0
 0 0 0
 0 0 0
 0 0 0
 0 0 0
 0 0 0
 0 0 0
 0 0 0
 0 0 0
 0 0 0
 0 0 0
 0 0 0
 0 0 0
 0 0 0
 0 0 0
 0 0 0
 0 0 0
 0 0 0
 0 0 0
 0 0 0
 0 0 0
 0 0 0
 0 0 0
 0 0 0
 0 0 0
 0 0 0
 0 0 0
 0 0 0
 0 0 0
 0 0 0
 0 0 0
 0 0 0
 0 0 0
 0 0 0
 0 0 0
 0 0 0
 0 0 0
 0 0 0
 0 0 0
 0 0 0
 0 0 0
 0 0 0
 0 0 0
 0 0 0
 0 0 0
 0 0 0
 0 0 0
 0 0 0
 0 0 0
 0 0 0
 0 0 0
 0 0 0
 0 0 0
 0 0 0
 0 0 0
 0 0 0
 0 0 0
 0 0 0
 0 0 0
 0 0 0
 0 0 0
 0 0 0
 0 0 0
 0 0 0
 0 0 0
 0 0 0
 0 0 0
 0 0 0
 0 0 0
 0 0 0
 0 0 0
 0 0 0
 0 0 0
 0 0 0
 0 0 0
 0 0 0
 0 0 0
 0 0 0
 0 0 0
 0 0 0
 0 0 0
 0 0 0
 0 0 0
 0 0 0
 0 0 0
 0 0 0
 0 0 0
 0 0 0
 0 0 0
 0 0 0
 0 0 0
 0 0 0
 0 0 0
 0 0 0
 0 0 0
 0 0 0
 0 0 0
 0 0 0
 0 0 0
 0 0 0
 0 0 0
 0 0 0
 0 0 0
 0 0 0
 0 0 0
 0 0 0
 0 0 0
 0 0 0
 0 0 0
 0 0 0
 0 0 0
 0 0 0
 0 0 0
 0 0 0
 0 0 0
 0 0 0
 0 0 0
 0 0 0
 0 0 0
 0 0 0
 0 0 0
 0 0 0
 0 0 0
 0 0 0
 0 0 0
 0 0 0
 0 0 0
 0 0 0
 0 0 0
 0 0 0
 0 0 0
 0 0 0
 0 0 0
 0 0 0
 0 0 0
 0 0 0
 0 0 0
 0 0 0
 0 0 0
 0 0 0
 0 0 0
 0 0 0
 0 0 0
 0 0 0
 0 0 0
 0 0 0
 0 0 0
 0 0 0
 0 0 0
 0 0 0
 0 0 0
 0 0 0
 0 0 0
 0 0 0
 0 0 0
 0 0 0
 0 0 0
 0 0 0
 0 0 0
 0 0 0
 0 0 0
 0 0 0
 0 0 0
 0 0 0
 0 0 0
 0 0 0
 0 0 0
 0 0 0
 0 0 0
 0 0 0
 0 0 0
 0 0 0
 0 0 0
 0 0 0
 0 0 0
 0 0 0
 0 0 0
 0 0 0
 0 0 0
 0 0 0
 0 0 0
 0 0 0
 0 0 0
 0 0 0
 0 0 0
 0 0 0
 0 0 0
 0 0 0
 0 0 0
 0 0 0
 0 0 0
 0 0 0
 0 0 0
 0 0 0
 0 0 0
 0 0 0
 0 0 0
 0 0 0
 0 0 0
 0 0 0
 0 0 0
 0 0 0
 0 0 0
 0 0 0
 0 0 0
 0 0 0
 0 0 0
 0 0 0
 0 0 0
 0 0 0
 0 0 0
 0 0 0
 0 0 0
 0 0 0
 0 0 0
 0 0 0
 0 0 0
 0 0 0
 0 0 0
 0 0 0
 0 0 0
 0 0 0
 0 0 0
 0 0 0
 0 0 0
 0 0 0
 0 0 0
 0 0 0
 0 0 0
 0 0 0
 0 0 0
 0 0 0
 0 0 0
 0 0 0
 0 0 0
 0 0 0
 0 0 0
 0 0 0
 0 0 0
 0 0 0
 0 0 0
 0 0 0
 0 0 0
 0 0 0
 0 0 0
 0 0 0
 0 0 0
 0 0 0
 0 0 0
 0 0 0
 0 0 0
 0 0 0
 0 0 0
 0 0 0
 0 0 0
 0 0 0
 0 0 0
 0 0 0
 0 0 0
 0 0 0
 0 0 0
 0 0 0
 0 0 0
 0 0 0
 0 0 0
 0 0 0
 0 0 0
 0 0 0
 0 0 0
 0 0 0
 0 0 0
 0 0 0
 0 0 0
 0 0 0
 0 0 0
 0 0 0
 0 0 0
 0 0 0
 0 0 0
 0 0 0
 0 0 0
 0 0 0
 0 0 0
 0 0 0
 0 0 0
 0 0 0
 0 0 0
 0 0 0
 0 0 0
 0 0 0
 0 0 0
 0 0 0
 0 0 0
 0 0 0
 0 0 0
 0 0 0
 0 0 0
 0 0 0
 0 0 0
 0 0 0
 0 0 0
 0 0 0
 0 0 0
 0 0 0
 0 0 0
 0 0 0
 0 0 0
 0 0 0
 0 0 0
 0 0 0
 0 0 0
 0 0 0
 0 0 0
 0 0 0
 0 0 0
 0 0 0
 0 0 0
 0 0 0
 0 0 0
 0 0 0
 0 0 0
 0 0 0
 0 0 0
 0 0 0
 0 0 0
 0 0 0
 0 0 0
 0 0 0
 0 0 0
 0 0 0
 0 0 0
 0 0 0
 0 0 0
 0 0 0
 0 0 0
 0 0 0
 0 0 0
 0 0 0
  0.000000000  0.000000000  0.000000000
  0.000000000  0.000000000  0.000000000
  0.000000000  0.000000000  0.000000000
  0.000000000  0.000000000  0.000000000
  0.000000000  0.000000000  0.000000000
  0.000000000  0.000000000  0.000000000
  0.000000000  0.000000000  0.000000000
  0.000000000  0.000000000  0.000000000
  0.000000000  0.000000000  0.000000000
  0.000000000  0.000000000  0.000000000
  0.000000000  0.000000000  0.000000000
  0.000000000  0.000000000  0.000000000
  0.000000000  0.000000000  0.000000000
  0.000000000  0.000000000  0.000000000
  0.000000000  0.000000000  0.000000000
  0.000000000  0.000000000  0.000000000
  0.000000000  0.000000000  0.000000000
  0.000000000  0.000000000  0.000000000
  0.000000000  0.000000000  0.000000000
  0.000000000  0.000000000  0.000000000
  0.000000000  0.000000000  0.000000000
  0.000000000  0.000000000  0.000000000
  0.000000000  0.000000000  0.000000000
  0.000000000  0.000000000  0.000000000
  0.000000000  0.000000000  0.000000000
  0.000000000  0.000000000  0.000000000
  0.000000000  0.000000000  0.000000000
  0.000000000  0.000000000  0.000000000
  0.000000000  0.000000000  0.000000000
  0.000000000  0.000000000  0.000000000
  0.000000000  0.000000000  0.000000000
  0.000000000  0.000000000  0.000000000
  0.000000000  0.000000000  0.000000000
  0.000000000  0.000000000  0.000000000
  0.000000000  0.000000000  0.000000000
  0.000000000  0.000000000  0.000000000
  0.000000000  0.000000000  0.000000000
  0.000000000  0.000000000  0.000000000
  0.000000000  0.000000000  0.000000000
  0.000000000  0.000000000  0.000000000
  0.000000000  0.000000000  0.000000000
  0.000000000  0.000000000  0.000000000
  0.000000000  0.000000000  0.000000000
  0.000000000  0.000000000  0.000000000
  0.000000000  0.000000000  0.000000000
  0.000000000  0.000000000  0.000000000
  0.000000000  0.000000000  0.000000000
  0.000000000  0.000000000  0.000000000
  0.000000000  0.000000000  0.000000000
  0.000000000  0.000000000  0.000000000
  0.000000000  0.000000000  0.000000000
  0.000000000  0.000000000  0.000000000
  0.000000000  0.000000000  0.000000000
  0.000000000  0.000000000  0.000000000
  0.000000000  0.000000000  0.000000000
  0.000000000  0.000000000  0.000000000
  0.000000000  0.000000000  0.000000000
  0.000000000  0.000000000  0.000000000
  0.000000000  0.000000000  0.000000000
  0.000000000  0.000000000  0.000000000
  0.000000000  0.000000000  0.000000000
  0.000000000  0.000000000  0.000000000
  0.000000000  0.000000000  0.000000000
  0.000000000  0.000000000  0.000000000
  0.000000000  0.000000000  0.000000000
  0.000000000  0.000000000  0.000000000
  0.000000000  0.000000000  0.000000000
  0.000000000  0.000000000  0.000000000
  0.000000000  0.000000000  0.000000000
  0.000000000  0.000000000  0.000000000
  0.000000000  0.000000000  0.000000000
  0.000000000  0.000000000  0.000000000
  0.000000000  0.000000000  0.000000000
  0.000000000  0.000000000  0.000000000
  0.000000000  0.000000000  0.000000000
  0.000000000  0.000000000  0.000000000
  0.000000000  0.000000000  0.000000000
  0.000000000  0.000000000  0.000000000
  0.000000000  0.000000000  0.000000000
  0.000000000  0.000000000  0.000000000
  0.000000000  0.000000000  0.000000000
  0.000000000  0.000000000  0.000000000
  0.000000000  0.000000000  0.000000000
  0.000000000  0.000000000  0.000000000
  0.000000000  0.000000000  0.000000000
  0.000000000  0.000000000  0.000000000
  0.000000000  0.000000000  0.000000000
  0.000000000  0.000000000  0.000000000
  0.000000000  0.000000000  0.000000000
  0.000000000  0.000000000  0.000000000
  0.000000000  0.000000000  0.000000000
  0.000000000  0.000000000  0.000000000
  0.000000000  0.000000000  0.000000000
  0.000000000  0.000000000  0.000000000
  0.000000000  0.000000000  0.000000000
  0.000000000  0.000000000  0.000000000
  0.000000000  0.000000000  0.000000000
  0.000000000  0.000000000  0.000000000
  0.000000000  0.000000000  0.000000000
  0.000000000  0.000000000  0.000000000
  0.000000000  0.000000000  0.000000000
  0.000000000  0.000000000  0.000000000
  0.000000000  0.000000000  0.000000000
  0.000000000  0.000000000  0.000000000
  0.000000000  0.000000000  0.000000000
  0.000000000  0.000000000  0.000000000
  0.000000000  0.000000000  0.000000000
  0.000000000  0.000000000  0.000000000
  0.000000000  0.000000000  0.000000000
  0.000000000  0.000000000  0.000000000
  0.000000000  0.000000000  0.000000000
  0.000000000  0.000000000  0.000000000
  0.000000000  0.000000000  0.000000000
  0.000000000  0.000000000  0.000000000
  0.000000000  0.000000000  0.000000000
  0.000000000  0.000000000  0.000000000
  0.000000000  0.000000000  0.000000000
  0.000000000  0.000000000  0.000000000
  0.000000000  0.000000000  0.000000000
  0.000000000  0.000000000  0.000000000
  0.000000000  0.000000000  0.000000000
  0.000000000  0.000000000  0.000000000
  0.000000000  0.000000000  0.000000000
  0.000000000  0.000000000  0.000000000
  0.000000000  0.000000000  0.000000000
  0.000000000  0.000000000  0.000000000
  0.000000000  0.000000000  0.000000000
  0.000000000  0.000000000  0.000000000
  0.000000000  0.000000000  0.000000000
  0.000000000  0.000000000  0.000000000
  0.000000000  0.000000000  0.000000000
  0.000000000  0.000000000  0.000000000
  0.000000000  0.000000000  0.000000000
  0.000000000  0.000000000  0.000000000
  0.000000000  0.000000000  0.000000000
  0.000000000  0.000000000  0.000000000
  0.000000000  0.000000000  0.000000000
  0.000000000  0.000000000  0.000000000
  0.000000000  0.000000000  0.000000000
  0.000000000  0.000000000  0.000000000
  0.000000000  0.000000000  0.000000000
  0.000000000  0.000000000  0.000000000
  0.000000000  0.000000000  0.000000000
  0.000000000  0.000000000  0.000000000
  0.000000000  0.000000000  0.000000000
  0.000000000  0.000000000  0.000000000
  0.000000000  0.000000000  0.000000000
  0.000000000  0.000000000  0.000000000
  0.000000000  0.000000000  0.000000000
  0.000000000  0.000000000  0.000000000
  0.000000000  0.000000000  0.000000000
  0.000000000  0.000000000  0.000000000
  0.000000000  0.000000000  0.000000000
  0.000000000  0.000000000  0.000000000
  0.000000000  0.000000000  0.000000000
  0.000000000  0.000000000  0.000000000
  0.000000000  0.000000000  0.000000000
  0.000000000  0.000000000  0.000000000
  0.000000000  0.000000000  0.000000000
  0.000000000  0.000000000  0.000000000
  0.000000000  0.000000000  0.000000000
  0.000000000  0.000000000  0.000000000
  0.000000000  0.000000000  0.000000000
  0.000000000  0.000000000  0.000000000
  0.000000000  0.000000000  0.000000000
  0.000000000  0.000000000  0.000000000
  0.000000000  0.000000000  0.000000000
  0.000000000  0.000000000  0.000000000
  0.000000000  0.000000000  0.000000000
  0.000000000  0.000000000  0.000000000
  0.000000000  0.000000000  0.000000000
  0.000000000  0.000000000  0.000000000
  0.000000000  0.000000000  0.000000000
  0.000000000  0.000000000  0.000000000
  0.000000000  0.000000000  0.000000000
  0.000000000  0.000000000  0.000000000
  0.000000000  0.000000000  0.000000000
  0.000000000  0.000000000  0.000000000
  0.000000000  0.000000000  0.000000000
  0.000000000  0.000000000  0.000000000
  0.000000000  0.000000000  0.000000000
  0.000000000  0.000000000  0.000000000
  0.000000000  0.000000000  0.000000000
  0.000000000  0.000000000  0.000000000
  0.000000000  0.000000000  0.000000000
  0.000000000  0.000000000  0.000000000
  0.000000000  0.000000000  0.000000000
  0.000000000  0.000000000  0.000000000
  0.000000000  0.000000000  0.000000000
  0.000000000  0.000000000  0.000000000
  0.000000000  0.000000000  0.000000000
  0.000000000  0.000000000  0.000000000
  0.000000000  0.000000000  0.000000000
  0.000000000  0.000000000  0.000000000
  0.000000000  0.000000000  0.000000000
  0.000000000  0.000000000  0.000000000
  0.000000000  0.000000000  0.000000000
  0.000000000  0.000000000  0.000000000
  0.000000000  0.000000000  0.000000000
  0.000000000  0.000000000  0.000000000
  0.000000000  0.000000000  0.000000000
  0.000000000  0.000000000  0.000000000
  0.000000000  0.000000000  0.000000000
  0.000000000  0.000000000  0.000000000
  0.000000000  0.000000000  0.000000000
  0.000000000  0.000000000  0.000000000
  0.000000000  0.000000000  0.000000000
  0.000000000  0.000000000  0.000000000
  0.000000000  0.000000000  0.000000000
  0.000000000  0.000000000  0.000000000
  0.000000000  0.000000000  0.000000000
  0.000000000  0.000000000  0.000000000
  0.000000000  0.000000000  0.000000000
  0.000000000  0.000000000  0.000000000
  0.000000000  0.000000000  0.000000000
  0.000000000  0.000000000  0.000000000
  0.000000000  0.000000000  0.000000000
  0.000000000  0.000000000  0.000000000
  0.000000000  0.000000000  0.000000000
  0.000000000  0.000000000  0.000000000
  0.000000000  0.000000000  0.000000000
  0.000000000  0.000000000  0.000000000
  0.000000000  0.000000000  0.000000000
  0.000000000  0.000000000  0.000000000
  0.000000000  0.000000000  0.000000000
  0.000000000  0.000000000  0.000000000
  0.000000000  0.000000000  0.000000000
  0.000000000  0.000000000  0.000000000
  0.000000000  0.000000000  0.000000000
  0.000000000  0.000000000  0.000000000
  0.000000000  0.000000000  0.000000000
  0.000000000  0.000000000  0.000000000
  0.000000000  0.000000000  0.000000000
  0.000000000  0.000000000  0.000000000
  0.000000000  0.000000000  0.000000000
  0.000000000  0.000000000  0.000000000
  0.000000000  0.000000000  0.000000000
  0.000000000  0.000000000  0.000000000
  0.000000000  0.000000000  0.000000000
  0.000000000  0.000000000  0.000000000
  0.000000000  0.000000000  0.000000000
  0.000000000  0.000000000  0.000000000
  0.000000000  0.000000000  0.000000000
  0.000000000  0.000000000  0.000000000
  0.000000000  0.000000000  0.000000000
  0.000000000  0.000000000  0.000000000
  0.000000000  0.000000000  0.000000000
  0.000000000  0.000000000  0.000000000
  0.000000000  0.000000000  0.000000000
  0.000000000  0.000000000  0.000000000
  0.000000000  0.000000000  0.000000000
  0.000000000  0.000000000  0.000000000
  0.000000000  0.000000000  0.000000000
  0.000000000  0.000000000  0.000000000
  0.000000000  0.000000000  0.000000000
  0.000000000  0.000000000  0.000000000
  0.000000000  0.000000000  0.000000000
  0.000000000  0.000000000  0.000000000
  0.000000000  0.000000000  0.000000000
  0.000000000  0.000000000  0.000000000
  0.000000000  0.000000000  0.000000000
  0.000000000  0.000000000  0.000000000
  0.000000000  0.000000000  0.000000000
  0.000000000  0.000000000  0.000000000
  0.000000000  0.000000000  0.000000000
  0.000000000  0.000000000  0.000000000
  0.000000000  0.000000000  0.000000000
  0.000000000  0.000000000  0.000000000
  0.000000000  0.000000000  0.000000000
  0.000000000  0.000000000  0.000000000
  0.000000000  0.000000000  0.000000000
  0.000000000  0.000000000  0.000000000
  0.000000000  0.000000000  0.000000000
  0.000000000  0.000000000  0.000000000
  0.000000000  0.000000000  0.000000000
  0.000000000  0.000000000  0.000000000
  0.000000000  0.000000000  0.000000000
  0.000000000  0.000000000  0.000000000
  0.000000000  0.000000000  0.000000000
  0.000000000  0.000000000  0.000000000
  0.000000000  0.000000000  0.000000000
  0.000000000  0.000000000  0.000000000
  0.000000000  0.000000000  0.000000000
  0.000000000  0.000000000  0.000000000
  0.000000000  0.000000000  0.000000000
  0.000000000  0.000000000  0.000000000
  0.000000000  0.000000000  0.000000000
  0.000000000  0.000000000  0.000000000
  0.000000000  0.000000000  0.000000000
  0.000000000  0.000000000  0.000000000
  0.000000000  0.000000000  0.000000000
  0.000000000  0.000000000  0.000000000
  0.000000000  0.000000000  0.000000000
  0.000000000  0.000000000  0.000000000
  0.000000000  0.000000000  0.000000000
  0.000000000  0.000000000  0.000000000
  0.000000000  0.000000000  0.000000000
  0.000000000  0.000000000  0.000000000
  0.000000000  0.000000000  0.000000000
  0.000000000  0.000000000  0.000000000
  0.000000000  0.000000000  0.000000000
  0.000000000  0.000000000  0.000000000
  0.000000000  0.000000000  0.000000000
  0.000000000  0.000000000  0.000000000
  0.000000000  0.000000000  0.000000000
  0.000000000  0.000000000  0.000000000
  0.000000000  0.000000000  0.000000000
  0.000000000  0.000000000  0.000000000
  0.000000000  0.000000000  0.000000000
  0.000000000  0.000000000  0.000000000
  0.000000000  0.000000000  0.000000000
  0.000000000  0.000000000  0.000000000
  0.000000000  0.000000000  0.000000000
  0.000000000  0.000000000  0.000000000
  0.000000000  0.000000000  0.000000000
  0.000000000  0.000000000  0.000000000
  0.000000000  0.000000000  0.000000000
  0.000000000  0.000000000  0.000000000
  0.000000000  0.000000000  0.000000000
  0.000000000  0.000000000  0.000000000
  0.000000000  0.000000000  0.000000000
  0.000000000  0.000000000  0.000000000
  0.000000000  0.000000000  0.000000000
  0.000000000  0.000000000  0.000000000
  0.000000000  0.000000000  0.000000000
  0.000000000  0.000000000  0.000000000
  0.000000000  0.000000000  0.000000000
  0.000000000  0.000000000  0.000000000
  0.000000000  0.000000000  0.000000000
  0.000000000  0.000000000  0.000000000
  0.000000000  0.000000000  0.000000000
  0.000000000  0.000000000  0.000000000
  0.000000000  0.000000000  0.000000000
  0.000000000  0.000000000  0.000000000
  0.000000000  0.000000000  0.000000000
  0.000000000  0.000000000  0.000000000
  0.000000000  0.000000000  0.000000000
  0.000000000  0.000000000  0.000000000
  0.000000000  0.000000000  0.000000000
  0.000000000  0.000000000  0.000000000
  0.000000000  0.000000000  0.000000000
  0.000000000  0.000000000  0.000000000
  0.000000000  0.000000000  0.000000000
  0.000000000  0.000000000  0.000000000
  0.000000000  0.000000000  0.000000000
  0.000000000  0.000000000  0.000000000
  0.000000000  0.000000000  0.000000000
  0.000000000  0.000000000  0.000000000
  0.000000000  0.000000000  0.000000000
  0.000000000  0.000000000  0.000000000
  0.000000000  0.000000000  0.000000000
  0.000000000  0.000000000  0.000000000
  0.000000000  0.000000000  0.000000000
  0.000000000  0.000000000  0.000000000
  0.000000000  0.000000000  0.000000000
  0.000000000  0.000000000  0.000000000
  0.000000000  0.000000000  0.000000000
  0.000000000  0.000000000  0.000000000
  0.000000000  0.000000000  0.000000000
  0.000000000  0.000000000  0.000000000
 0 0 0
 0 0 0
 0 0 0
 0 0 0
 0 0 0
 0 0 0
 0 0 0
 0 0 0
 0 0 0
 0 0 0
 0 0 0
 0 0 0
 0 0 0
 0 0 0
 0 0 0
 0 0 0
 0 0 0
 0 0 0
 0 0 0
 0 0 0
 0 0 0
 0 0 0
 0 0 0
 0 0 0
 0 0 0
 0 0 0
 0 0 0
 0 0 0
 0 0 0
 0 0 0
 0 0 0
 0 0 0
 0 0 0
 0 0 0
 0 0 0
 0 0 0
 0 0 0
 0 0 0
 0 0 0
 0 0 0
 0 0 0
 0 0 0
 0 0 0
 0 0 0
 0 0 0
 0 0 0
 0 0 0
 0 0 0
 0 0 0
 0 0 0
 0 0 0
 0 0 0
 0 0 0
 0 0 0
 0 0 0
 0 0 0
 0 0 0
 0 0 0
 0 0 0
 0 0 0
 0 0 0
 0 0 0
 0 0 0
 0 0 0
 0 0 0
 0 0 0
 0 0 0
 0 0 0
 0 0 0
 0 0 0
 0 0 0
 0 0 0
 0 0 0
 0 0 0
 0 0 0
 0 0 0
 0 0 0
 0 0 0
 0 0 0
 0 0 0
 0 0 0
 0 0 0
 0 0 0
 0 0 0
 0 0 0
 0 0 0
 0 0 0
 0 0 0
 0 0 0
 0 0 0
 0 0 0
 0 0 0
 0 0 0
 0 0 0
 0 0 0
 0 0 0
 0 0 0
 0 0 0
 0 0 0
 0 0 0
 0 0 0
 0 0 0
 0 0 0
 0 0 0
 0 0 0
 0 0 0
 0 0 0
 0 0 0
 0 0 0
 0 0 0
 0 0 0
 0 0 0
 0 0 0
 0 0 0
 0 0 0
 0 0 0
 0 0 0
 0 0 0
 0 0 0
 0 0 0
 0 0 0
 0 0 0
 0 0 0
 0 0 0
 0 0 0
 0 0 0
 0 0 0
 0 0 0
 0 0 0
 0 0 0
 0 0 0
 0 0 0
 0 0 0
 0 0 0
 0 0 0
 0 0 0
 0 0 0
 0 0 0
 0 0 0
 0 0 0
 0 0 0
 0 0 0
 0 0 0
 0 0 0
 0 0 0
 0 0 0
 0 0 0
 0 0 0
 0 0 0
 0 0 0
 0 0 0
 0 0 0
 0 0 0
 0 0 0
 0 0 0
 0 0 0
 0 0 0
 0 0 0
 0 0 0
 0 0 0
 0 0 0
 0 0 0
 0 0 0
 0 0 0
 0 0 0
 0 0 0
 0 0 0
 0 0 0
 0 0 0
 0 0 0
 0 0 0
 0 0 0
 0 0 0
 0 0 0
 0 0 0
 0 0 0
 0 0 0
 0 0 0
 0 0 0
 0 0 0
 0 0 0
 0 0 0
 0 0 0
 0 0 0
 0 0 0
 0 0 0
 0 0 0
 0 0 0
 0 0 0
 0 0 0
 0 0 0
 0 0 0
 0 0 0
 0 0 0
 0 0 0
 0 0 0
 0 0 0
 0 0 0
 0 0 0
 0 0 0
 0 0 0
 0 0 0
 0 0 0
 0 0 0
 0 0 0
 0 0 0
 0 0 0
 0 0 0
 0 0 0
 0 0 0
 0 0 0
 0 0 0
 0 0 0
 0 0 0
 0 0 0
 0 0 0
 0 0 0
 0 0 0
 0 0 0
 0 0 0
 0 0 0
 0 0 0
 0 0 0
 0 0 0
 0 0 0
 0 0 0
 0 0 0
 0 0 0
 0 0 0
 0 0 0
 0 0 0
 0 0 0
 0 0 0
 0 0 0
 0 0 0
 0 0 0
 0 0 0
 0 0 0
 0 0 0
 0 0 0
 0 0 0
 0 0 0
 0 0 0
 0 0 0
 0 0 0
 0 0 0
 0 0 0
 0 0 0
 0 0 0
 0 0 0
 0 0 0
 0 0 0
 0 0 0
 0 0 0
 0 0 0
 0 0 0
 0 0 0
 0 0 0
 0 0 0
 0 0 0
 0 0 0
 0 0 0
 0 0 0
 0 0 0
 0 0 0
 0 0 0
  0.000000000  0.000000000  0.000000000
  0.000000000  0.000000000  0.000000000
  0.000000000  0.000000000  0.000000000
  0.000000000  0.000000000  0.000000000
  0.000000000  0.000000000  0.000000000
  0.000000000  0.000000000  0.000000000
  0.000000000  0.000000000  0.000000000
  0.000000000  0.000000000  0.000000000
  0.000000000  0.000000000  0.000000000
  0.000000000  0.000000000  0.000000000
  0.000000000  0.000000000  0.000000000
  0.000000000  0.000000000  0.000000000
  0.000000000  0.000000000  0.000000000
  0.000000000  0.000000000  0.000000000
  0.000000000  0.000000000  0.000000000
  0.000000000  0.000000000  0.000000000
  0.000000000  0.000000000  0.000000000
  0.000000000  0.000000000  0.000000000
  0.000000000  0.000000000  0.000000000
  0.000000000  0.000000000  0.000000000
  0.000000000  0.000000000  0.000000000
  0.000000000  0.000000000  0.000000000
  0.000000000  0.000000000  0.000000000
  0.000000000  0.000000000  0.000000000
  0.000000000  0.000000000  0.000000000
  0.000000000  0.000000000  0.000000000
  0.000000000  0.000000000  0.000000000
  0.000000000  0.000000000  0.000000000
  0.000000000  0.000000000  0.000000000
  0.000000000  0.000000000  0.000000000
  0.000000000  0.000000000  0.000000000
  0.000000000  0.000000000  0.000000000
  0.000000000  0.000000000  0.000000000
  0.000000000  0.000000000  0.000000000
  0.000000000  0.000000000  0.000000000
  0.000000000  0.000000000  0.000000000
  0.000000000  0.000000000  0.000000000
  0.000000000  0.000000000  0.000000000
  0.000000000  0.000000000  0.000000000
  0.000000000  0.000000000  0.000000000
  0.000000000  0.000000000  0.000000000
  0.000000000  0.000000000  0.000000000
  0.000000000  0.000000000  0.000000000
  0.000000000  0.000000000  0.000000000
  0.000000000  0.000000000  0.000000000
  0.000000000  0.000000000  0.000000000
  0.000000000  0.000000000  0.000000000
  0.000000000  0.000000000  0.000000000
  0.000000000  0.000000000  0.000000000
  0.000000000  0.000000000  0.000000000
  0.000000000  0.000000000  0.000000000
  0.000000000  0.000000000  0.000000000
  0.000000000  0.000000000  0.000000000
  0.000000000  0.000000000  0.000000000
  0.000000000  0.000000000  0.000000000
  0.000000000  0.000000000  0.000000000
  0.000000000  0.000000000  0.000000000
  0.000000000  0.000000000  0.000000000
  0.000000000  0.000000000  0.000000000
  0.000000000  0.000000000  0.000000000
  0.000000000  0.000000000  0.000000000
  0.000000000  0.000000000  0.000000000
  0.000000000  0.000000000  0.000000000
  0.000000000  0.000000000  0.000000000
  0.000000000  0.000000000  0.000000000
  0.000000000  0.000000000  0.000000000
  0.000000000  0.000000000  0.000000000
  0.000000000  0.000000000  0.000000000
  0.000000000  0.000000000  0.000000000
  0.000000000  0.000000000  0.000000000
  0.000000000  0.000000000  0.000000000
  0.000000000  0.000000000  0.000000000
  0.000000000  0.000000000  0.000000000
  0.000000000  0.000000000  0.000000000
  0.000000000  0.000000000  0.000000000
  0.000000000  0.000000000  0.000000000
  0.000000000  0.000000000  0.000000000
  0.000000000  0.000000000  0.000000000
  0.000000000  0.000000000  0.000000000
  0.000000000  0.000000000  0.000000000
  0.000000000  0.000000000  0.000000000
  0.000000000  0.000000000  0.000000000
  0.000000000  0.000000000  0.000000000
  0.000000000  0.000000000  0.000000000
  0.000000000  0.000000000  0.000000000
  0.000000000  0.000000000  0.000000000
  0.000000000  0.000000000  0.000000000
  0.000000000  0.000000000  0.000000000
  0.000000000  0.000000000  0.000000000
  0.000000000  0.000000000  0.000000000
  0.000000000  0.000000000  0.000000000
  0.000000000  0.000000000  0.000000000
  0.000000000  0.000000000  0.000000000
  0.000000000  0.000000000  0.000000000
  0.000000000  0.000000000  0.000000000
  0.000000000  0.000000000  0.000000000
  0.000000000  0.000000000  0.000000000
  0.000000000  0.000000000  0.000000000
  0.000000000  0.000000000  0.000000000
  0.000000000  0.000000000  0.000000000
  0.000000000  0.000000000  0.000000000
  0.000000000  0.000000000  0.000000000
  0.000000000  0.000000000  0.000000000
  0.000000000  0.000000000  0.000000000
  0.000000000  0.000000000  0.000000000
  0.000000000  0.000000000  0.000000000
  0.000000000  0.000000000  0.000000000
  0.000000000  0.000000000  0.000000000
  0.000000000  0.000000000  0.000000000
  0.000000000  0.000000000  0.000000000
  0.000000000  0.000000000  0.000000000
  0.000000000  0.000000000  0.000000000
  0.000000000  0.000000000  0.000000000
  0.000000000  0.000000000  0.000000000
  0.000000000  0.000000000  0.000000000
  0.000000000  0.000000000  0.000000000
  0.000000000  0.000000000  0.000000000
  0.000000000  0.000000000  0.000000000
  0.000000000  0.000000000  0.000000000
  0.000000000  0.000000000  0.000000000
  0.000000000  0.000000000  0.000000000
  0.000000000  0.000000000  0.000000000
  0.000000000  0.000000000  0.000000000
  0.000000000  0.000000000  0.000000000
  0.000000000  0.000000000  0.000000000
  0.000000000  0.000000000  0.000000000
  0.000000000  0.000000000  0.000000000
  0.000000000  0.000000000  0.000000000
  0.000000000  0.000000000  0.000000000
  0.000000000  0.000000000  0.000000000
  0.000000000  0.000000000  0.000000000
  0.000000000  0.000000000  0.000000000
  0.000000000  0.000000000  0.000000000
  0.000000000  0.000000000  0.000000000
  0.000000000  0.000000000  0.000000000
  0.000000000  0.000000000  0.000000000
  0.000000000  0.000000000  0.000000000
  0.000000000  0.000000000  0.000000000
  0.000000000  0.000000000  0.000000000
  0.000000000  0.000000000  0.000000000
  0.000000000  0.000000000  0.000000000
  0.000000000  0.000000000  0.000000000
  0.000000000  0.000000000  0.000000000
  0.000000000  0.000000000  0.000000000
  0.000000000  0.000000000  0.000000000
  0.000000000  0.000000000  0.000000000
  0.000000000  0.000000000  0.000000000
  0.000000000  0.000000000  0.000000000
  0.000000000  0.000000000  0.000000000
  0.000000000  0.000000000  0.000000000
  0.000000000  0.000000000  0.000000000
  0.000000000  0.000000000  0.000000000
  0.000000000  0.000000000  0.000000000
  0.000000000  0.000000000  0.000000000
  0.000000000  0.000000000  0.000000000
  0.000000000  0.000000000  0.000000000
  0.000000000  0.000000000  0.000000000
  0.000000000  0.000000000  0.000000000
  0.000000000  0.000000000  0.000000000
  0.000000000  0.000000000  0.000000000
  0.000000000  0.000000000  0.000000000
  0.000000000  0.000000000  0.000000000
  0.000000000  0.000000000  0.000000000
  0.000000000  0.000000000  0.000000000
  0.000000000  0.000000000  0.000000000
  0.000000000  0.000000000  0.000000000
  0.000000000  0.000000000  0.000000000
  0.000000000  0.000000000  0.000000000
  0.000000000  0.000000000  0.000000000
  0.000000000  0.000000000  0.000000000
  0.000000000  0.000000000  0.000000000
  0.000000000  0.000000000  0.000000000
  0.000000000  0.000000000  0.000000000
  0.000000000  0.000000000  0.000000000
  0.000000000  0.000000000  0.000000000
  0.000000000  0.000000000  0.000000000
  0.000000000  0.000000000  0.000000000
  0.000000000  0.000000000  0.000000000
  0.000000000  0.000000000  0.000000000
  0.000000000  0.000000000  0.000000000
  0.000000000  0.000000000  0.000000000
  0.000000000  0.000000000  0.000000000
  0.000000000  0.000000000  0.000000000
  0.000000000  0.000000000  0.000000000
  0.000000000  0.000000000  0.000000000
  0.000000000  0.000000000  0.000000000
  0.000000000  0.000000000  0.000000000
  0.000000000  0.000000000  0.000000000
  0.000000000  0.000000000  0.000000000
  0.000000000  0.000000000  0.000000000
  0.000000000  0.000000000  0.000000000
  0.000000000  0.000000000  0.000000000
  0.000000000  0.000000000  0.000000000
  0.000000000  0.000000000  0.000000000
  0.000000000  0.000000000  0.000000000
  0.000000000  0.000000000  0.000000000
  0.000000000  0.000000000  0.000000000
  0.000000000  0.000000000  0.000000000
  0.000000000  0.000000000  0.000000000
  0.000000000  0.000000000  0.000000000
  0.000000000  0.000000000  0.000000000
  0.000000000  0.000000000  0.000000000
  0.000000000  0.000000000  0.000000000
  0.000000000  0.000000000  0.000000000
  0.000000000  0.000000000  0.000000000
  0.000000000  0.000000000  0.000000000
  0.000000000  0.000000000  0.000000000
  0.000000000  0.000000000  0.000000000
  0.000000000  0.000000000  0.000000000
  0.000000000  0.000000000  0.000000000
  0.000000000  0.000000000  0.000000000
  0.000000000  0.000000000  0.000000000
  0.000000000  0.000000000  0.000000000
  0.000000000  0.000000000  0.000000000
  0.000000000  0.000000000  0.000000000
  0.000000000  0.000000000  0.000000000
  0.000000000  0.000000000  0.000000000
  0.000000000  0.000000000  0.000000000
  0.000000000  0.000000000  0.000000000
  0.000000000  0.000000000  0.000000000
  0.000000000  0.000000000  0.000000000
  0.000000000  0.000000000  0.000000000
  0.000000000  0.000000000  0.000000000
  0.000000000  0.000000000  0.000000000
  0.000000000  0.000000000  0.000000000
  0.000000000  0.000000000  0.000000000
  0.000000000  0.000000000  0.000000000
  0.000000000  0.000000000  0.000000000
  0.000000000  0.000000000  0.000000000
  0.000000000  0.000000000  0.000000000
  0.000000000  0.000000000  0.000000000
  0.000000000  0.000000000  0.000000000
  0.000000000  0.000000000  0.000000000
  0.000000000  0.000000000  0.000000000
  0.000000000  0.000000000  0.000000000
  0.000000000  0.000000000  0.000000000
  0.000000000  0.000000000  0.000000000
  0.000000000  0.000000000  0.000000000
  0.000000000  0.000000000  0.000000000
  0.000000000  0.000000000  0.000000000
  0.000000000  0.000000000  0.000000000
  0.000000000  0.000000000  0.000000000
  0.000000000  0.000000000  0.000000000
  0.000000000  0.000000000  0.000000000
  0.000000000  0.000000000  0.000000000
  0.000000000  0.000000000  0.000000000
  0.000000000  0.000000000  0.000000000
  0.000000000  0.000000000  0.000000000
  0.000000000  0.000000000  0.000000000
  0.000000000  0.000000000  0.000000000
  0.000000000  0.000000000  0.000000000
  0.000000000  0.000000000  0.000000000
  0.000000000  0.000000000  0.000000000
  0.000000000  0.000000000  0.000000000
  0.000000000  0.000000000  0.000000000
  0.000000000  0.000000000  0.000000000
  0.000000000  0.000000000  0.000000000
  0.000000000  0.000000000  0.000000000
  0.000000000  0.000000000  0.000000000
  0.000000000  0.000000000  0.000000000
  0.000000000  0.000000000  0.000000000
  0.000000000  0.000000000  0.000000000
  0.000000000  0.000000000  0.000000000
  0.000000000  0.000000000  0.000000000
  0.000000000  0.000000000  0.000000000
  0.000000000  0.000000000  0.000000000
  0.000000000  0.000000000  0.000000000
  0.000000000  0.000000000  0.000000000
  0.000000000  0.000000000  0.000000000
  0.000000000  0.000000000  0.000000000
  0.000000000  0.000000000  0.000000000
  0.000000000  0.000000000  0.000000000
  0.000000000  0.000000000  0.000000000
  0.000000000  0.000000000  0.000000000
  0.000000000  0.000000000  0.000000000
  0.000000000  0.000000000  0.000000000
  0.000000000  0.000000000  0.000000000
  0.000000000  0.000000000  0.000000000
  0.000000000  0.000000000  0.000000000
  0.000000000  0.000000000  0.000000000
  0.000000000  0.000000000  0.000000000
  0.000000000  0.000000000  0.000000000
  0.000000000  0.000000000  0.000000000
  0.000000000  0.000000000  0.000000000
  0.000000000  0.000000000  0.000000000
  0.000000000  0.000000000  0.000000000
  0.000000000  0.000000000  0.000000000
  0.000000000  0.000000000  0.000000000
  0.000000000  0.000000000  0.000000000
  0.000000000  0.000000000  0.000000000
  0.000000000  0.000000000  0.000000000
  0.000000000  0.000000000  0.000000000
  0.000000000  0.000000000  0.000000000
  0.000000000  0.000000000  0.000000000
  0.000000000  0.000000000  0.000000000
  0.000000000  0.000000000  0.000000000
  0.000000000  0.000000000  0.000000000
  0.000000000  0.000000000  0.000000000
  0.000000000  0.000000000  0.000000000
  0.000000000  0.000000000  0.000000000
  0.000000000  0.000000000  0.000000000
  0.000000000  0.000000000  0.000000000
  0.000000000  0.000000000  0.000000000
  0.000000000  0.000000000  0.000000000
  0.000000000  0.000000000  0.000000000
  0.000000000  0.000000000  0.000000000
  0.000000000  0.000000000  0.000000000
  0.000000000  0.000000000  0.000000000
  0.000000000  0.000000000  0.000000000
  0.000000000  0.000000000  0.000000000
  0.000000000  0.000000000  0.000000000
  0.000000000  0.000000000  0.000000000
  0.000000000  0.000000000  0.000000000
  0.000000000  0.000000000  0.000000000
  0.000000000  0.000000000  0.000000000
  0.000000000  0.000000000  0.000000000
  0.000000000  0.000000000  0.000000000
  0.000000000  0.000000000  0.000000000
  0.000000000  0.000000000  0.000000000
  0.000000000  0.000000000  0.000000000
  0.000000000  0.000000000  0.000000000
  0.000000000  0.000000000  0.000000000
  0.000000000  0.000000000  0.000000000
  0.000000000  0.000000000  0.000000000
  0.000000000  0.000000000  0.000000000
  0.000000000  0.000000000  0.000000000
  0.000000000  0.000000000  0.000000000
  0.000000000  0.000000000  0.000000000
  0.000000000  0.000000000  0.000000000
  0.000000000  0.000000000  0.000000000
  0.000000000  0.000000000  0.000000000
  0.000000000  0.000000000  0.000000000
  0.000000000  0.000000000  0.000000000
  0.000000000  0.000000000  0.000000000
  0.000000000  0.000000000  0.000000000
  0.000000000  0.000000000  0.000000000
  0.000000000  0.000000000  0.000000000
  0.000000000  0.000000000  0.000000000
  0.000000000  0.000000000  0.000000000
  0.000000000  0.000000000  0.000000000
  0.000000000  0.000000000  0.000000000
  0.000000000  0.000000000  0.000000000
  0.000000000  0.000000000  0.000000000
  0.000000000  0.000000000  0.000000000
  0.000000000  0.000000000  0.000000000
  0.000000000  0.000000000  0.000000000
  0.000000000  0.000000000  0.000000000
  0.000000000  0.000000000  0.000000000
  0.000000000  0.000000000  0.000000000
  0.000000000  0.000000000  0.000000000
  0.000000000  0.000000000  0.000000000
  0.000000000  0.000000000  0.000000000
  0.000000000  0.000000000  0.000000000
  0.000000000  0.000000000  0.000000000
  0.000000000  0.000000000  0.000000000
  0.000000000  0.000000000  0.000000000
  0.000000000  0.000000000  0.000000000
  0.000000000  0.000000000  0.000000000
  0.000000000  0.000000000  0.000000000
  0.000000000  0.000000000  0.000000000
  0.000000000  0.000000000  0.000000000
  0.000000000  0.000000000  0.000000000
  0.000000000  0.000000000  0.000000000
  0.000000000  0.000000000  0.000000000
  0.000000000  0.000000000  0.000000000
  0.000000000  0.000000000  0.000000000
  0.000000000  0.000000000  0.000000000
  0.000000000  0.000000000  0.000000000
  0.000000000  0.000000000  0.000000000
  0.000000000  0.000000000  0.000000000
  0.000000000  0.000000000  0.000000000
  0.000000000  0.000000000  0.000000000
  0.000000000  0.000000000  0.000000000
  0.000000000  0.000000000  0.000000000
  0.000000000  0.000000000  0.000000000
  0.000000000  0.000000000  0.000000000
  0.000000000  0.000000000  0.000000000
  0.000000000  0.000000000  0.000000000
  0.000000000  0.000000000  0.000000000
  0.000000000  0.000000000  0.000000000
  0.000000000  0.000000000  0.000000000
  0.000000000  0.000000000  0.000000000
  0.000000000  0.000000000  0.000000000
  0.000000000  0.000000000  0.000000000
  0.000000000  0.000000000  0.000000000
  0.000000000  0.000000000  0.000000000
  0.000000000  0.000000000  0.000000000
  0.000000000  0.000000000  0.000000000
  0.000000000  0.000000000  0.000000000
  0.000000000  0.000000000  0.000000000
  0.000000000  0.000000000  0.000000000
  0.000000000  0.000000000  0.000000000
   1.06000000000000     
   1.06000000000000     
   1.06000000000000     
   1.06000000000000     
   1.06000000000000     
   1.06000000000000     
   1.06000000000000     
   1.06000000000000     
   1.06000000000000     
   1.06000000000000     
   1.06000000000000     
   1.06000000000000     
   1.06000000000000     
   1.06000000000000     
   1.06000000000000     
   1.06000000000000     
   1.06000000000000     
   1.06000000000000     
   1.06000000000000     
   1.06000000000000     
   1.06000000000000     
   1.06000000000000     
   1.06000000000000     
   1.06000000000000     
   1.06000000000000     
   1.06000000000000     
   1.06000000000000     
   1.06000000000000     
   1.06000000000000     
   1.06000000000000     
   1.06000000000000     
   1.06000000000000     
   1.06000000000000     
   1.06000000000000     
   1.06000000000000     
   1.06000000000000     
   1.06000000000000     
   1.06000000000000     
   1.06000000000000     
   1.06000000000000     
   1.06000000000000     
   1.06000000000000     
   1.06000000000000     
   1.06000000000000     
   1.06000000000000     
   1.06000000000000     
   1.06000000000000     
   1.06000000000000     
   1.06000000000000     
   1.06000000000000     
   1.06000000000000     
   1.06000000000000     
   1.06000000000000     
   1.06000000000000     
   1.06000000000000     
   1.06000000000000     
   1.06000000000000     
   1.06000000000000     
   1.06000000000000     
   1.06000000000000     
   1.06000000000000     
   1.06000000000000     
   1.06000000000000     
   1.06000000000000     
   1.06000000000000     
   1.06000000000000     
   1.06000000000000     
   1.06000000000000     
   1.06000000000000     
   1.06000000000000     
   1.06000000000000     
   1.06000000000000     
   1.06000000000000     
   1.06000000000000     
   1.06000000000000     
   1.06000000000000     
   1.06000000000000     
   1.06000000000000     
   1.06000000000000     
   1.06000000000000     
   1.06000000000000     
   1.06000000000000     
   1.06000000000000     
   1.06000000000000     
   1.06000000000000     
   1.06000000000000     
   1.06000000000000     
   1.06000000000000     
   1.06000000000000     
   1.06000000000000     
   1.06000000000000     
   1.06000000000000     
   1.06000000000000     
   1.06000000000000     
   1.06000000000000     
   1.06000000000000     
   1.06000000000000     
   1.06000000000000     
   1.06000000000000     
   1.06000000000000     
   1.06000000000000     
   1.06000000000000     
   1.06000000000000     
   1.06000000000000     
   1.06000000000000     
   1.06000000000000     
   1.06000000000000     
   1.06000000000000     
   1.06000000000000     
   1.06000000000000     
   1.06000000000000     
   1.06000000000000     
   1.06000000000000     
   1.06000000000000     
   1.06000000000000     
   1.06000000000000     
   1.06000000000000     
   1.06000000000000     
   1.06000000000000     
   1.06000000000000     
   1.06000000000000     
   1.06000000000000     
   1.06000000000000     
   1.06000000000000     
   1.06000000000000     
   1.06000000000000     
  3.000000000000000E-002
  3.000000000000000E-002
  3.000000000000000E-002
  3.000000000000000E-002
  3.000000000000000E-002
  3.000000000000000E-002
  3.000000000000000E-002
  3.000000000000000E-002
  3.000000000000000E-002
  3.000000000000000E-002
  3.000000000000000E-002
  3.000000000000000E-002
  3.000000000000000E-002
  3.000000000000000E-002
  3.000000000000000E-002
  3.000000000000000E-002
  3.000000000000000E-002
  3.000000000000000E-002
  3.000000000000000E-002
  3.000000000000000E-002
  3.000000000000000E-002
  3.000000000000000E-002
  3.000000000000000E-002
  3.000000000000000E-002
  3.000000000000000E-002
  3.000000000000000E-002
  3.000000000000000E-002
  3.000000000000000E-002
  3.000000000000000E-002
  3.000000000000000E-002
  3.000000000000000E-002
  3.000000000000000E-002
  3.000000000000000E-002
  3.000000000000000E-002
  3.000000000000000E-002
  3.000000000000000E-002
  3.000000000000000E-002
  3.000000000000000E-002
  3.000000000000000E-002
  3.000000000000000E-002
  3.000000000000000E-002
  3.000000000000000E-002
  3.000000000000000E-002
  3.000000000000000E-002
  3.000000000000000E-002
  3.000000000000000E-002
  3.000000000000000E-002
  3.000000000000000E-002
  3.000000000000000E-002
  3.000000000000000E-002
  3.000000000000000E-002
  3.000000000000000E-002
  3.000000000000000E-002
  3.000000000000000E-002
  3.000000000000000E-002
  3.000000000000000E-002
  3.000000000000000E-002
  3.000000000000000E-002
  3.000000000000000E-002
  3.000000000000000E-002
  3.000000000000000E-002
  3.000000000000000E-002
  3.000000000000000E-002
  3.000000000000000E-002
  3.000000000000000E-002
  3.000000000000000E-002
  3.000000000000000E-002
  3.000000000000000E-002
  3.000000000000000E-002
  3.000000000000000E-002
  3.000000000000000E-002
  3.000000000000000E-002
  3.000000000000000E-002
  3.000000000000000E-002
  3.000000000000000E-002
  3.000000000000000E-002
  3.000000000000000E-002
  3.000000000000000E-002
  3.000000000000000E-002
  3.000000000000000E-002
  3.000000000000000E-002
  3.000000000000000E-002
  3.000000000000000E-002
  3.000000000000000E-002
  3.000000000000000E-002
  3.000000000000000E-002
  3.000000000000000E-002
  3.000000000000000E-002
  3.000000000000000E-002
  3.000000000000000E-002
  3.000000000000000E-002
  3.000000000000000E-002
  3.000000000000000E-002
  3.000000000000000E-002
  3.000000000000000E-002
  3.000000000000000E-002
  3.000000000000000E-002
  3.000000000000000E-002
  3.000000000000000E-002
  3.000000000000000E-002
  3.000000000000000E-002
  3.000000000000000E-002
  3.000000000000000E-002
  3.000000000000000E-002
  3.000000000000000E-002
  3.000000000000000E-002
  3.000000000000000E-002
  3.000000000000000E-002
  3.000000000000000E-002
  3.000000000000000E-002
  3.000000000000000E-002
  3.000000000000000E-002
  3.000000000000000E-002
  3.000000000000000E-002
  3.000000000000000E-002
  3.000000000000000E-002
  3.000000000000000E-002
  3.000000000000000E-002
  3.000000000000000E-002
  3.000000000000000E-002
  3.000000000000000E-002
  3.000000000000000E-002
  3.000000000000000E-002
  3.000000000000000E-002
  3.000000000000000E-002
  3.000000000000000E-002
