           3
 2 1 2
   9   2   6
  0.000000000  0.000000000  0.000000000  0.250000000  0.250000000  0.500000000  0.500000000  0.750000000  0.750000000  1.000000000  1.000000000  1.000000000
  0.000000000  0.000000000  1.000000000  1.000000000
  0.057082452  0.057082452  0.057082452  0.057716702  0.058350951  0.058985201  0.059619450  0.059619450  0.059619450
 -0.965760966200E+01 -0.276414227430E+02  0.557712063080E+02  0.100000000000E+01
 -0.965760966200E+01 -0.276414227430E+02  0.557712063080E+02  0.707106744993E+00
 -0.965760966200E+01 -0.276414227430E+02  0.557712063080E+02  0.100000000000E+01
 -0.965760966200E+01 -0.276414227430E+02  0.557712063080E+02  0.707106505418E+00
 -0.965760966200E+01 -0.276414227430E+02  0.557712063080E+02  0.100000000000E+01
 -0.965760966200E+01 -0.276414227430E+02  0.557712063080E+02  0.707106916866E+00
 -0.965760966200E+01 -0.276414227430E+02  0.557712063080E+02  0.100000000000E+01
 -0.965760966200E+01 -0.276414227430E+02  0.557712063080E+02  0.707107200109E+00
 -0.965760966200E+01 -0.276414227430E+02  0.557712063080E+02  0.100000000000E+01
 -0.100088851890E+02 -0.277991647660E+02  0.552674903860E+02  0.100000000000E+01
 -0.944107173200E+01 -0.281904699830E+02  0.550891047280E+02  0.707106744993E+00
 -0.885046240000E+01 -0.282707356470E+02  0.554054010780E+02  0.100000000000E+01
 -0.837846525700E+01 -0.280116402420E+02  0.561546309400E+02  0.707106505418E+00
 -0.917207687600E+01 -0.274233904330E+02  0.564674419950E+02  0.100000000000E+01
 -0.926766356500E+01 -0.265259024690E+02  0.561908599040E+02  0.707106916866E+00
 -0.973278986800E+01 -0.266387607200E+02  0.555096427080E+02  0.100000000000E+01
 -0.101093226950E+02 -0.270741604050E+02  0.550092178680E+02  0.707107200109E+00
 -0.100088851890E+02 -0.277991647660E+02  0.552674903860E+02  0.100000000000E+01
 -0.955244345800E+01 -0.275817830800E+02  0.556681752730E+02  0.100000000000E+01
 -0.955244345800E+01 -0.275817830800E+02  0.556681752730E+02  0.707107075996E+00
 -0.955244345800E+01 -0.275817830800E+02  0.556681752730E+02  0.100000000000E+01
 -0.955244345800E+01 -0.275817830800E+02  0.556681752730E+02  0.707106746268E+00
 -0.955244345800E+01 -0.275817830800E+02  0.556681752730E+02  0.100000000000E+01
 -0.955244345800E+01 -0.275817830800E+02  0.556681752730E+02  0.707106525116E+00
 -0.955244345800E+01 -0.275817830800E+02  0.556681752730E+02  0.100000000000E+01
 -0.955244345800E+01 -0.275817830800E+02  0.556681752730E+02  0.707106957663E+00
 -0.955244345800E+01 -0.275817830800E+02  0.556681752730E+02  0.100000000000E+01
 -0.989371829700E+01 -0.277628081510E+02  0.552132759430E+02  0.100000000000E+01
 -0.939242740200E+01 -0.281992232590E+02  0.550859019280E+02  0.707107075996E+00
 -0.884332302700E+01 -0.282684744240E+02  0.554094430400E+02  0.100000000000E+01
 -0.839734693900E+01 -0.279697695260E+02  0.560742956430E+02  0.707106746268E+00
 -0.911269655600E+01 -0.273485251420E+02  0.562543310120E+02  0.100000000000E+01
 -0.927049398700E+01 -0.264608616240E+02  0.560851256060E+02  0.707106525116E+00
 -0.974677328600E+01 -0.266722501100E+02  0.554520204720E+02  0.100000000000E+01
 -0.100806420240E+02 -0.271045531570E+02  0.549961875400E+02  0.707106957663E+00
 -0.989371829700E+01 -0.277628081510E+02  0.552132759430E+02  0.100000000000E+01
 -0.944648291700E+01 -0.275227825730E+02  0.555655910140E+02  0.100000000000E+01
 -0.944648291700E+01 -0.275227825730E+02  0.555655910140E+02  0.707107622913E+00
 -0.944648291700E+01 -0.275227825730E+02  0.555655910140E+02  0.100000000000E+01
 -0.944648291700E+01 -0.275227825730E+02  0.555655910140E+02  0.707106834223E+00
 -0.944648291700E+01 -0.275227825730E+02  0.555655910140E+02  0.100000000000E+01
 -0.944648291700E+01 -0.275227825730E+02  0.555655910140E+02  0.707106180498E+00
 -0.944648291700E+01 -0.275227825730E+02  0.555655910140E+02  0.100000000000E+01
 -0.944648291700E+01 -0.275227825730E+02  0.555655910140E+02  0.707106808873E+00
 -0.944648291700E+01 -0.275227825730E+02  0.555655910140E+02  0.100000000000E+01
 -0.975450755400E+01 -0.277121086830E+02  0.551370452530E+02  0.100000000000E+01
 -0.931016344600E+01 -0.282064917920E+02  0.550519335770E+02  0.707107622913E+00
 -0.880629723100E+01 -0.282518835840E+02  0.554275511150E+02  0.100000000000E+01
 -0.842404258100E+01 -0.279164206690E+02  0.560514765440E+02  0.707106834223E+00
 -0.906419617200E+01 -0.272878133550E+02  0.560974524970E+02  0.100000000000E+01
 -0.928852042200E+01 -0.264394529630E+02  0.560139052120E+02  0.707106180498E+00
 -0.973107345700E+01 -0.266913921580E+02  0.554028474730E+02  0.100000000000E+01
 -0.100135218020E+02 -0.271118150360E+02  0.549526898690E+02  0.707106808873E+00
 -0.975450755400E+01 -0.277121086830E+02  0.551370452530E+02  0.100000000000E+01
 -0.933976566500E+01 -0.274643976190E+02  0.554634398710E+02  0.100000000000E+01
 -0.933976566500E+01 -0.274643976190E+02  0.554634398710E+02  0.707106680359E+00
 -0.933976566500E+01 -0.274643976190E+02  0.554634398710E+02  0.100000000000E+01
 -0.933976566500E+01 -0.274643976190E+02  0.554634398710E+02  0.707106781880E+00
 -0.933976566500E+01 -0.274643976190E+02  0.554634398710E+02  0.100000000000E+01
 -0.933976566500E+01 -0.274643976190E+02  0.554634398710E+02  0.707106949387E+00
 -0.933976566500E+01 -0.274643976190E+02  0.554634398710E+02  0.100000000000E+01
 -0.933976566500E+01 -0.274643976190E+02  0.554634398710E+02  0.707106762593E+00
 -0.933976566500E+01 -0.274643976190E+02  0.554634398710E+02  0.100000000000E+01
 -0.962156659900E+01 -0.276633823020E+02  0.550540353750E+02  0.100000000000E+01
 -0.923266586800E+01 -0.282217524950E+02  0.550089547200E+02  0.707106680359E+00
 -0.877239863800E+01 -0.282205964740E+02  0.554404493460E+02  0.100000000000E+01
 -0.843109431200E+01 -0.278560257290E+02  0.560268048500E+02  0.707106781880E+00
 -0.900270640700E+01 -0.272263938050E+02  0.559531240480E+02  0.100000000000E+01
 -0.929509233800E+01 -0.264275217090E+02  0.559375425420E+02  0.707106949387E+00
 -0.970453589100E+01 -0.267072493860E+02  0.553465181290E+02  0.100000000000E+01
 -0.994018051300E+01 -0.271164216200E+02  0.549053517670E+02  0.707106762593E+00
 -0.962156659900E+01 -0.276633823020E+02  0.550540353750E+02  0.100000000000E+01
 -0.923232666200E+01 -0.274066059320E+02  0.553617087500E+02  0.100000000000E+01
 -0.923232666200E+01 -0.274066059320E+02  0.553617087500E+02  0.707107152892E+00
 -0.923232666200E+01 -0.274066059320E+02  0.553617087500E+02  0.100000000000E+01
 -0.923232666200E+01 -0.274066059320E+02  0.553617087500E+02  0.707107340472E+00
 -0.923232666200E+01 -0.274066059320E+02  0.553617087500E+02  0.100000000000E+01
 -0.923232666200E+01 -0.274066059320E+02  0.553617087500E+02  0.707106496656E+00
 -0.923232666200E+01 -0.274066059320E+02  0.553617087500E+02  0.100000000000E+01
 -0.923232666200E+01 -0.274066059320E+02  0.553617087500E+02  0.707106134727E+00
 -0.923232666200E+01 -0.274066059320E+02  0.553617087500E+02  0.100000000000E+01
 -0.949436468700E+01 -0.276177998910E+02  0.549638890780E+02  0.100000000000E+01
 -0.916478206800E+01 -0.282450313410E+02  0.549585520330E+02  0.707107152892E+00
 -0.873349488400E+01 -0.281887189380E+02  0.554483413130E+02  0.100000000000E+01
 -0.842199308300E+01 -0.277891920620E+02  0.560053463320E+02  0.707107340472E+00
 -0.892669234400E+01 -0.271602765880E+02  0.558257163680E+02  0.100000000000E+01
 -0.929379669600E+01 -0.264152856060E+02  0.558579138370E+02  0.707106496656E+00
 -0.967033893800E+01 -0.267198519930E+02  0.552856400330E+02  0.100000000000E+01
 -0.985367436200E+01 -0.271216558480E+02  0.548634192890E+02  0.707106134727E+00
 -0.949436468700E+01 -0.276177998910E+02  0.549638890780E+02  0.100000000000E+01
 -0.912419847400E+01 -0.273493864660E+02  0.552603851330E+02  0.100000000000E+01
 -0.912419847400E+01 -0.273493864660E+02  0.552603851330E+02  0.707106815277E+00
 -0.912419847400E+01 -0.273493864660E+02  0.552603851330E+02  0.100000000000E+01
 -0.912419847400E+01 -0.273493864660E+02  0.552603851330E+02  0.707105937315E+00
 -0.912419847400E+01 -0.273493864660E+02  0.552603851330E+02  0.100000000000E+01
 -0.912419847400E+01 -0.273493864660E+02  0.552603851330E+02  0.707106589623E+00
 -0.912419847400E+01 -0.273493864660E+02  0.552603851330E+02  0.100000000000E+01
 -0.912419847400E+01 -0.273493864660E+02  0.552603851330E+02  0.707107674476E+00
 -0.912419847400E+01 -0.273493864660E+02  0.552603851330E+02  0.100000000000E+01
 -0.937868954800E+01 -0.275549363900E+02  0.548700830140E+02  0.100000000000E+01
 -0.910315528800E+01 -0.282462399250E+02  0.548568817820E+02  0.707106815277E+00
 -0.867666785500E+01 -0.281523707120E+02  0.553914650190E+02  0.100000000000E+01
 -0.835283804900E+01 -0.277413482410E+02  0.559593827370E+02  0.707105937315E+00
 -0.883305527500E+01 -0.271142317210E+02  0.557068973330E+02  0.100000000000E+01
 -0.921386382100E+01 -0.264399838910E+02  0.557333418780E+02  0.707106589623E+00
 -0.958041390300E+01 -0.266806128230E+02  0.552056463550E+02  0.100000000000E+01
 -0.971779694100E+01 -0.270779168550E+02  0.548169088710E+02  0.707107674476E+00
 -0.937868954800E+01 -0.275549363900E+02  0.548700830140E+02  0.100000000000E+01
           1
           2
           3
           4
           5
           6
           7
           8
           9
          10
          11
          12
          13
          14
          15
          16
          17
          18
          19
          20
          21
          22
          23
          24
          25
          26
          27
          28
          29
          30
          31
          32
          33
          34
          35
          36
          37
          38
          39
          40
          41
          42
          43
          44
          45
          46
          47
          48
          49
          50
          51
          52
          53
          54
          55
          56
          57
          58
          59
          60
          61
          62
          63
          64
          65
          66
          67
          68
          69
          70
          71
          72
          73
          74
          75
          76
          77
          78
          79
          80
          81
          82
          83
          84
          85
          86
          87
          88
          89
          90
          91
          92
          93
          94
          95
          96
          97
          98
          99
         100
         101
         102
         103
         104
         105
         106
         107
         108
 1 0 0
 0 0 0
 0 0 0
 0 0 0
 0 0 0
 0 0 0
 0 0 0
 0 0 0
 0 0 0
 0 0 0
 0 0 0
 0 0 0
 0 0 0
 0 0 0
 0 0 0
 0 0 0
 0 0 0
 0 0 0
 0 0 0
 0 0 0
 0 0 0
 0 0 0
 0 0 0
 0 0 0
 0 0 0
 0 0 0
 0 0 0
 0 0 0
 0 0 0
 0 0 0
 0 0 0
 0 0 0
 0 0 0
 0 0 0
 0 0 0
 0 0 0
 0 0 0
 0 0 0
 0 0 0
 0 0 0
 0 0 0
 0 0 0
 0 0 0
 0 0 0
 0 0 0
 0 0 0
 0 0 0
 0 0 0
 0 0 0
 0 0 0
 0 0 0
 0 0 0
 0 0 0
 0 0 0
 0 0 0
 0 0 0
 0 0 0
 0 0 0
 0 0 0
 0 0 0
 0 0 0
 0 0 0
 0 0 0
 0 0 0
 0 0 0
 0 0 0
 0 0 0
 0 0 0
 0 0 0
 0 0 0
 0 0 0
 0 0 0
 0 0 0
 0 0 0
 0 0 0
 0 0 0
 0 0 0
 0 0 0
 0 0 0
 0 0 0
 0 0 0
 0 0 0
 0 0 0
 0 0 0
 0 0 0
 0 0 0
 0 0 0
 0 0 0
 0 0 0
 0 0 0
 0 0 0
 0 0 0
 0 0 0
 0 0 0
 0 0 0
 0 0 0
 0 0 0
 0 0 0
 0 0 0
 0 0 0
 0 0 0
 0 0 0
 0 0 0
 0 0 0
 0 0 0
 0 0 0
 0 0 0
 0 0 0
 0 0 0
  0.000000000  0.000000000  0.000000000
  0.000000000  0.000000000  0.000000000
  0.000000000  0.000000000  0.000000000
  0.000000000  0.000000000  0.000000000
  0.000000000  0.000000000  0.000000000
  0.000000000  0.000000000  0.000000000
  0.000000000  0.000000000  0.000000000
  0.000000000  0.000000000  0.000000000
  0.000000000  0.000000000  0.000000000
  0.000000000  0.000000000  0.000000000
  0.000000000  0.000000000  0.000000000
  0.000000000  0.000000000  0.000000000
  0.000000000  0.000000000  0.000000000
  0.000000000  0.000000000  0.000000000
  0.000000000  0.000000000  0.000000000
  0.000000000  0.000000000  0.000000000
  0.000000000  0.000000000  0.000000000
  0.000000000  0.000000000  0.000000000
  0.000000000  0.000000000  0.000000000
  0.000000000  0.000000000  0.000000000
  0.000000000  0.000000000  0.000000000
  0.000000000  0.000000000  0.000000000
  0.000000000  0.000000000  0.000000000
  0.000000000  0.000000000  0.000000000
  0.000000000  0.000000000  0.000000000
  0.000000000  0.000000000  0.000000000
  0.000000000  0.000000000  0.000000000
  0.000000000  0.000000000  0.000000000
  0.000000000  0.000000000  0.000000000
  0.000000000  0.000000000  0.000000000
  0.000000000  0.000000000  0.000000000
  0.000000000  0.000000000  0.000000000
  0.000000000  0.000000000  0.000000000
  0.000000000  0.000000000  0.000000000
  0.000000000  0.000000000  0.000000000
  0.000000000  0.000000000  0.000000000
  0.000000000  0.000000000  0.000000000
  0.000000000  0.000000000  0.000000000
  0.000000000  0.000000000  0.000000000
  0.000000000  0.000000000  0.000000000
  0.000000000  0.000000000  0.000000000
  0.000000000  0.000000000  0.000000000
  0.000000000  0.000000000  0.000000000
  0.000000000  0.000000000  0.000000000
  0.000000000  0.000000000  0.000000000
  0.000000000  0.000000000  0.000000000
  0.000000000  0.000000000  0.000000000
  0.000000000  0.000000000  0.000000000
  0.000000000  0.000000000  0.000000000
  0.000000000  0.000000000  0.000000000
  0.000000000  0.000000000  0.000000000
  0.000000000  0.000000000  0.000000000
  0.000000000  0.000000000  0.000000000
  0.000000000  0.000000000  0.000000000
  0.000000000  0.000000000  0.000000000
  0.000000000  0.000000000  0.000000000
  0.000000000  0.000000000  0.000000000
  0.000000000  0.000000000  0.000000000
  0.000000000  0.000000000  0.000000000
  0.000000000  0.000000000  0.000000000
  0.000000000  0.000000000  0.000000000
  0.000000000  0.000000000  0.000000000
  0.000000000  0.000000000  0.000000000
  0.000000000  0.000000000  0.000000000
  0.000000000  0.000000000  0.000000000
  0.000000000  0.000000000  0.000000000
  0.000000000  0.000000000  0.000000000
  0.000000000  0.000000000  0.000000000
  0.000000000  0.000000000  0.000000000
  0.000000000  0.000000000  0.000000000
  0.000000000  0.000000000  0.000000000
  0.000000000  0.000000000  0.000000000
  0.000000000  0.000000000  0.000000000
  0.000000000  0.000000000  0.000000000
  0.000000000  0.000000000  0.000000000
  0.000000000  0.000000000  0.000000000
  0.000000000  0.000000000  0.000000000
  0.000000000  0.000000000  0.000000000
  0.000000000  0.000000000  0.000000000
  0.000000000  0.000000000  0.000000000
  0.000000000  0.000000000  0.000000000
  0.000000000  0.000000000  0.000000000
  0.000000000  0.000000000  0.000000000
  0.000000000  0.000000000  0.000000000
  0.000000000  0.000000000  0.000000000
  0.000000000  0.000000000  0.000000000
  0.000000000  0.000000000  0.000000000
  0.000000000  0.000000000  0.000000000
  0.000000000  0.000000000  0.000000000
  0.000000000  0.000000000  0.000000000
  0.000000000  0.000000000  0.000000000
  0.000000000  0.000000000  0.000000000
  0.000000000  0.000000000  0.000000000
  0.000000000  0.000000000  0.000000000
  0.000000000  0.000000000  0.000000000
  0.000000000  0.000000000  0.000000000
  0.000000000  0.000000000  0.000000000
  0.000000000  0.000000000  0.000000000
  0.000000000  0.000000000  0.000000000
  0.000000000  0.000000000  0.000000000
  0.000000000  0.000000000  0.000000000
  0.000000000  0.000000000  0.000000000
  0.000000000  0.000000000  0.000000000
  0.000000000  0.000000000  0.000000000
  0.000000000  0.000000000  0.000000000
  0.000000000  0.000000000  0.000000000
  0.000000000  0.000000000  0.000000000
  0.000000000  0.000000000  0.000000000
 0 0 0
 0 0 0
 0 0 0
 0 0 0
 0 0 0
 0 0 0
 0 0 0
 0 0 0
 0 0 0
 0 0 0
 0 0 0
 0 0 0
 0 0 0
 0 0 0
 0 0 0
 0 0 0
 0 0 0
 0 0 0
 0 0 0
 0 0 0
 0 0 0
 0 0 0
 0 0 0
 0 0 0
 0 0 0
 0 0 0
 0 0 0
 0 0 0
 0 0 0
 0 0 0
 0 0 0
 0 0 0
 0 0 0
 0 0 0
 0 0 0
 0 0 0
 0 0 0
 0 0 0
 0 0 0
 0 0 0
 0 0 0
 0 0 0
 0 0 0
 0 0 0
 0 0 0
 0 0 0
 0 0 0
 0 0 0
 0 0 0
 0 0 0
 0 0 0
 0 0 0
 0 0 0
 0 0 0
 0 0 0
 0 0 0
 0 0 0
 0 0 0
 0 0 0
 0 0 0
 0 0 0
 0 0 0
 0 0 0
 0 0 0
 0 0 0
 0 0 0
 0 0 0
 0 0 0
 0 0 0
 0 0 0
  0.000000000  0.000000000  0.000000000
  0.000000000  0.000000000  0.000000000
  0.000000000  0.000000000  0.000000000
  0.000000000  0.000000000  0.000000000
  0.000000000  0.000000000  0.000000000
  0.000000000  0.000000000  0.000000000
  0.000000000  0.000000000  0.000000000
  0.000000000  0.000000000  0.000000000
  0.000000000  0.000000000  0.000000000
  0.000000000  0.000000000  0.000000000
  0.000000000  0.000000000  0.000000000
  0.000000000  0.000000000  0.000000000
  0.000000000  0.000000000  0.000000000
  0.000000000  0.000000000  0.000000000
  0.000000000  0.000000000  0.000000000
  0.000000000  0.000000000  0.000000000
  0.000000000  0.000000000  0.000000000
  0.000000000  0.000000000  0.000000000
  0.000000000  0.000000000  0.000000000
  0.000000000  0.000000000  0.000000000
  0.000000000  0.000000000  0.000000000
  0.000000000  0.000000000  0.000000000
  0.000000000  0.000000000  0.000000000
  0.000000000  0.000000000  0.000000000
  0.000000000  0.000000000  0.000000000
  0.000000000  0.000000000  0.000000000
  0.000000000  0.000000000  0.000000000
  0.000000000  0.000000000  0.000000000
  0.000000000  0.000000000  0.000000000
  0.000000000  0.000000000  0.000000000
  0.000000000  0.000000000  0.000000000
  0.000000000  0.000000000  0.000000000
  0.000000000  0.000000000  0.000000000
  0.000000000  0.000000000  0.000000000
  0.000000000  0.000000000  0.000000000
  0.000000000  0.000000000  0.000000000
  0.000000000  0.000000000  0.000000000
  0.000000000  0.000000000  0.000000000
  0.000000000  0.000000000  0.000000000
  0.000000000  0.000000000  0.000000000
  0.000000000  0.000000000  0.000000000
  0.000000000  0.000000000  0.000000000
  0.000000000  0.000000000  0.000000000
  0.000000000  0.000000000  0.000000000
  0.000000000  0.000000000  0.000000000
  0.000000000  0.000000000  0.000000000
  0.000000000  0.000000000  0.000000000
  0.000000000  0.000000000  0.000000000
  0.000000000  0.000000000  0.000000000
  0.000000000  0.000000000  0.000000000
  0.000000000  0.000000000  0.000000000
  0.000000000  0.000000000  0.000000000
  0.000000000  0.000000000  0.000000000
  0.000000000  0.000000000  0.000000000
  0.000000000  0.000000000  0.000000000
  0.000000000  0.000000000  0.000000000
  0.000000000  0.000000000  0.000000000
  0.000000000  0.000000000  0.000000000
  0.000000000  0.000000000  0.000000000
  0.000000000  0.000000000  0.000000000
  0.000000000  0.000000000  0.000000000
  0.000000000  0.000000000  0.000000000
  0.000000000  0.000000000  0.000000000
  0.000000000  0.000000000  0.000000000
  0.000000000  0.000000000  0.000000000
  0.000000000  0.000000000  0.000000000
  0.000000000  0.000000000  0.000000000
  0.000000000  0.000000000  0.000000000
  0.000000000  0.000000000  0.000000000
  0.000000000  0.000000000  0.000000000
  0.000000000  0.000000000  0.000000000
  0.000000000  0.000000000  0.000000000
  0.000000000  0.000000000  0.000000000
  0.000000000  0.000000000  0.000000000
  0.000000000  0.000000000  0.000000000
  0.000000000  0.000000000  0.000000000
  0.000000000  0.000000000  0.000000000
  0.000000000  0.000000000  0.000000000
  0.000000000  0.000000000  0.000000000
  0.000000000  0.000000000  0.000000000
  0.000000000  0.000000000  0.000000000
  0.000000000  0.000000000  0.000000000
  0.000000000  0.000000000  0.000000000
  0.000000000  0.000000000  0.000000000
  0.000000000  0.000000000  0.000000000
  0.000000000  0.000000000  0.000000000
  0.000000000  0.000000000  0.000000000
  0.000000000  0.000000000  0.000000000
  0.000000000  0.000000000  0.000000000
  0.000000000  0.000000000  0.000000000
  0.000000000  0.000000000  0.000000000
  0.000000000  0.000000000  0.000000000
  0.000000000  0.000000000  0.000000000
  0.000000000  0.000000000  0.000000000
  0.000000000  0.000000000  0.000000000
  0.000000000  0.000000000  0.000000000
  0.000000000  0.000000000  0.000000000
  0.000000000  0.000000000  0.000000000
   1.06000000000000     
   1.06000000000000     
   1.06000000000000     
   1.06000000000000     
   1.06000000000000     
   1.06000000000000     
   1.06000000000000     
   1.06000000000000     
   1.06000000000000     
   1.06000000000000     
   1.06000000000000     
   1.06000000000000     
   1.06000000000000     
   1.06000000000000     
   1.06000000000000     
   1.06000000000000     
   1.06000000000000     
   1.06000000000000     
   1.06000000000000     
   1.06000000000000     
   1.06000000000000     
   1.06000000000000     
   1.06000000000000     
   1.06000000000000     
   1.06000000000000     
   1.06000000000000     
   1.06000000000000     
   1.06000000000000     
  3.000000000000000E-002
  3.000000000000000E-002
  3.000000000000000E-002
  3.000000000000000E-002
  3.000000000000000E-002
  3.000000000000000E-002
  3.000000000000000E-002
  3.000000000000000E-002
  3.000000000000000E-002
  3.000000000000000E-002
  3.000000000000000E-002
  3.000000000000000E-002
  3.000000000000000E-002
  3.000000000000000E-002
  3.000000000000000E-002
  3.000000000000000E-002
  3.000000000000000E-002
  3.000000000000000E-002
  3.000000000000000E-002
  3.000000000000000E-002
  3.000000000000000E-002
  3.000000000000000E-002
  3.000000000000000E-002
  3.000000000000000E-002
  3.000000000000000E-002
  3.000000000000000E-002
  3.000000000000000E-002
  3.000000000000000E-002
