           3
 2 1 2
   9   2  12
  0.000000000  0.000000000  0.000000000  0.250000000  0.250000000  0.500000000  0.500000000  0.750000000  0.750000000  1.000000000  1.000000000  1.000000000
  0.000000000  0.000000000  1.000000000  1.000000000
  0.490909091  0.490909091  0.490909091  0.491416491  0.491923890  0.492431290  0.492938689  0.493446089  0.493953488  0.494460888  0.494968288  0.495475687  0.495983087  0.495983087  0.495983087
 -0.395570219700E+01 -0.366446789040E+02  0.228211097030E+02  0.100000000000E+01
 -0.395570219700E+01 -0.366446789040E+02  0.228211097030E+02  0.707107085110E+00
 -0.395570219700E+01 -0.366446789040E+02  0.228211097030E+02  0.100000000000E+01
 -0.395570219700E+01 -0.366446789040E+02  0.228211097030E+02  0.707106241423E+00
 -0.395570219700E+01 -0.366446789040E+02  0.228211097030E+02  0.100000000000E+01
 -0.395570219700E+01 -0.366446789040E+02  0.228211097030E+02  0.707107091466E+00
 -0.395570219700E+01 -0.366446789040E+02  0.228211097030E+02  0.100000000000E+01
 -0.395570219700E+01 -0.366446789040E+02  0.228211097030E+02  0.707107386722E+00
 -0.395570219700E+01 -0.366446789040E+02  0.228211097030E+02  0.100000000000E+01
 -0.392708128300E+01 -0.370078091100E+02  0.232450586720E+02  0.100000000000E+01
 -0.340675406400E+01 -0.369190692040E+02  0.231806291990E+02  0.707107085110E+00
 -0.327612307200E+01 -0.365969324510E+02  0.228161287520E+02  0.100000000000E+01
 -0.345810632300E+01 -0.363076978520E+02  0.224666254310E+02  0.707106241423E+00
 -0.398263797400E+01 -0.363029336810E+02  0.224221251670E+02  0.100000000000E+01
 -0.447131441600E+01 -0.366288981630E+02  0.216701667600E+02  0.707107091466E+00
 -0.453473991800E+01 -0.373547597320E+02  0.222519889040E+02  0.100000000000E+01
 -0.436137810600E+01 -0.377189203740E+02  0.229956478410E+02  0.707107386722E+00
 -0.392708128300E+01 -0.370078091100E+02  0.232450586720E+02  0.100000000000E+01
 -0.377712430800E+01 -0.368211606960E+02  0.226526939710E+02  0.100000000000E+01
 -0.377712430800E+01 -0.368211606960E+02  0.226526939710E+02  0.707106842338E+00
 -0.377712430800E+01 -0.368211606960E+02  0.226526939710E+02  0.100000000000E+01
 -0.377712430800E+01 -0.368211606960E+02  0.226526939710E+02  0.707107259360E+00
 -0.377712430800E+01 -0.368211606960E+02  0.226526939710E+02  0.100000000000E+01
 -0.377712430800E+01 -0.368211606960E+02  0.226526939710E+02  0.707106122361E+00
 -0.377712430800E+01 -0.368211606960E+02  0.226526939710E+02  0.100000000000E+01
 -0.377712430800E+01 -0.368211606960E+02  0.226526939710E+02  0.707106035005E+00
 -0.377712430800E+01 -0.368211606960E+02  0.226526939710E+02  0.100000000000E+01
 -0.376188861700E+01 -0.372382930620E+02  0.231034323890E+02  0.100000000000E+01
 -0.330415352400E+01 -0.370107430430E+02  0.231273916980E+02  0.707106842338E+00
 -0.325899785400E+01 -0.366611941210E+02  0.227832204100E+02  0.100000000000E+01
 -0.336666927000E+01 -0.363972579560E+02  0.224412617990E+02  0.707107259360E+00
 -0.379045114600E+01 -0.364562924670E+02  0.222584341670E+02  0.100000000000E+01
 -0.421917850900E+01 -0.367790657580E+02  0.216068205250E+02  0.707106122361E+00
 -0.427416176100E+01 -0.374168486760E+02  0.221182171230E+02  0.100000000000E+01
 -0.419143148200E+01 -0.378953457580E+02  0.227834482800E+02  0.707106035005E+00
 -0.376188861700E+01 -0.372382930620E+02  0.231034323890E+02  0.100000000000E+01
 -0.356540139200E+01 -0.369750190590E+02  0.225010621680E+02  0.100000000000E+01
 -0.356540139200E+01 -0.369750190590E+02  0.225010621680E+02  0.707106609463E+00
 -0.356540139200E+01 -0.369750190590E+02  0.225010621680E+02  0.100000000000E+01
 -0.356540139200E+01 -0.369750190590E+02  0.225010621680E+02  0.707107918804E+00
 -0.356540139200E+01 -0.369750190590E+02  0.225010621680E+02  0.100000000000E+01
 -0.356540139200E+01 -0.369750190590E+02  0.225010621680E+02  0.707106463705E+00
 -0.356540139200E+01 -0.369750190590E+02  0.225010621680E+02  0.100000000000E+01
 -0.356540139200E+01 -0.369750190590E+02  0.225010621680E+02  0.707105842404E+00
 -0.356540139200E+01 -0.369750190590E+02  0.225010621680E+02  0.100000000000E+01
 -0.356388997900E+01 -0.374285586730E+02  0.229518833370E+02  0.100000000000E+01
 -0.317067724600E+01 -0.371144937340E+02  0.230768927330E+02  0.707106609463E+00
 -0.318602310600E+01 -0.367636503910E+02  0.227124331580E+02  0.100000000000E+01
 -0.324336560100E+01 -0.364993092840E+02  0.223870677020E+02  0.707107918804E+00
 -0.356666397600E+01 -0.365961055730E+02  0.221244229160E+02  0.100000000000E+01
 -0.396579352900E+01 -0.368800142530E+02  0.215584213680E+02  0.707106463705E+00
 -0.403488015600E+01 -0.374752375270E+02  0.219993981530E+02  0.100000000000E+01
 -0.400444757700E+01 -0.380014644340E+02  0.225832717520E+02  0.707105842404E+00
 -0.356388997900E+01 -0.374285586730E+02  0.229518833370E+02  0.100000000000E+01
 -0.333209896600E+01 -0.371080483850E+02  0.223617181020E+02  0.100000000000E+01
 -0.333209896600E+01 -0.371080483850E+02  0.223617181020E+02  0.707105795240E+00
 -0.333209896600E+01 -0.371080483850E+02  0.223617181020E+02  0.100000000000E+01
 -0.333209896600E+01 -0.371080483850E+02  0.223617181020E+02  0.707107687331E+00
 -0.333209896600E+01 -0.371080483850E+02  0.223617181020E+02  0.100000000000E+01
 -0.333209896600E+01 -0.371080483850E+02  0.223617181020E+02  0.707107318300E+00
 -0.333209896600E+01 -0.371080483850E+02  0.223617181020E+02  0.100000000000E+01
 -0.333209896600E+01 -0.371080483850E+02  0.223617181020E+02  0.707106323873E+00
 -0.333209896600E+01 -0.371080483850E+02  0.223617181020E+02  0.100000000000E+01
 -0.333675704900E+01 -0.375889387330E+02  0.227934265900E+02  0.100000000000E+01
 -0.303668652000E+01 -0.372243375730E+02  0.229966578280E+02  0.707105795240E+00
 -0.305208135600E+01 -0.368626219260E+02  0.226381238900E+02  0.100000000000E+01
 -0.310928393400E+01 -0.366349051600E+02  0.223274075350E+02  0.707107687331E+00
 -0.332835369900E+01 -0.367213946500E+02  0.220146082210E+02  0.100000000000E+01
 -0.373518834500E+01 -0.369581913090E+02  0.215034148860E+02  0.707107318300E+00
 -0.382258760400E+01 -0.375379436200E+02  0.218775536930E+02  0.100000000000E+01
 -0.380187396400E+01 -0.380691630740E+02  0.224007096150E+02  0.707106323873E+00
 -0.333675704900E+01 -0.375889387330E+02  0.227934265900E+02  0.100000000000E+01
 -0.308501087400E+01 -0.372224898360E+02  0.222297274970E+02  0.100000000000E+01
 -0.308501087400E+01 -0.372224898360E+02  0.222297274970E+02  0.707105750294E+00
 -0.308501087400E+01 -0.372224898360E+02  0.222297274970E+02  0.100000000000E+01
 -0.308501087400E+01 -0.372224898360E+02  0.222297274970E+02  0.707108217498E+00
 -0.308501087400E+01 -0.372224898360E+02  0.222297274970E+02  0.100000000000E+01
 -0.308501087400E+01 -0.372224898360E+02  0.222297274970E+02  0.707107228180E+00
 -0.308501087400E+01 -0.372224898360E+02  0.222297274970E+02  0.100000000000E+01
 -0.308501087400E+01 -0.372224898360E+02  0.222297274970E+02  0.707105928772E+00
 -0.308501087400E+01 -0.372224898360E+02  0.222297274970E+02  0.100000000000E+01
 -0.308858317900E+01 -0.377271228970E+02  0.226335337470E+02  0.100000000000E+01
 -0.280097543600E+01 -0.373691593690E+02  0.228999300790E+02  0.707105750294E+00
 -0.284009972200E+01 -0.369933838490E+02  0.225182037630E+02  0.100000000000E+01
 -0.287412237400E+01 -0.367243672300E+02  0.222332649070E+02  0.707108217498E+00
 -0.308228085300E+01 -0.368368628740E+02  0.219211503930E+02  0.100000000000E+01
 -0.344217548000E+01 -0.370455706280E+02  0.213930865830E+02  0.707107228180E+00
 -0.352249046800E+01 -0.376317334120E+02  0.217144262100E+02  0.100000000000E+01
 -0.351430881200E+01 -0.382014300130E+02  0.221939830820E+02  0.707105928772E+00
 -0.308858317900E+01 -0.377271228970E+02  0.226335337470E+02  0.100000000000E+01
 -0.282956276700E+01 -0.373200515620E+02  0.221000698860E+02  0.100000000000E+01
 -0.282956276700E+01 -0.373200515620E+02  0.221000698860E+02  0.707106761751E+00
 -0.282956276700E+01 -0.373200515620E+02  0.221000698860E+02  0.100000000000E+01
 -0.282956276700E+01 -0.373200515620E+02  0.221000698860E+02  0.707105289857E+00
 -0.282956276700E+01 -0.373200515620E+02  0.221000698860E+02  0.100000000000E+01
 -0.282956276700E+01 -0.373200515620E+02  0.221000698860E+02  0.707107307822E+00
 -0.282956276700E+01 -0.373200515620E+02  0.221000698860E+02  0.100000000000E+01
 -0.282956276700E+01 -0.373200515620E+02  0.221000698860E+02  0.707107765317E+00
 -0.282956276700E+01 -0.373200515620E+02  0.221000698860E+02  0.100000000000E+01
 -0.282482512500E+01 -0.378788821950E+02  0.224933340980E+02  0.100000000000E+01
 -0.256486470500E+01 -0.375027100180E+02  0.227501281310E+02  0.707106761751E+00
 -0.260701214600E+01 -0.371095436850E+02  0.223965216490E+02  0.100000000000E+01
 -0.264915397800E+01 -0.368423389600E+02  0.221294528670E+02  0.707105289857E+00
 -0.283301980300E+01 -0.369122580350E+02  0.218130913910E+02  0.100000000000E+01
 -0.316403539300E+01 -0.371085126040E+02  0.212918873620E+02  0.707107307822E+00
 -0.323693998000E+01 -0.377053891310E+02  0.215574144920E+02  0.100000000000E+01
 -0.324714681800E+01 -0.383823047720E+02  0.220021792740E+02  0.707107765317E+00
 -0.282482512500E+01 -0.378788821950E+02  0.224933340980E+02  0.100000000000E+01
 -0.257015168800E+01 -0.374015157200E+02  0.219672065890E+02  0.100000000000E+01
 -0.257015168800E+01 -0.374015157200E+02  0.219672065890E+02  0.707107134422E+00
 -0.257015168800E+01 -0.374015157200E+02  0.219672065890E+02  0.100000000000E+01
 -0.257015168800E+01 -0.374015157200E+02  0.219672065890E+02  0.707106526695E+00
 -0.257015168800E+01 -0.374015157200E+02  0.219672065890E+02  0.100000000000E+01
 -0.257015168800E+01 -0.374015157200E+02  0.219672065890E+02  0.707106560643E+00
 -0.257015168800E+01 -0.374015157200E+02  0.219672065890E+02  0.100000000000E+01
 -0.257015168800E+01 -0.374015157200E+02  0.219672065890E+02  0.707106902986E+00
 -0.257015168800E+01 -0.374015157200E+02  0.219672065890E+02  0.100000000000E+01
 -0.254824527700E+01 -0.379970591510E+02  0.223287266770E+02  0.100000000000E+01
 -0.228293961500E+01 -0.376282261280E+02  0.226353575910E+02  0.707107134422E+00
 -0.236683290100E+01 -0.372188044570E+02  0.222558732160E+02  0.100000000000E+01
 -0.241626211600E+01 -0.369552051200E+02  0.220202692040E+02  0.707106526695E+00
 -0.258575537300E+01 -0.369773226120E+02  0.217097037420E+02  0.100000000000E+01
 -0.290200340600E+01 -0.371689717830E+02  0.212110011560E+02  0.707106560643E+00
 -0.297447191000E+01 -0.377648560210E+02  0.213931650860E+02  0.100000000000E+01
 -0.299362079800E+01 -0.385485906710E+02  0.217776519540E+02  0.707106902986E+00
 -0.254824527700E+01 -0.379970591510E+02  0.223287266770E+02  0.100000000000E+01
 -0.230811021000E+01 -0.374673509200E+02  0.218308882280E+02  0.100000000000E+01
 -0.230811021000E+01 -0.374673509200E+02  0.218308882280E+02  0.707106676303E+00
 -0.230811021000E+01 -0.374673509200E+02  0.218308882280E+02  0.100000000000E+01
 -0.230811021000E+01 -0.374673509200E+02  0.218308882280E+02  0.707107784644E+00
 -0.230811021000E+01 -0.374673509200E+02  0.218308882280E+02  0.100000000000E+01
 -0.230811021000E+01 -0.374673509200E+02  0.218308882280E+02  0.707106429017E+00
 -0.230811021000E+01 -0.374673509200E+02  0.218308882280E+02  0.100000000000E+01
 -0.230811021000E+01 -0.374673509200E+02  0.218308882280E+02  0.707106234782E+00
 -0.230811021000E+01 -0.374673509200E+02  0.218308882280E+02  0.100000000000E+01
 -0.228540001000E+01 -0.380827255990E+02  0.221608459230E+02  0.100000000000E+01
 -0.202168159900E+01 -0.377199763990E+02  0.225316294160E+02  0.707106676303E+00
 -0.212224073800E+01 -0.372988318300E+02  0.221323849600E+02  0.100000000000E+01
 -0.217650579200E+01 -0.370476690250E+02  0.219059242270E+02  0.707107784644E+00
 -0.232384454600E+01 -0.370409997470E+02  0.216022846220E+02  0.100000000000E+01
 -0.262464155800E+01 -0.371780921470E+02  0.210518561120E+02  0.707106429017E+00
 -0.269092090600E+01 -0.378144247200E+02  0.212099371300E+02  0.100000000000E+01
 -0.272197080400E+01 -0.386705716830E+02  0.215411985390E+02  0.707106234782E+00
 -0.228540001000E+01 -0.380827255990E+02  0.221608459230E+02  0.100000000000E+01
 -0.203775743200E+01 -0.375256491170E+02  0.217080180000E+02  0.100000000000E+01
 -0.203775743200E+01 -0.375256491170E+02  0.217080180000E+02  0.707106777674E+00
 -0.203775743200E+01 -0.375256491170E+02  0.217080180000E+02  0.100000000000E+01
 -0.203775743200E+01 -0.375256491170E+02  0.217080180000E+02  0.707105710554E+00
 -0.203775743200E+01 -0.375256491170E+02  0.217080180000E+02  0.100000000000E+01
 -0.203775743200E+01 -0.375256491170E+02  0.217080180000E+02  0.707107218260E+00
 -0.203775743200E+01 -0.375256491170E+02  0.217080180000E+02  0.100000000000E+01
 -0.203775743200E+01 -0.375256491170E+02  0.217080180000E+02  0.707107418258E+00
 -0.203775743200E+01 -0.375256491170E+02  0.217080180000E+02  0.100000000000E+01
 -0.203788076900E+01 -0.381260073660E+02  0.220038257700E+02  0.100000000000E+01
 -0.180681163600E+01 -0.377911602020E+02  0.223819492260E+02  0.707106777674E+00
 -0.187929058100E+01 -0.373779903960E+02  0.220077656150E+02  0.100000000000E+01
 -0.191218122000E+01 -0.371141568580E+02  0.218003120290E+02  0.707105710554E+00
 -0.203766754400E+01 -0.370884069610E+02  0.214925787290E+02  0.100000000000E+01
 -0.231906348500E+01 -0.371952209000E+02  0.208836642250E+02  0.707107218260E+00
 -0.240175665100E+01 -0.378648248320E+02  0.210194937990E+02  0.100000000000E+01
 -0.245125783900E+01 -0.387659476940E+02  0.213475478430E+02  0.707107418258E+00
 -0.203788076900E+01 -0.381260073660E+02  0.220038257700E+02  0.100000000000E+01
 -0.176242430800E+01 -0.375829150740E+02  0.215961505970E+02  0.100000000000E+01
 -0.176242430800E+01 -0.375829150740E+02  0.215961505970E+02  0.707108091493E+00
 -0.176242430800E+01 -0.375829150740E+02  0.215961505970E+02  0.100000000000E+01
 -0.176242430800E+01 -0.375829150740E+02  0.215961505970E+02  0.707105776547E+00
 -0.176242430800E+01 -0.375829150740E+02  0.215961505970E+02  0.100000000000E+01
 -0.176242430800E+01 -0.375829150740E+02  0.215961505970E+02  0.707106060230E+00
 -0.176242430800E+01 -0.375829150740E+02  0.215961505970E+02  0.100000000000E+01
 -0.176242430800E+01 -0.375829150740E+02  0.215961505970E+02  0.707107232707E+00
 -0.176242430800E+01 -0.375829150740E+02  0.215961505970E+02  0.100000000000E+01
 -0.178135645300E+01 -0.381748647110E+02  0.218613282950E+02  0.100000000000E+01
 -0.166985301200E+01 -0.378514060940E+02  0.222770942500E+02  0.707108091493E+00
 -0.167850861200E+01 -0.374222489620E+02  0.219607963830E+02  0.100000000000E+01
 -0.169104072800E+01 -0.371755520850E+02  0.217370938610E+02  0.707105776547E+00
 -0.174890113500E+01 -0.371600869230E+02  0.214067352780E+02  0.100000000000E+01
 -0.207996972300E+01 -0.371753487800E+02  0.207693247500E+02  0.707106060230E+00
 -0.219812943600E+01 -0.378811797620E+02  0.208992376090E+02  0.100000000000E+01
 -0.226379967300E+01 -0.387901650350E+02  0.212351141740E+02  0.707107232707E+00
 -0.178135645300E+01 -0.381748647110E+02  0.218613282950E+02  0.100000000000E+01
 -0.148465902100E+01 -0.376404147280E+02  0.214905739840E+02  0.100000000000E+01
 -0.148465902100E+01 -0.376404147280E+02  0.214905739840E+02  0.707106955698E+00
 -0.148465902100E+01 -0.376404147280E+02  0.214905739840E+02  0.100000000000E+01
 -0.148465902100E+01 -0.376404147280E+02  0.214905739840E+02  0.707106260982E+00
 -0.148465902100E+01 -0.376404147280E+02  0.214905739840E+02  0.100000000000E+01
 -0.148465902100E+01 -0.376404147280E+02  0.214905739840E+02  0.707106820116E+00
 -0.148465902100E+01 -0.376404147280E+02  0.214905739840E+02  0.100000000000E+01
 -0.148465902100E+01 -0.376404147280E+02  0.214905739840E+02  0.707107053461E+00
 -0.148465902100E+01 -0.376404147280E+02  0.214905739840E+02  0.100000000000E+01
 -0.151831308100E+01 -0.382208148450E+02  0.217239493060E+02  0.100000000000E+01
 -0.152392277600E+01 -0.379286737640E+02  0.222305589820E+02  0.707106955698E+00
 -0.149306080700E+01 -0.374584164180E+02  0.219419894800E+02  0.100000000000E+01
 -0.147305347400E+01 -0.372093668340E+02  0.216877913550E+02  0.707106260982E+00
 -0.146130206600E+01 -0.372375983020E+02  0.213286035140E+02  0.100000000000E+01
 -0.184742945600E+01 -0.371731377830E+02  0.206848483230E+02  0.707106820116E+00
 -0.200820767000E+01 -0.378934178180E+02  0.207858631410E+02  0.100000000000E+01
 -0.207655547800E+01 -0.387948244680E+02  0.211228304480E+02  0.707107053461E+00
 -0.151831308100E+01 -0.382208148450E+02  0.217239493060E+02  0.100000000000E+01
 -0.120551554400E+01 -0.376983363430E+02  0.213889302120E+02  0.100000000000E+01
 -0.120551554400E+01 -0.376983363430E+02  0.213889302120E+02  0.707106545727E+00
 -0.120551554400E+01 -0.376983363430E+02  0.213889302120E+02  0.100000000000E+01
 -0.120551554400E+01 -0.376983363430E+02  0.213889302120E+02  0.707105341611E+00
 -0.120551554400E+01 -0.376983363430E+02  0.213889302120E+02  0.100000000000E+01
 -0.120551554400E+01 -0.376983363430E+02  0.213889302120E+02  0.707107195957E+00
 -0.120551554400E+01 -0.376983363430E+02  0.213889302120E+02  0.100000000000E+01
 -0.120551554400E+01 -0.376983363430E+02  0.213889302120E+02  0.707107580237E+00
 -0.120551554400E+01 -0.376983363430E+02  0.213889302120E+02  0.100000000000E+01
 -0.123599353900E+01 -0.382378811270E+02  0.216055705490E+02  0.100000000000E+01
 -0.139035764700E+01 -0.379945908930E+02  0.222020245240E+02  0.707106545727E+00
 -0.135112102000E+01 -0.374645029590E+02  0.219508088480E+02  0.100000000000E+01
 -0.128335509000E+01 -0.372153466630E+02  0.216290652430E+02  0.707105341611E+00
 -0.118303214000E+01 -0.373003211530E+02  0.212291152260E+02  0.100000000000E+01
 -0.165173525400E+01 -0.371838338620E+02  0.205693519670E+02  0.707107195957E+00
 -0.184499739300E+01 -0.379461718360E+02  0.206817342300E+02  0.100000000000E+01
 -0.186811423700E+01 -0.388225325170E+02  0.210676493450E+02  0.707107580237E+00
 -0.123599353900E+01 -0.382378811270E+02  0.216055705490E+02  0.100000000000E+01
           1
           2
           3
           4
           5
           6
           7
           8
           9
          10
          11
          12
          13
          14
          15
          16
          17
          18
          19
          20
          21
          22
          23
          24
          25
          26
          27
          28
          29
          30
          31
          32
          33
          34
          35
          36
          37
          38
          39
          40
          41
          42
          43
          44
          45
          46
          47
          48
          49
          50
          51
          52
          53
          54
          55
          56
          57
          58
          59
          60
          61
          62
          63
          64
          65
          66
          67
          68
          69
          70
          71
          72
          73
          74
          75
          76
          77
          78
          79
          80
          81
          82
          83
          84
          85
          86
          87
          88
          89
          90
          91
          92
          93
          94
          95
          96
          97
          98
          99
         100
         101
         102
         103
         104
         105
         106
         107
         108
         109
         110
         111
         112
         113
         114
         115
         116
         117
         118
         119
         120
         121
         122
         123
         124
         125
         126
         127
         128
         129
         130
         131
         132
         133
         134
         135
         136
         137
         138
         139
         140
         141
         142
         143
         144
         145
         146
         147
         148
         149
         150
         151
         152
         153
         154
         155
         156
         157
         158
         159
         160
         161
         162
         163
         164
         165
         166
         167
         168
         169
         170
         171
         172
         173
         174
         175
         176
         177
         178
         179
         180
         181
         182
         183
         184
         185
         186
         187
         188
         189
         190
         191
         192
         193
         194
         195
         196
         197
         198
         199
         200
         201
         202
         203
         204
         205
         206
         207
         208
         209
         210
         211
         212
         213
         214
         215
         216
 1 0 0
 0 0 0
 0 0 0
 0 0 0
 0 0 0
 0 0 0
 0 0 0
 0 0 0
 0 0 0
 0 0 0
 0 0 0
 0 0 0
 0 0 0
 0 0 0
 0 0 0
 0 0 0
 0 0 0
 0 0 0
 0 0 0
 0 0 0
 0 0 0
 0 0 0
 0 0 0
 0 0 0
 0 0 0
 0 0 0
 0 0 0
 0 0 0
 0 0 0
 0 0 0
 0 0 0
 0 0 0
 0 0 0
 0 0 0
 0 0 0
 0 0 0
 0 0 0
 0 0 0
 0 0 0
 0 0 0
 0 0 0
 0 0 0
 0 0 0
 0 0 0
 0 0 0
 0 0 0
 0 0 0
 0 0 0
 0 0 0
 0 0 0
 0 0 0
 0 0 0
 0 0 0
 0 0 0
 0 0 0
 0 0 0
 0 0 0
 0 0 0
 0 0 0
 0 0 0
 0 0 0
 0 0 0
 0 0 0
 0 0 0
 0 0 0
 0 0 0
 0 0 0
 0 0 0
 0 0 0
 0 0 0
 0 0 0
 0 0 0
 0 0 0
 0 0 0
 0 0 0
 0 0 0
 0 0 0
 0 0 0
 0 0 0
 0 0 0
 0 0 0
 0 0 0
 0 0 0
 0 0 0
 0 0 0
 0 0 0
 0 0 0
 0 0 0
 0 0 0
 0 0 0
 0 0 0
 0 0 0
 0 0 0
 0 0 0
 0 0 0
 0 0 0
 0 0 0
 0 0 0
 0 0 0
 0 0 0
 0 0 0
 0 0 0
 0 0 0
 0 0 0
 0 0 0
 0 0 0
 0 0 0
 0 0 0
 0 0 0
 0 0 0
 0 0 0
 0 0 0
 0 0 0
 0 0 0
 0 0 0
 0 0 0
 0 0 0
 0 0 0
 0 0 0
 0 0 0
 0 0 0
 0 0 0
 0 0 0
 0 0 0
 0 0 0
 0 0 0
 0 0 0
 0 0 0
 0 0 0
 0 0 0
 0 0 0
 0 0 0
 0 0 0
 0 0 0
 0 0 0
 0 0 0
 0 0 0
 0 0 0
 0 0 0
 0 0 0
 0 0 0
 0 0 0
 0 0 0
 0 0 0
 0 0 0
 0 0 0
 0 0 0
 0 0 0
 0 0 0
 0 0 0
 0 0 0
 0 0 0
 0 0 0
 0 0 0
 0 0 0
 0 0 0
 0 0 0
 0 0 0
 0 0 0
 0 0 0
 0 0 0
 0 0 0
 0 0 0
 0 0 0
 0 0 0
 0 0 0
 0 0 0
 0 0 0
 0 0 0
 0 0 0
 0 0 0
 0 0 0
 0 0 0
 0 0 0
 0 0 0
 0 0 0
 0 0 0
 0 0 0
 0 0 0
 0 0 0
 0 0 0
 0 0 0
 0 0 0
 0 0 0
 0 0 0
 0 0 0
 0 0 0
 0 0 0
 0 0 0
 0 0 0
 0 0 0
 0 0 0
 0 0 0
 0 0 0
 0 0 0
 0 0 0
 0 0 0
 0 0 0
 0 0 0
 0 0 0
 0 0 0
 0 0 0
 0 0 0
 0 0 0
 0 0 0
 0 0 0
 0 0 0
 0 0 0
 0 0 0
 0 0 0
 0 0 0
 0 0 0
 0 0 0
 0 0 0
 0 0 0
 0 0 0
 0 0 0
  0.000000000  0.000000000  0.000000000
  0.000000000  0.000000000  0.000000000
  0.000000000  0.000000000  0.000000000
  0.000000000  0.000000000  0.000000000
  0.000000000  0.000000000  0.000000000
  0.000000000  0.000000000  0.000000000
  0.000000000  0.000000000  0.000000000
  0.000000000  0.000000000  0.000000000
  0.000000000  0.000000000  0.000000000
  0.000000000  0.000000000  0.000000000
  0.000000000  0.000000000  0.000000000
  0.000000000  0.000000000  0.000000000
  0.000000000  0.000000000  0.000000000
  0.000000000  0.000000000  0.000000000
  0.000000000  0.000000000  0.000000000
  0.000000000  0.000000000  0.000000000
  0.000000000  0.000000000  0.000000000
  0.000000000  0.000000000  0.000000000
  0.000000000  0.000000000  0.000000000
  0.000000000  0.000000000  0.000000000
  0.000000000  0.000000000  0.000000000
  0.000000000  0.000000000  0.000000000
  0.000000000  0.000000000  0.000000000
  0.000000000  0.000000000  0.000000000
  0.000000000  0.000000000  0.000000000
  0.000000000  0.000000000  0.000000000
  0.000000000  0.000000000  0.000000000
  0.000000000  0.000000000  0.000000000
  0.000000000  0.000000000  0.000000000
  0.000000000  0.000000000  0.000000000
  0.000000000  0.000000000  0.000000000
  0.000000000  0.000000000  0.000000000
  0.000000000  0.000000000  0.000000000
  0.000000000  0.000000000  0.000000000
  0.000000000  0.000000000  0.000000000
  0.000000000  0.000000000  0.000000000
  0.000000000  0.000000000  0.000000000
  0.000000000  0.000000000  0.000000000
  0.000000000  0.000000000  0.000000000
  0.000000000  0.000000000  0.000000000
  0.000000000  0.000000000  0.000000000
  0.000000000  0.000000000  0.000000000
  0.000000000  0.000000000  0.000000000
  0.000000000  0.000000000  0.000000000
  0.000000000  0.000000000  0.000000000
  0.000000000  0.000000000  0.000000000
  0.000000000  0.000000000  0.000000000
  0.000000000  0.000000000  0.000000000
  0.000000000  0.000000000  0.000000000
  0.000000000  0.000000000  0.000000000
  0.000000000  0.000000000  0.000000000
  0.000000000  0.000000000  0.000000000
  0.000000000  0.000000000  0.000000000
  0.000000000  0.000000000  0.000000000
  0.000000000  0.000000000  0.000000000
  0.000000000  0.000000000  0.000000000
  0.000000000  0.000000000  0.000000000
  0.000000000  0.000000000  0.000000000
  0.000000000  0.000000000  0.000000000
  0.000000000  0.000000000  0.000000000
  0.000000000  0.000000000  0.000000000
  0.000000000  0.000000000  0.000000000
  0.000000000  0.000000000  0.000000000
  0.000000000  0.000000000  0.000000000
  0.000000000  0.000000000  0.000000000
  0.000000000  0.000000000  0.000000000
  0.000000000  0.000000000  0.000000000
  0.000000000  0.000000000  0.000000000
  0.000000000  0.000000000  0.000000000
  0.000000000  0.000000000  0.000000000
  0.000000000  0.000000000  0.000000000
  0.000000000  0.000000000  0.000000000
  0.000000000  0.000000000  0.000000000
  0.000000000  0.000000000  0.000000000
  0.000000000  0.000000000  0.000000000
  0.000000000  0.000000000  0.000000000
  0.000000000  0.000000000  0.000000000
  0.000000000  0.000000000  0.000000000
  0.000000000  0.000000000  0.000000000
  0.000000000  0.000000000  0.000000000
  0.000000000  0.000000000  0.000000000
  0.000000000  0.000000000  0.000000000
  0.000000000  0.000000000  0.000000000
  0.000000000  0.000000000  0.000000000
  0.000000000  0.000000000  0.000000000
  0.000000000  0.000000000  0.000000000
  0.000000000  0.000000000  0.000000000
  0.000000000  0.000000000  0.000000000
  0.000000000  0.000000000  0.000000000
  0.000000000  0.000000000  0.000000000
  0.000000000  0.000000000  0.000000000
  0.000000000  0.000000000  0.000000000
  0.000000000  0.000000000  0.000000000
  0.000000000  0.000000000  0.000000000
  0.000000000  0.000000000  0.000000000
  0.000000000  0.000000000  0.000000000
  0.000000000  0.000000000  0.000000000
  0.000000000  0.000000000  0.000000000
  0.000000000  0.000000000  0.000000000
  0.000000000  0.000000000  0.000000000
  0.000000000  0.000000000  0.000000000
  0.000000000  0.000000000  0.000000000
  0.000000000  0.000000000  0.000000000
  0.000000000  0.000000000  0.000000000
  0.000000000  0.000000000  0.000000000
  0.000000000  0.000000000  0.000000000
  0.000000000  0.000000000  0.000000000
  0.000000000  0.000000000  0.000000000
  0.000000000  0.000000000  0.000000000
  0.000000000  0.000000000  0.000000000
  0.000000000  0.000000000  0.000000000
  0.000000000  0.000000000  0.000000000
  0.000000000  0.000000000  0.000000000
  0.000000000  0.000000000  0.000000000
  0.000000000  0.000000000  0.000000000
  0.000000000  0.000000000  0.000000000
  0.000000000  0.000000000  0.000000000
  0.000000000  0.000000000  0.000000000
  0.000000000  0.000000000  0.000000000
  0.000000000  0.000000000  0.000000000
  0.000000000  0.000000000  0.000000000
  0.000000000  0.000000000  0.000000000
  0.000000000  0.000000000  0.000000000
  0.000000000  0.000000000  0.000000000
  0.000000000  0.000000000  0.000000000
  0.000000000  0.000000000  0.000000000
  0.000000000  0.000000000  0.000000000
  0.000000000  0.000000000  0.000000000
  0.000000000  0.000000000  0.000000000
  0.000000000  0.000000000  0.000000000
  0.000000000  0.000000000  0.000000000
  0.000000000  0.000000000  0.000000000
  0.000000000  0.000000000  0.000000000
  0.000000000  0.000000000  0.000000000
  0.000000000  0.000000000  0.000000000
  0.000000000  0.000000000  0.000000000
  0.000000000  0.000000000  0.000000000
  0.000000000  0.000000000  0.000000000
  0.000000000  0.000000000  0.000000000
  0.000000000  0.000000000  0.000000000
  0.000000000  0.000000000  0.000000000
  0.000000000  0.000000000  0.000000000
  0.000000000  0.000000000  0.000000000
  0.000000000  0.000000000  0.000000000
  0.000000000  0.000000000  0.000000000
  0.000000000  0.000000000  0.000000000
  0.000000000  0.000000000  0.000000000
  0.000000000  0.000000000  0.000000000
  0.000000000  0.000000000  0.000000000
  0.000000000  0.000000000  0.000000000
  0.000000000  0.000000000  0.000000000
  0.000000000  0.000000000  0.000000000
  0.000000000  0.000000000  0.000000000
  0.000000000  0.000000000  0.000000000
  0.000000000  0.000000000  0.000000000
  0.000000000  0.000000000  0.000000000
  0.000000000  0.000000000  0.000000000
  0.000000000  0.000000000  0.000000000
  0.000000000  0.000000000  0.000000000
  0.000000000  0.000000000  0.000000000
  0.000000000  0.000000000  0.000000000
  0.000000000  0.000000000  0.000000000
  0.000000000  0.000000000  0.000000000
  0.000000000  0.000000000  0.000000000
  0.000000000  0.000000000  0.000000000
  0.000000000  0.000000000  0.000000000
  0.000000000  0.000000000  0.000000000
  0.000000000  0.000000000  0.000000000
  0.000000000  0.000000000  0.000000000
  0.000000000  0.000000000  0.000000000
  0.000000000  0.000000000  0.000000000
  0.000000000  0.000000000  0.000000000
  0.000000000  0.000000000  0.000000000
  0.000000000  0.000000000  0.000000000
  0.000000000  0.000000000  0.000000000
  0.000000000  0.000000000  0.000000000
  0.000000000  0.000000000  0.000000000
  0.000000000  0.000000000  0.000000000
  0.000000000  0.000000000  0.000000000
  0.000000000  0.000000000  0.000000000
  0.000000000  0.000000000  0.000000000
  0.000000000  0.000000000  0.000000000
  0.000000000  0.000000000  0.000000000
  0.000000000  0.000000000  0.000000000
  0.000000000  0.000000000  0.000000000
  0.000000000  0.000000000  0.000000000
  0.000000000  0.000000000  0.000000000
  0.000000000  0.000000000  0.000000000
  0.000000000  0.000000000  0.000000000
  0.000000000  0.000000000  0.000000000
  0.000000000  0.000000000  0.000000000
  0.000000000  0.000000000  0.000000000
  0.000000000  0.000000000  0.000000000
  0.000000000  0.000000000  0.000000000
  0.000000000  0.000000000  0.000000000
  0.000000000  0.000000000  0.000000000
  0.000000000  0.000000000  0.000000000
  0.000000000  0.000000000  0.000000000
  0.000000000  0.000000000  0.000000000
  0.000000000  0.000000000  0.000000000
  0.000000000  0.000000000  0.000000000
  0.000000000  0.000000000  0.000000000
  0.000000000  0.000000000  0.000000000
  0.000000000  0.000000000  0.000000000
  0.000000000  0.000000000  0.000000000
  0.000000000  0.000000000  0.000000000
  0.000000000  0.000000000  0.000000000
  0.000000000  0.000000000  0.000000000
  0.000000000  0.000000000  0.000000000
  0.000000000  0.000000000  0.000000000
  0.000000000  0.000000000  0.000000000
  0.000000000  0.000000000  0.000000000
  0.000000000  0.000000000  0.000000000
  0.000000000  0.000000000  0.000000000
  0.000000000  0.000000000  0.000000000
  0.000000000  0.000000000  0.000000000
 0 0 0
 0 0 0
 0 0 0
 0 0 0
 0 0 0
 0 0 0
 0 0 0
 0 0 0
 0 0 0
 0 0 0
 0 0 0
 0 0 0
 0 0 0
 0 0 0
 0 0 0
 0 0 0
 0 0 0
 0 0 0
 0 0 0
 0 0 0
 0 0 0
 0 0 0
 0 0 0
 0 0 0
 0 0 0
 0 0 0
 0 0 0
 0 0 0
 0 0 0
 0 0 0
 0 0 0
 0 0 0
 0 0 0
 0 0 0
 0 0 0
 0 0 0
 0 0 0
 0 0 0
 0 0 0
 0 0 0
 0 0 0
 0 0 0
 0 0 0
 0 0 0
 0 0 0
 0 0 0
 0 0 0
 0 0 0
 0 0 0
 0 0 0
 0 0 0
 0 0 0
 0 0 0
 0 0 0
 0 0 0
 0 0 0
 0 0 0
 0 0 0
 0 0 0
 0 0 0
 0 0 0
 0 0 0
 0 0 0
 0 0 0
 0 0 0
 0 0 0
 0 0 0
 0 0 0
 0 0 0
 0 0 0
 0 0 0
 0 0 0
 0 0 0
 0 0 0
 0 0 0
 0 0 0
 0 0 0
 0 0 0
 0 0 0
 0 0 0
 0 0 0
 0 0 0
 0 0 0
 0 0 0
 0 0 0
 0 0 0
 0 0 0
 0 0 0
 0 0 0
 0 0 0
 0 0 0
 0 0 0
 0 0 0
 0 0 0
 0 0 0
 0 0 0
 0 0 0
 0 0 0
 0 0 0
 0 0 0
 0 0 0
 0 0 0
 0 0 0
 0 0 0
 0 0 0
 0 0 0
 0 0 0
 0 0 0
 0 0 0
 0 0 0
 0 0 0
 0 0 0
 0 0 0
 0 0 0
 0 0 0
 0 0 0
 0 0 0
 0 0 0
 0 0 0
 0 0 0
 0 0 0
 0 0 0
 0 0 0
 0 0 0
 0 0 0
 0 0 0
 0 0 0
 0 0 0
 0 0 0
 0 0 0
 0 0 0
 0 0 0
 0 0 0
 0 0 0
 0 0 0
 0 0 0
 0 0 0
 0 0 0
 0 0 0
 0 0 0
 0 0 0
 0 0 0
 0 0 0
 0 0 0
 0 0 0
 0 0 0
 0 0 0
 0 0 0
 0 0 0
 0 0 0
 0 0 0
 0 0 0
 0 0 0
 0 0 0
  0.000000000  0.000000000  0.000000000
  0.000000000  0.000000000  0.000000000
  0.000000000  0.000000000  0.000000000
  0.000000000  0.000000000  0.000000000
  0.000000000  0.000000000  0.000000000
  0.000000000  0.000000000  0.000000000
  0.000000000  0.000000000  0.000000000
  0.000000000  0.000000000  0.000000000
  0.000000000  0.000000000  0.000000000
  0.000000000  0.000000000  0.000000000
  0.000000000  0.000000000  0.000000000
  0.000000000  0.000000000  0.000000000
  0.000000000  0.000000000  0.000000000
  0.000000000  0.000000000  0.000000000
  0.000000000  0.000000000  0.000000000
  0.000000000  0.000000000  0.000000000
  0.000000000  0.000000000  0.000000000
  0.000000000  0.000000000  0.000000000
  0.000000000  0.000000000  0.000000000
  0.000000000  0.000000000  0.000000000
  0.000000000  0.000000000  0.000000000
  0.000000000  0.000000000  0.000000000
  0.000000000  0.000000000  0.000000000
  0.000000000  0.000000000  0.000000000
  0.000000000  0.000000000  0.000000000
  0.000000000  0.000000000  0.000000000
  0.000000000  0.000000000  0.000000000
  0.000000000  0.000000000  0.000000000
  0.000000000  0.000000000  0.000000000
  0.000000000  0.000000000  0.000000000
  0.000000000  0.000000000  0.000000000
  0.000000000  0.000000000  0.000000000
  0.000000000  0.000000000  0.000000000
  0.000000000  0.000000000  0.000000000
  0.000000000  0.000000000  0.000000000
  0.000000000  0.000000000  0.000000000
  0.000000000  0.000000000  0.000000000
  0.000000000  0.000000000  0.000000000
  0.000000000  0.000000000  0.000000000
  0.000000000  0.000000000  0.000000000
  0.000000000  0.000000000  0.000000000
  0.000000000  0.000000000  0.000000000
  0.000000000  0.000000000  0.000000000
  0.000000000  0.000000000  0.000000000
  0.000000000  0.000000000  0.000000000
  0.000000000  0.000000000  0.000000000
  0.000000000  0.000000000  0.000000000
  0.000000000  0.000000000  0.000000000
  0.000000000  0.000000000  0.000000000
  0.000000000  0.000000000  0.000000000
  0.000000000  0.000000000  0.000000000
  0.000000000  0.000000000  0.000000000
  0.000000000  0.000000000  0.000000000
  0.000000000  0.000000000  0.000000000
  0.000000000  0.000000000  0.000000000
  0.000000000  0.000000000  0.000000000
  0.000000000  0.000000000  0.000000000
  0.000000000  0.000000000  0.000000000
  0.000000000  0.000000000  0.000000000
  0.000000000  0.000000000  0.000000000
  0.000000000  0.000000000  0.000000000
  0.000000000  0.000000000  0.000000000
  0.000000000  0.000000000  0.000000000
  0.000000000  0.000000000  0.000000000
  0.000000000  0.000000000  0.000000000
  0.000000000  0.000000000  0.000000000
  0.000000000  0.000000000  0.000000000
  0.000000000  0.000000000  0.000000000
  0.000000000  0.000000000  0.000000000
  0.000000000  0.000000000  0.000000000
  0.000000000  0.000000000  0.000000000
  0.000000000  0.000000000  0.000000000
  0.000000000  0.000000000  0.000000000
  0.000000000  0.000000000  0.000000000
  0.000000000  0.000000000  0.000000000
  0.000000000  0.000000000  0.000000000
  0.000000000  0.000000000  0.000000000
  0.000000000  0.000000000  0.000000000
  0.000000000  0.000000000  0.000000000
  0.000000000  0.000000000  0.000000000
  0.000000000  0.000000000  0.000000000
  0.000000000  0.000000000  0.000000000
  0.000000000  0.000000000  0.000000000
  0.000000000  0.000000000  0.000000000
  0.000000000  0.000000000  0.000000000
  0.000000000  0.000000000  0.000000000
  0.000000000  0.000000000  0.000000000
  0.000000000  0.000000000  0.000000000
  0.000000000  0.000000000  0.000000000
  0.000000000  0.000000000  0.000000000
  0.000000000  0.000000000  0.000000000
  0.000000000  0.000000000  0.000000000
  0.000000000  0.000000000  0.000000000
  0.000000000  0.000000000  0.000000000
  0.000000000  0.000000000  0.000000000
  0.000000000  0.000000000  0.000000000
  0.000000000  0.000000000  0.000000000
  0.000000000  0.000000000  0.000000000
  0.000000000  0.000000000  0.000000000
  0.000000000  0.000000000  0.000000000
  0.000000000  0.000000000  0.000000000
  0.000000000  0.000000000  0.000000000
  0.000000000  0.000000000  0.000000000
  0.000000000  0.000000000  0.000000000
  0.000000000  0.000000000  0.000000000
  0.000000000  0.000000000  0.000000000
  0.000000000  0.000000000  0.000000000
  0.000000000  0.000000000  0.000000000
  0.000000000  0.000000000  0.000000000
  0.000000000  0.000000000  0.000000000
  0.000000000  0.000000000  0.000000000
  0.000000000  0.000000000  0.000000000
  0.000000000  0.000000000  0.000000000
  0.000000000  0.000000000  0.000000000
  0.000000000  0.000000000  0.000000000
  0.000000000  0.000000000  0.000000000
  0.000000000  0.000000000  0.000000000
  0.000000000  0.000000000  0.000000000
  0.000000000  0.000000000  0.000000000
  0.000000000  0.000000000  0.000000000
  0.000000000  0.000000000  0.000000000
  0.000000000  0.000000000  0.000000000
  0.000000000  0.000000000  0.000000000
  0.000000000  0.000000000  0.000000000
  0.000000000  0.000000000  0.000000000
  0.000000000  0.000000000  0.000000000
  0.000000000  0.000000000  0.000000000
  0.000000000  0.000000000  0.000000000
  0.000000000  0.000000000  0.000000000
  0.000000000  0.000000000  0.000000000
  0.000000000  0.000000000  0.000000000
  0.000000000  0.000000000  0.000000000
  0.000000000  0.000000000  0.000000000
  0.000000000  0.000000000  0.000000000
  0.000000000  0.000000000  0.000000000
  0.000000000  0.000000000  0.000000000
  0.000000000  0.000000000  0.000000000
  0.000000000  0.000000000  0.000000000
  0.000000000  0.000000000  0.000000000
  0.000000000  0.000000000  0.000000000
  0.000000000  0.000000000  0.000000000
  0.000000000  0.000000000  0.000000000
  0.000000000  0.000000000  0.000000000
  0.000000000  0.000000000  0.000000000
  0.000000000  0.000000000  0.000000000
  0.000000000  0.000000000  0.000000000
  0.000000000  0.000000000  0.000000000
  0.000000000  0.000000000  0.000000000
  0.000000000  0.000000000  0.000000000
  0.000000000  0.000000000  0.000000000
  0.000000000  0.000000000  0.000000000
  0.000000000  0.000000000  0.000000000
  0.000000000  0.000000000  0.000000000
  0.000000000  0.000000000  0.000000000
  0.000000000  0.000000000  0.000000000
  0.000000000  0.000000000  0.000000000
  0.000000000  0.000000000  0.000000000
  0.000000000  0.000000000  0.000000000
  0.000000000  0.000000000  0.000000000
  0.000000000  0.000000000  0.000000000
  0.000000000  0.000000000  0.000000000
  0.000000000  0.000000000  0.000000000
  0.000000000  0.000000000  0.000000000
  0.000000000  0.000000000  0.000000000
  0.000000000  0.000000000  0.000000000
  0.000000000  0.000000000  0.000000000
  0.000000000  0.000000000  0.000000000
  0.000000000  0.000000000  0.000000000
  0.000000000  0.000000000  0.000000000
  0.000000000  0.000000000  0.000000000
  0.000000000  0.000000000  0.000000000
  0.000000000  0.000000000  0.000000000
  0.000000000  0.000000000  0.000000000
  0.000000000  0.000000000  0.000000000
  0.000000000  0.000000000  0.000000000
  0.000000000  0.000000000  0.000000000
  0.000000000  0.000000000  0.000000000
  0.000000000  0.000000000  0.000000000
  0.000000000  0.000000000  0.000000000
  0.000000000  0.000000000  0.000000000
  0.000000000  0.000000000  0.000000000
  0.000000000  0.000000000  0.000000000
  0.000000000  0.000000000  0.000000000
  0.000000000  0.000000000  0.000000000
  0.000000000  0.000000000  0.000000000
  0.000000000  0.000000000  0.000000000
  0.000000000  0.000000000  0.000000000
  0.000000000  0.000000000  0.000000000
  0.000000000  0.000000000  0.000000000
  0.000000000  0.000000000  0.000000000
  0.000000000  0.000000000  0.000000000
  0.000000000  0.000000000  0.000000000
  0.000000000  0.000000000  0.000000000
  0.000000000  0.000000000  0.000000000
  0.000000000  0.000000000  0.000000000
  0.000000000  0.000000000  0.000000000
  0.000000000  0.000000000  0.000000000
  0.000000000  0.000000000  0.000000000
  0.000000000  0.000000000  0.000000000
  0.000000000  0.000000000  0.000000000
  0.000000000  0.000000000  0.000000000
  0.000000000  0.000000000  0.000000000
  0.000000000  0.000000000  0.000000000
  0.000000000  0.000000000  0.000000000
  0.000000000  0.000000000  0.000000000
  0.000000000  0.000000000  0.000000000
  0.000000000  0.000000000  0.000000000
  0.000000000  0.000000000  0.000000000
  0.000000000  0.000000000  0.000000000
  0.000000000  0.000000000  0.000000000
  0.000000000  0.000000000  0.000000000
  0.000000000  0.000000000  0.000000000
  0.000000000  0.000000000  0.000000000
  0.000000000  0.000000000  0.000000000
  0.000000000  0.000000000  0.000000000
  0.000000000  0.000000000  0.000000000
  0.000000000  0.000000000  0.000000000
  0.000000000  0.000000000  0.000000000
  0.000000000  0.000000000  0.000000000
  0.000000000  0.000000000  0.000000000
  0.000000000  0.000000000  0.000000000
  0.000000000  0.000000000  0.000000000
  0.000000000  0.000000000  0.000000000
  0.000000000  0.000000000  0.000000000
   1.06000000000000     
   1.06000000000000     
   1.06000000000000     
   1.06000000000000     
   1.06000000000000     
   1.06000000000000     
   1.06000000000000     
   1.06000000000000     
   1.06000000000000     
   1.06000000000000     
   1.06000000000000     
   1.06000000000000     
   1.06000000000000     
   1.06000000000000     
   1.06000000000000     
   1.06000000000000     
   1.06000000000000     
   1.06000000000000     
   1.06000000000000     
   1.06000000000000     
   1.06000000000000     
   1.06000000000000     
   1.06000000000000     
   1.06000000000000     
   1.06000000000000     
   1.06000000000000     
   1.06000000000000     
   1.06000000000000     
   1.06000000000000     
   1.06000000000000     
   1.06000000000000     
   1.06000000000000     
   1.06000000000000     
   1.06000000000000     
   1.06000000000000     
   1.06000000000000     
   1.06000000000000     
   1.06000000000000     
   1.06000000000000     
   1.06000000000000     
   1.06000000000000     
   1.06000000000000     
   1.06000000000000     
   1.06000000000000     
   1.06000000000000     
   1.06000000000000     
   1.06000000000000     
   1.06000000000000     
   1.06000000000000     
   1.06000000000000     
   1.06000000000000     
   1.06000000000000     
   1.06000000000000     
   1.06000000000000     
   1.06000000000000     
   1.06000000000000     
   1.06000000000000     
   1.06000000000000     
   1.06000000000000     
   1.06000000000000     
   1.06000000000000     
   1.06000000000000     
   1.06000000000000     
   1.06000000000000     
   1.06000000000000     
   1.06000000000000     
   1.06000000000000     
   1.06000000000000     
   1.06000000000000     
   1.06000000000000     
  3.000000000000000E-002
  3.000000000000000E-002
  3.000000000000000E-002
  3.000000000000000E-002
  3.000000000000000E-002
  3.000000000000000E-002
  3.000000000000000E-002
  3.000000000000000E-002
  3.000000000000000E-002
  3.000000000000000E-002
  3.000000000000000E-002
  3.000000000000000E-002
  3.000000000000000E-002
  3.000000000000000E-002
  3.000000000000000E-002
  3.000000000000000E-002
  3.000000000000000E-002
  3.000000000000000E-002
  3.000000000000000E-002
  3.000000000000000E-002
  3.000000000000000E-002
  3.000000000000000E-002
  3.000000000000000E-002
  3.000000000000000E-002
  3.000000000000000E-002
  3.000000000000000E-002
  3.000000000000000E-002
  3.000000000000000E-002
  3.000000000000000E-002
  3.000000000000000E-002
  3.000000000000000E-002
  3.000000000000000E-002
  3.000000000000000E-002
  3.000000000000000E-002
  3.000000000000000E-002
  3.000000000000000E-002
  3.000000000000000E-002
  3.000000000000000E-002
  3.000000000000000E-002
  3.000000000000000E-002
  3.000000000000000E-002
  3.000000000000000E-002
  3.000000000000000E-002
  3.000000000000000E-002
  3.000000000000000E-002
  3.000000000000000E-002
  3.000000000000000E-002
  3.000000000000000E-002
  3.000000000000000E-002
  3.000000000000000E-002
  3.000000000000000E-002
  3.000000000000000E-002
  3.000000000000000E-002
  3.000000000000000E-002
  3.000000000000000E-002
  3.000000000000000E-002
  3.000000000000000E-002
  3.000000000000000E-002
  3.000000000000000E-002
  3.000000000000000E-002
  3.000000000000000E-002
  3.000000000000000E-002
  3.000000000000000E-002
  3.000000000000000E-002
  3.000000000000000E-002
  3.000000000000000E-002
  3.000000000000000E-002
  3.000000000000000E-002
  3.000000000000000E-002
  3.000000000000000E-002
