           3
 2 1 2
   9   2  25
  0.000000000  0.000000000  0.000000000  0.250000000  0.250000000  0.500000000  0.500000000  0.750000000  0.750000000  1.000000000  1.000000000  1.000000000
  0.000000000  0.000000000  1.000000000  1.000000000
  0.813530655  0.813530655  0.813530655  0.813990256  0.814449858  0.814909459  0.815369060  0.815828661  0.816288262  0.816747863  0.817207464  0.817667065  0.818126666  0.818586267  0.819045868  0.819505469  0.819965070  0.820424671  0.820884272  0.821343873  0.821803474  0.822263075  0.822722677  0.823182278  0.823641879  0.824101480  0.824101480  0.824101480
 -0.151479467010E+02 -0.760026087200E+01  0.133729694320E+02  0.100000000000E+01
 -0.151479467010E+02 -0.760026087200E+01  0.133729694320E+02  0.707106754907E+00
 -0.151479467010E+02 -0.760026087200E+01  0.133729694320E+02  0.100000000000E+01
 -0.151479467010E+02 -0.760026087200E+01  0.133729694320E+02  0.707106623346E+00
 -0.151479467010E+02 -0.760026087200E+01  0.133729694320E+02  0.100000000000E+01
 -0.151479467010E+02 -0.760026087200E+01  0.133729694320E+02  0.707106673730E+00
 -0.151479467010E+02 -0.760026087200E+01  0.133729694320E+02  0.100000000000E+01
 -0.151479467010E+02 -0.760026087200E+01  0.133729694320E+02  0.707107197012E+00
 -0.151479467010E+02 -0.760026087200E+01  0.133729694320E+02  0.100000000000E+01
 -0.148547815340E+02 -0.767062030100E+01  0.136192280660E+02  0.100000000000E+01
 -0.151758761700E+02 -0.784878855900E+01  0.140889224920E+02  0.707106754907E+00
 -0.157626586560E+02 -0.785813685900E+01  0.140310909200E+02  0.100000000000E+01
 -0.162518251030E+02 -0.769074460000E+01  0.134753615700E+02  0.707106623346E+00
 -0.155493052620E+02 -0.750393462200E+01  0.130358281810E+02  0.100000000000E+01
 -0.152839621050E+02 -0.697834998000E+01  0.128092397590E+02  0.707106673730E+00
 -0.148989493160E+02 -0.716153342600E+01  0.132018952130E+02  0.100000000000E+01
 -0.147170951760E+02 -0.735476404000E+01  0.134687525170E+02  0.707107197012E+00
 -0.148547815340E+02 -0.767062030100E+01  0.136192280660E+02  0.100000000000E+01
 -0.152002343020E+02 -0.733741291000E+01  0.135048529900E+02  0.100000000000E+01
 -0.152002343020E+02 -0.733741291000E+01  0.135048529900E+02  0.707106999975E+00
 -0.152002343020E+02 -0.733741291000E+01  0.135048529900E+02  0.100000000000E+01
 -0.152002343020E+02 -0.733741291000E+01  0.135048529900E+02  0.707106881036E+00
 -0.152002343020E+02 -0.733741291000E+01  0.135048529900E+02  0.100000000000E+01
 -0.152002343020E+02 -0.733741291000E+01  0.135048529900E+02  0.707106679527E+00
 -0.152002343020E+02 -0.733741291000E+01  0.135048529900E+02  0.100000000000E+01
 -0.152002343020E+02 -0.733741291000E+01  0.135048529900E+02  0.707106766597E+00
 -0.152002343020E+02 -0.733741291000E+01  0.135048529900E+02  0.100000000000E+01
 -0.148842223260E+02 -0.740407422300E+01  0.137698878110E+02  0.100000000000E+01
 -0.151719412500E+02 -0.761328637200E+01  0.142660703530E+02  0.707106999975E+00
 -0.157749397480E+02 -0.761757815800E+01  0.141196320180E+02  0.100000000000E+01
 -0.162510772860E+02 -0.746655255300E+01  0.135820807110E+02  0.707106881036E+00
 -0.156097965120E+02 -0.725101746900E+01  0.131613596580E+02  0.100000000000E+01
 -0.153203593020E+02 -0.687234364100E+01  0.130314315700E+02  0.707106679527E+00
 -0.150068526230E+02 -0.701149663700E+01  0.133562501510E+02  0.100000000000E+01
 -0.148372773080E+02 -0.714976437100E+01  0.135853371770E+02  0.707106766597E+00
 -0.148842223260E+02 -0.740407422300E+01  0.137698878110E+02  0.100000000000E+01
 -0.152582934300E+02 -0.707660327700E+01  0.136383693140E+02  0.100000000000E+01
 -0.152582934300E+02 -0.707660327700E+01  0.136383693140E+02  0.707106969866E+00
 -0.152582934300E+02 -0.707660327700E+01  0.136383693140E+02  0.100000000000E+01
 -0.152582934300E+02 -0.707660327700E+01  0.136383693140E+02  0.707106660528E+00
 -0.152582934300E+02 -0.707660327700E+01  0.136383693140E+02  0.100000000000E+01
 -0.152582934300E+02 -0.707660327700E+01  0.136383693140E+02  0.707106336808E+00
 -0.152582934300E+02 -0.707660327700E+01  0.136383693140E+02  0.100000000000E+01
 -0.152582934300E+02 -0.707660327700E+01  0.136383693140E+02  0.707107113648E+00
 -0.152582934300E+02 -0.707660327700E+01  0.136383693140E+02  0.100000000000E+01
 -0.149407160670E+02 -0.713985677900E+01  0.139006106680E+02  0.100000000000E+01
 -0.151879497780E+02 -0.738251474300E+01  0.144324410850E+02  0.707106969866E+00
 -0.157968280060E+02 -0.737575495000E+01  0.142183853390E+02  0.100000000000E+01
 -0.163075217660E+02 -0.722942448200E+01  0.136841914230E+02  0.707106660528E+00
 -0.156621879780E+02 -0.699615773200E+01  0.133048510930E+02  0.100000000000E+01
 -0.153712957300E+02 -0.673407844600E+01  0.132475649200E+02  0.707106336808E+00
 -0.150881512850E+02 -0.680752852500E+01  0.134972274370E+02  0.100000000000E+01
 -0.149136376940E+02 -0.691384137300E+01  0.137078505800E+02  0.707107113648E+00
 -0.149407160670E+02 -0.713985677900E+01  0.139006106680E+02  0.100000000000E+01
 -0.153185440970E+02 -0.681817539400E+01  0.137754969750E+02  0.100000000000E+01
 -0.153185440970E+02 -0.681817539400E+01  0.137754969750E+02  0.707107183893E+00
 -0.153185440970E+02 -0.681817539400E+01  0.137754969750E+02  0.100000000000E+01
 -0.153185440970E+02 -0.681817539400E+01  0.137754969750E+02  0.707107040858E+00
 -0.153185440970E+02 -0.681817539400E+01  0.137754969750E+02  0.100000000000E+01
 -0.153185440970E+02 -0.681817539400E+01  0.137754969750E+02  0.707106544391E+00
 -0.153185440970E+02 -0.681817539400E+01  0.137754969750E+02  0.100000000000E+01
 -0.153185440970E+02 -0.681817539400E+01  0.137754969750E+02  0.707106596401E+00
 -0.153185440970E+02 -0.681817539400E+01  0.137754969750E+02  0.100000000000E+01
 -0.149828639090E+02 -0.688588800100E+01  0.140448761130E+02  0.100000000000E+01
 -0.152293688200E+02 -0.713834508000E+01  0.145396837100E+02  0.707107183893E+00
 -0.158234325420E+02 -0.713305695900E+01  0.143255024420E+02  0.100000000000E+01
 -0.164176019890E+02 -0.699571016000E+01  0.138085963340E+02  0.707107040858E+00
 -0.157261888770E+02 -0.673594622700E+01  0.134483686350E+02  0.100000000000E+01
 -0.154291384120E+02 -0.652763152100E+01  0.134164543440E+02  0.707106544391E+00
 -0.151487286310E+02 -0.656927959700E+01  0.136264491270E+02  0.100000000000E+01
 -0.149034502380E+02 -0.663239180800E+01  0.138370213690E+02  0.707106596401E+00
 -0.149828639090E+02 -0.688588800100E+01  0.140448761130E+02  0.100000000000E+01
 -0.153774182490E+02 -0.656248776500E+01  0.139182341660E+02  0.100000000000E+01
 -0.153774182490E+02 -0.656248776500E+01  0.139182341660E+02  0.707106531544E+00
 -0.153774182490E+02 -0.656248776500E+01  0.139182341660E+02  0.100000000000E+01
 -0.153774182490E+02 -0.656248776500E+01  0.139182341660E+02  0.707106901052E+00
 -0.153774182490E+02 -0.656248776500E+01  0.139182341660E+02  0.100000000000E+01
 -0.153774182490E+02 -0.656248776500E+01  0.139182341660E+02  0.707107322332E+00
 -0.153774182490E+02 -0.656248776500E+01  0.139182341660E+02  0.100000000000E+01
 -0.153774182490E+02 -0.656248776500E+01  0.139182341660E+02  0.707106389735E+00
 -0.153774182490E+02 -0.656248776500E+01  0.139182341660E+02  0.100000000000E+01
 -0.150118569310E+02 -0.664218336200E+01  0.141992603030E+02  0.100000000000E+01
 -0.152875953620E+02 -0.690065423300E+01  0.146428969500E+02  0.707106531544E+00
 -0.158473631880E+02 -0.688781384800E+01  0.144372833240E+02  0.100000000000E+01
 -0.164065184760E+02 -0.674429830500E+01  0.139629507640E+02  0.707106901052E+00
 -0.157845837420E+02 -0.647372188200E+01  0.136052245660E+02  0.100000000000E+01
 -0.154892461180E+02 -0.627879765800E+01  0.135527157060E+02  0.707107322332E+00
 -0.152090305410E+02 -0.633561885100E+01  0.137635305990E+02  0.100000000000E+01
 -0.149458954290E+02 -0.640143298600E+01  0.139749240850E+02  0.707106389735E+00
 -0.150118569310E+02 -0.664218336200E+01  0.141992603030E+02  0.100000000000E+01
 -0.154312804990E+02 -0.631006338400E+01  0.140685377080E+02  0.100000000000E+01
 -0.154312804990E+02 -0.631006338400E+01  0.140685377080E+02  0.707106745928E+00
 -0.154312804990E+02 -0.631006338400E+01  0.140685377080E+02  0.100000000000E+01
 -0.154312804990E+02 -0.631006338400E+01  0.140685377080E+02  0.707106491109E+00
 -0.154312804990E+02 -0.631006338400E+01  0.140685377080E+02  0.100000000000E+01
 -0.154312804990E+02 -0.631006338400E+01  0.140685377080E+02  0.707106640619E+00
 -0.154312804990E+02 -0.631006338400E+01  0.140685377080E+02  0.100000000000E+01
 -0.154312804990E+02 -0.631006338400E+01  0.140685377080E+02  0.707107224148E+00
 -0.154312804990E+02 -0.631006338400E+01  0.140685377080E+02  0.100000000000E+01
 -0.150484722780E+02 -0.640477004400E+01  0.143459463000E+02  0.100000000000E+01
 -0.152975501060E+02 -0.669999821500E+01  0.148181411060E+02  0.707106745928E+00
 -0.158986926280E+02 -0.666585067600E+01  0.145920749950E+02  0.100000000000E+01
 -0.164326006020E+02 -0.649071187300E+01  0.141264288410E+02  0.707106491109E+00
 -0.158400749650E+02 -0.620892750300E+01  0.137722971790E+02  0.100000000000E+01
 -0.155403159720E+02 -0.602510356000E+01  0.136961476870E+02  0.707106640619E+00
 -0.152484561160E+02 -0.608461883500E+01  0.138932173570E+02  0.100000000000E+01
 -0.150098102180E+02 -0.617763509300E+01  0.141047924880E+02  0.707107224148E+00
 -0.150484722780E+02 -0.640477004400E+01  0.143459463000E+02  0.100000000000E+01
 -0.154770070880E+02 -0.606151704800E+01  0.142277255990E+02  0.100000000000E+01
 -0.154770070880E+02 -0.606151704800E+01  0.142277255990E+02  0.707107067456E+00
 -0.154770070880E+02 -0.606151704800E+01  0.142277255990E+02  0.100000000000E+01
 -0.154770070880E+02 -0.606151704800E+01  0.142277255990E+02  0.707106805138E+00
 -0.154770070880E+02 -0.606151704800E+01  0.142277255990E+02  0.100000000000E+01
 -0.154770070880E+02 -0.606151704800E+01  0.142277255990E+02  0.707106262885E+00
 -0.154770070880E+02 -0.606151704800E+01  0.142277255990E+02  0.100000000000E+01
 -0.154770070880E+02 -0.606151704800E+01  0.142277255990E+02  0.707106998025E+00
 -0.154770070880E+02 -0.606151704800E+01  0.142277255990E+02  0.100000000000E+01
 -0.150470053070E+02 -0.618263697500E+01  0.145186620010E+02  0.100000000000E+01
 -0.153421918390E+02 -0.648517374000E+01  0.149477889680E+02  0.707107067456E+00
 -0.159430616440E+02 -0.644754299900E+01  0.147558451460E+02  0.100000000000E+01
 -0.164843583210E+02 -0.624872661500E+01  0.143140382780E+02  0.707106805138E+00
 -0.158711264740E+02 -0.595050447700E+01  0.139610674600E+02  0.100000000000E+01
 -0.155763822170E+02 -0.577080077000E+01  0.138467671320E+02  0.707106262885E+00
 -0.152668326970E+02 -0.582422062700E+01  0.140158789130E+02  0.100000000000E+01
 -0.149790700910E+02 -0.593086197300E+01  0.142411300510E+02  0.707106998025E+00
 -0.150470053070E+02 -0.618263697500E+01  0.145186620010E+02  0.100000000000E+01
 -0.155134485030E+02 -0.581700431500E+01  0.143953338450E+02  0.100000000000E+01
 -0.155134485030E+02 -0.581700431500E+01  0.143953338450E+02  0.707107006227E+00
 -0.155134485030E+02 -0.581700431500E+01  0.143953338450E+02  0.100000000000E+01
 -0.155134485030E+02 -0.581700431500E+01  0.143953338450E+02  0.707106985054E+00
 -0.155134485030E+02 -0.581700431500E+01  0.143953338450E+02  0.100000000000E+01
 -0.155134485030E+02 -0.581700431500E+01  0.143953338450E+02  0.707106554556E+00
 -0.155134485030E+02 -0.581700431500E+01  0.143953338450E+02  0.100000000000E+01
 -0.155134485030E+02 -0.581700431500E+01  0.143953338450E+02  0.707106620207E+00
 -0.155134485030E+02 -0.581700431500E+01  0.143953338450E+02  0.100000000000E+01
 -0.150619655080E+02 -0.595922675600E+01  0.146794433570E+02  0.100000000000E+01
 -0.153593101840E+02 -0.627873533000E+01  0.150991631090E+02  0.707107006227E+00
 -0.159649998940E+02 -0.621958801600E+01  0.149113729460E+02  0.100000000000E+01
 -0.164293067490E+02 -0.598700605700E+01  0.144924158540E+02  0.707106985054E+00
 -0.159027030680E+02 -0.569438447700E+01  0.141503844340E+02  0.100000000000E+01
 -0.156085896400E+02 -0.551922355400E+01  0.139983166450E+02  0.707106554556E+00
 -0.152873812640E+02 -0.558292797400E+01  0.141532627260E+02  0.100000000000E+01
 -0.149552203300E+02 -0.569446797600E+01  0.143709780000E+02  0.707106620207E+00
 -0.150619655080E+02 -0.595922675600E+01  0.146794433570E+02  0.100000000000E+01
 -0.155398975570E+02 -0.557654764900E+01  0.145705136870E+02  0.100000000000E+01
 -0.155398975570E+02 -0.557654764900E+01  0.145705136870E+02  0.707106785728E+00
 -0.155398975570E+02 -0.557654764900E+01  0.145705136870E+02  0.100000000000E+01
 -0.155398975570E+02 -0.557654764900E+01  0.145705136870E+02  0.707107045932E+00
 -0.155398975570E+02 -0.557654764900E+01  0.145705136870E+02  0.100000000000E+01
 -0.155398975570E+02 -0.557654764900E+01  0.145705136870E+02  0.707106866536E+00
 -0.155398975570E+02 -0.557654764900E+01  0.145705136870E+02  0.100000000000E+01
 -0.155398975570E+02 -0.557654764900E+01  0.145705136870E+02  0.707106426551E+00
 -0.155398975570E+02 -0.557654764900E+01  0.145705136870E+02  0.100000000000E+01
 -0.150934283970E+02 -0.573175526500E+01  0.148306710100E+02  0.100000000000E+01
 -0.153904798330E+02 -0.605015186400E+01  0.152202525250E+02  0.707106785728E+00
 -0.159622725710E+02 -0.597791364800E+01  0.150559213690E+02  0.100000000000E+01
 -0.164067274290E+02 -0.573728387300E+01  0.146820146520E+02  0.707107045932E+00
 -0.159656731460E+02 -0.542853399100E+01  0.143224149590E+02  0.100000000000E+01
 -0.156515424420E+02 -0.523100806300E+01  0.140961547390E+02  0.707106866536E+00
 -0.152948698350E+02 -0.534370710100E+01  0.142889189500E+02  0.100000000000E+01
 -0.149824055170E+02 -0.548898071800E+01  0.145198988520E+02  0.707106426551E+00
 -0.150934283970E+02 -0.573175526500E+01  0.148306710100E+02  0.100000000000E+01
 -0.155556932740E+02 -0.534015433100E+01  0.147523804320E+02  0.100000000000E+01
 -0.155556932740E+02 -0.534015433100E+01  0.147523804320E+02  0.707106599441E+00
 -0.155556932740E+02 -0.534015433100E+01  0.147523804320E+02  0.100000000000E+01
 -0.155556932740E+02 -0.534015433100E+01  0.147523804320E+02  0.707107028901E+00
 -0.155556932740E+02 -0.534015433100E+01  0.147523804320E+02  0.100000000000E+01
 -0.155556932740E+02 -0.534015433100E+01  0.147523804320E+02  0.707107020353E+00
 -0.155556932740E+02 -0.534015433100E+01  0.147523804320E+02  0.100000000000E+01
 -0.155556932740E+02 -0.534015433100E+01  0.147523804320E+02  0.707106476051E+00
 -0.155556932740E+02 -0.534015433100E+01  0.147523804320E+02  0.100000000000E+01
 -0.151484360890E+02 -0.549481043700E+01  0.149710020280E+02  0.100000000000E+01
 -0.154062583470E+02 -0.577733264700E+01  0.153147781490E+02  0.707106599441E+00
 -0.159083254540E+02 -0.568269161700E+01  0.151669613640E+02  0.100000000000E+01
 -0.164383972280E+02 -0.549030425800E+01  0.148937013510E+02  0.707107028901E+00
 -0.160391473950E+02 -0.515656235100E+01  0.144928554200E+02  0.100000000000E+01
 -0.156911700540E+02 -0.488145284900E+01  0.141634781170E+02  0.707107020353E+00
 -0.152939076310E+02 -0.508586201900E+01  0.144446046800E+02  0.100000000000E+01
 -0.150322813180E+02 -0.526102939800E+01  0.146811411970E+02  0.707106476051E+00
 -0.151484360890E+02 -0.549481043700E+01  0.149710020280E+02  0.100000000000E+01
 -0.155602307250E+02 -0.510782373400E+01  0.149400198150E+02  0.100000000000E+01
 -0.155602307250E+02 -0.510782373400E+01  0.149400198150E+02  0.707106719893E+00
 -0.155602307250E+02 -0.510782373400E+01  0.149400198150E+02  0.100000000000E+01
 -0.155602307250E+02 -0.510782373400E+01  0.149400198150E+02  0.707106422270E+00
 -0.155602307250E+02 -0.510782373400E+01  0.149400198150E+02  0.100000000000E+01
 -0.155602307250E+02 -0.510782373400E+01  0.149400198150E+02  0.707106735197E+00
 -0.155602307250E+02 -0.510782373400E+01  0.149400198150E+02  0.100000000000E+01
 -0.155602307250E+02 -0.510782373400E+01  0.149400198150E+02  0.707107247386E+00
 -0.155602307250E+02 -0.510782373400E+01  0.149400198150E+02  0.100000000000E+01
 -0.151977508820E+02 -0.525700221700E+01  0.151182149640E+02  0.100000000000E+01
 -0.154481880220E+02 -0.547169472300E+01  0.153797306760E+02  0.707106719893E+00
 -0.158700860060E+02 -0.541465367400E+01  0.153134521230E+02  0.100000000000E+01
 -0.165197841340E+02 -0.526179209300E+01  0.151326817620E+02  0.707106422270E+00
 -0.161102843310E+02 -0.488144914600E+01  0.146696123220E+02  0.100000000000E+01
 -0.157197468990E+02 -0.456674347800E+01  0.142861175540E+02  0.707106735197E+00
 -0.152709611770E+02 -0.482137954900E+01  0.145913977150E+02  0.100000000000E+01
 -0.150659618340E+02 -0.502839085700E+01  0.148406292840E+02  0.707107247386E+00
 -0.151977508820E+02 -0.525700221700E+01  0.151182149640E+02  0.100000000000E+01
 -0.155536443010E+02 -0.488006658500E+01  0.151331271830E+02  0.100000000000E+01
 -0.155536443010E+02 -0.488006658500E+01  0.151331271830E+02  0.707106681578E+00
 -0.155536443010E+02 -0.488006658500E+01  0.151331271830E+02  0.100000000000E+01
 -0.155536443010E+02 -0.488006658500E+01  0.151331271830E+02  0.707106655290E+00
 -0.155536443010E+02 -0.488006658500E+01  0.151331271830E+02  0.100000000000E+01
 -0.155536443010E+02 -0.488006658500E+01  0.151331271830E+02  0.707106813524E+00
 -0.155536443010E+02 -0.488006658500E+01  0.151331271830E+02  0.100000000000E+01
 -0.155536443010E+02 -0.488006658500E+01  0.151331271830E+02  0.707106974355E+00
 -0.155536443010E+02 -0.488006658500E+01  0.151331271830E+02  0.100000000000E+01
 -0.152662082760E+02 -0.500713475100E+01  0.152618075000E+02  0.100000000000E+01
 -0.154747607650E+02 -0.516878744600E+01  0.154593871570E+02  0.707106681578E+00
 -0.158067972060E+02 -0.513809787800E+01  0.154438013940E+02  0.100000000000E+01
 -0.164682080050E+02 -0.501195816900E+01  0.153382480760E+02  0.707106655290E+00
 -0.161730062390E+02 -0.460626163500E+01  0.148558490900E+02  0.100000000000E+01
 -0.157338224060E+02 -0.425188388400E+01  0.144237740200E+02  0.707106813524E+00
 -0.152667077640E+02 -0.458760053300E+01  0.147809935110E+02  0.100000000000E+01
 -0.151105127400E+02 -0.480036931600E+01  0.150156407830E+02  0.707106974355E+00
 -0.152662082760E+02 -0.500713475100E+01  0.152618075000E+02  0.100000000000E+01
 -0.155377599510E+02 -0.465868651300E+01  0.153329896650E+02  0.100000000000E+01
 -0.155377599510E+02 -0.465868651300E+01  0.153329896650E+02  0.707106984414E+00
 -0.155377599510E+02 -0.465868651300E+01  0.153329896650E+02  0.100000000000E+01
 -0.155377599510E+02 -0.465868651300E+01  0.153329896650E+02  0.707106583186E+00
 -0.155377599510E+02 -0.465868651300E+01  0.153329896650E+02  0.100000000000E+01
 -0.155377599510E+02 -0.465868651300E+01  0.153329896650E+02  0.707106653269E+00
 -0.155377599510E+02 -0.465868651300E+01  0.153329896650E+02  0.100000000000E+01
 -0.155377599510E+02 -0.465868651300E+01  0.153329896650E+02  0.707106903877E+00
 -0.155377599510E+02 -0.465868651300E+01  0.153329896650E+02  0.100000000000E+01
 -0.153509071600E+02 -0.474661189200E+01  0.154086428560E+02  0.100000000000E+01
 -0.154980489770E+02 -0.484957890600E+01  0.155329034770E+02  0.707106984414E+00
 -0.157144951140E+02 -0.484672903800E+01  0.155509552350E+02  0.100000000000E+01
 -0.163758830920E+02 -0.477959069000E+01  0.155437392040E+02  0.707106583186E+00
 -0.162014991280E+02 -0.434635787400E+01  0.150642539490E+02  0.100000000000E+01
 -0.157347464790E+02 -0.394240519500E+01  0.145875329830E+02  0.707106653269E+00
 -0.152809480890E+02 -0.438544472200E+01  0.150162669020E+02  0.100000000000E+01
 -0.151942907460E+02 -0.458387707600E+01  0.152196547370E+02  0.707106903877E+00
 -0.153509071600E+02 -0.474661189200E+01  0.154086428560E+02  0.100000000000E+01
 -0.155145938170E+02 -0.444575098500E+01  0.155411376280E+02  0.100000000000E+01
 -0.155145938170E+02 -0.444575098500E+01  0.155411376280E+02  0.707107276133E+00
 -0.155145938170E+02 -0.444575098500E+01  0.155411376280E+02  0.100000000000E+01
 -0.155145938170E+02 -0.444575098500E+01  0.155411376280E+02  0.707107051670E+00
 -0.155145938170E+02 -0.444575098500E+01  0.155411376280E+02  0.100000000000E+01
 -0.155145938170E+02 -0.444575098500E+01  0.155411376280E+02  0.707106761227E+00
 -0.155145938170E+02 -0.444575098500E+01  0.155411376280E+02  0.100000000000E+01
 -0.155145938170E+02 -0.444575098500E+01  0.155411376280E+02  0.707106035715E+00
 -0.155145938170E+02 -0.444575098500E+01  0.155411376280E+02  0.100000000000E+01
 -0.153843099580E+02 -0.451046478000E+01  0.155883832770E+02  0.100000000000E+01
 -0.154924819300E+02 -0.457845081400E+01  0.156681261240E+02  0.707107276133E+00
 -0.156412076560E+02 -0.458787678600E+01  0.156956130610E+02  0.100000000000E+01
 -0.162813940120E+02 -0.456614645200E+01  0.157530314930E+02  0.707107051670E+00
 -0.161816979380E+02 -0.411439308800E+01  0.152992223950E+02  0.100000000000E+01
 -0.156897496190E+02 -0.364071731400E+01  0.147757902840E+02  0.707106761227E+00
 -0.152634724510E+02 -0.416386346600E+01  0.152347558420E+02  0.100000000000E+01
 -0.151880007340E+02 -0.437016031000E+01  0.154271245930E+02  0.707106035715E+00
 -0.153843099580E+02 -0.451046478000E+01  0.155883832770E+02  0.100000000000E+01
 -0.154861328860E+02 -0.424349108200E+01  0.157590366640E+02  0.100000000000E+01
 -0.154861328860E+02 -0.424349108200E+01  0.157590366640E+02  0.707107692510E+00
 -0.154861328860E+02 -0.424349108200E+01  0.157590366640E+02  0.100000000000E+01
 -0.154861328860E+02 -0.424349108200E+01  0.157590366640E+02  0.707106227306E+00
 -0.154861328860E+02 -0.424349108200E+01  0.157590366640E+02  0.100000000000E+01
 -0.154861328860E+02 -0.424349108200E+01  0.157590366640E+02  0.707106524231E+00
 -0.154861328860E+02 -0.424349108200E+01  0.157590366640E+02  0.100000000000E+01
 -0.154861328860E+02 -0.424349108200E+01  0.157590366640E+02  0.707106680700E+00
 -0.154861328860E+02 -0.424349108200E+01  0.157590366640E+02  0.100000000000E+01
 -0.153560969440E+02 -0.431112562900E+01  0.158007251410E+02  0.100000000000E+01
 -0.154641824400E+02 -0.435692657500E+01  0.158557046180E+02  0.707107692510E+00
 -0.155914355960E+02 -0.436908507300E+01  0.158837407950E+02  0.100000000000E+01
 -0.162526648100E+02 -0.438169769000E+01  0.159849966570E+02  0.707106227306E+00
 -0.161741531720E+02 -0.388563634600E+01  0.155384645300E+02  0.100000000000E+01
 -0.157133543130E+02 -0.333362957800E+01  0.149906463630E+02  0.707106524231E+00
 -0.152028762330E+02 -0.390565375800E+01  0.154235939630E+02  0.100000000000E+01
 -0.150918069970E+02 -0.416217720300E+01  0.156338209940E+02  0.707106680700E+00
 -0.153560969440E+02 -0.431112562900E+01  0.158007251410E+02  0.100000000000E+01
 -0.154543826220E+02 -0.405436716800E+01  0.159879831770E+02  0.100000000000E+01
 -0.154543826220E+02 -0.405436716800E+01  0.159879831770E+02  0.707105981196E+00
 -0.154543826220E+02 -0.405436716800E+01  0.159879831770E+02  0.100000000000E+01
 -0.154543826220E+02 -0.405436716800E+01  0.159879831770E+02  0.707107241872E+00
 -0.154543826220E+02 -0.405436716800E+01  0.159879831770E+02  0.100000000000E+01
 -0.154543826220E+02 -0.405436716800E+01  0.159879831770E+02  0.707107062058E+00
 -0.154543826220E+02 -0.405436716800E+01  0.159879831770E+02  0.100000000000E+01
 -0.154543826220E+02 -0.405436716800E+01  0.159879831770E+02  0.707106839621E+00
 -0.154543826220E+02 -0.405436716800E+01  0.159879831770E+02  0.100000000000E+01
 -0.152822396860E+02 -0.414736806700E+01  0.160359470040E+02  0.100000000000E+01
 -0.154155515430E+02 -0.421812960100E+01  0.161093185520E+02  0.707105981196E+00
 -0.155823471570E+02 -0.421706932100E+01  0.161317713150E+02  0.100000000000E+01
 -0.163292570010E+02 -0.422130359400E+01  0.162392668920E+02  0.707107241872E+00
 -0.161892422670E+02 -0.365735659700E+01  0.157832290430E+02  0.100000000000E+01
 -0.156961435140E+02 -0.315020821700E+01  0.153218871530E+02  0.707107062058E+00
 -0.151554786060E+02 -0.367432035700E+01  0.156521154780E+02  0.100000000000E+01
 -0.149992384900E+02 -0.396672879100E+01  0.158566423080E+02  0.707106839621E+00
 -0.152822396860E+02 -0.414736806700E+01  0.160359470040E+02  0.100000000000E+01
 -0.154207228990E+02 -0.388028880000E+01  0.162283071250E+02  0.100000000000E+01
 -0.154207228990E+02 -0.388028880000E+01  0.162283071250E+02  0.707107341266E+00
 -0.154207228990E+02 -0.388028880000E+01  0.162283071250E+02  0.100000000000E+01
 -0.154207228990E+02 -0.388028880000E+01  0.162283071250E+02  0.707106838145E+00
 -0.154207228990E+02 -0.388028880000E+01  0.162283071250E+02  0.100000000000E+01
 -0.154207228990E+02 -0.388028880000E+01  0.162283071250E+02  0.707106611759E+00
 -0.154207228990E+02 -0.388028880000E+01  0.162283071250E+02  0.100000000000E+01
 -0.154207228990E+02 -0.388028880000E+01  0.162283071250E+02  0.707106333577E+00
 -0.154207228990E+02 -0.388028880000E+01  0.162283071250E+02  0.100000000000E+01
 -0.151837706180E+02 -0.401227820700E+01  0.162843609970E+02  0.100000000000E+01
 -0.153644664990E+02 -0.410208904400E+01  0.163706632190E+02  0.707107341266E+00
 -0.155835783880E+02 -0.409976077600E+01  0.163999481710E+02  0.100000000000E+01
 -0.163509105670E+02 -0.407173599300E+01  0.164890407420E+02  0.707106838145E+00
 -0.161599639120E+02 -0.346851005300E+01  0.160534333570E+02  0.100000000000E+01
 -0.156718191150E+02 -0.298987580700E+01  0.156603813320E+02  0.707106611759E+00
 -0.151254678950E+02 -0.348238858700E+01  0.159171254340E+02  0.100000000000E+01
 -0.149008319890E+02 -0.379155253700E+01  0.160949570660E+02  0.707106333577E+00
 -0.151837706180E+02 -0.401227820700E+01  0.162843609970E+02  0.100000000000E+01
 -0.153851144120E+02 -0.372153522300E+01  0.164787536410E+02  0.100000000000E+01
 -0.153851144120E+02 -0.372153522300E+01  0.164787536410E+02  0.707106962195E+00
 -0.153851144120E+02 -0.372153522300E+01  0.164787536410E+02  0.100000000000E+01
 -0.153851144120E+02 -0.372153522300E+01  0.164787536410E+02  0.707107013033E+00
 -0.153851144120E+02 -0.372153522300E+01  0.164787536410E+02  0.100000000000E+01
 -0.153851144120E+02 -0.372153522300E+01  0.164787536410E+02  0.707106722688E+00
 -0.153851144120E+02 -0.372153522300E+01  0.164787536410E+02  0.100000000000E+01
 -0.153851144120E+02 -0.372153522300E+01  0.164787536410E+02  0.707106378416E+00
 -0.153851144120E+02 -0.372153522300E+01  0.164787536410E+02  0.100000000000E+01
 -0.150782757890E+02 -0.389892331100E+01  0.165351517040E+02  0.100000000000E+01
 -0.153037237290E+02 -0.404255686100E+01  0.166539657200E+02  0.707106962195E+00
 -0.155967970370E+02 -0.402151924500E+01  0.166868971480E+02  0.100000000000E+01
 -0.163160932880E+02 -0.393897783500E+01  0.166676240810E+02  0.707107013033E+00
 -0.161083351300E+02 -0.335456344900E+01  0.162721300460E+02  0.100000000000E+01
 -0.156495640620E+02 -0.285279661000E+01  0.159188638040E+02  0.707106722688E+00
 -0.150999951270E+02 -0.331748030300E+01  0.161984016100E+02  0.100000000000E+01
 -0.148308845690E+02 -0.362377011900E+01  0.163360210710E+02  0.707106378416E+00
 -0.150782757890E+02 -0.389892331100E+01  0.165351517040E+02  0.100000000000E+01
 -0.153473235590E+02 -0.357807876800E+01  0.167379605440E+02  0.100000000000E+01
 -0.153473235590E+02 -0.357807876800E+01  0.167379605440E+02  0.707106909121E+00
 -0.153473235590E+02 -0.357807876800E+01  0.167379605440E+02  0.100000000000E+01
 -0.153473235590E+02 -0.357807876800E+01  0.167379605440E+02  0.707106661728E+00
 -0.153473235590E+02 -0.357807876800E+01  0.167379605440E+02  0.100000000000E+01
 -0.153473235590E+02 -0.357807876800E+01  0.167379605440E+02  0.707106653619E+00
 -0.153473235590E+02 -0.357807876800E+01  0.167379605440E+02  0.100000000000E+01
 -0.153473235590E+02 -0.357807876800E+01  0.167379605440E+02  0.707106834600E+00
 -0.153473235590E+02 -0.357807876800E+01  0.167379605440E+02  0.100000000000E+01
 -0.149578385880E+02 -0.380993588700E+01  0.167886746790E+02  0.100000000000E+01
 -0.152381450750E+02 -0.398790026500E+01  0.169253487380E+02  0.707106909121E+00
 -0.155982661110E+02 -0.394955711000E+01  0.169668619640E+02  0.100000000000E+01
 -0.162879973510E+02 -0.383460779100E+01  0.168648803620E+02  0.707106661728E+00
 -0.160533076460E+02 -0.324924110400E+01  0.164976583350E+02  0.100000000000E+01
 -0.156095580210E+02 -0.271299202300E+01  0.161705355660E+02  0.707106653619E+00
 -0.150606207260E+02 -0.315366373300E+01  0.164764406010E+02  0.100000000000E+01
 -0.147634172870E+02 -0.347315975500E+01  0.165867386700E+02  0.707106834600E+00
 -0.149578385880E+02 -0.380993588700E+01  0.167886746790E+02  0.100000000000E+01
 -0.153071028990E+02 -0.344982887300E+01  0.170046665130E+02  0.100000000000E+01
 -0.153071028990E+02 -0.344982887300E+01  0.170046665130E+02  0.707106975690E+00
 -0.153071028990E+02 -0.344982887300E+01  0.170046665130E+02  0.100000000000E+01
 -0.153071028990E+02 -0.344982887300E+01  0.170046665130E+02  0.707106916598E+00
 -0.153071028990E+02 -0.344982887300E+01  0.170046665130E+02  0.100000000000E+01
 -0.153071028990E+02 -0.344982887300E+01  0.170046665130E+02  0.707106581807E+00
 -0.153071028990E+02 -0.344982887300E+01  0.170046665130E+02  0.100000000000E+01
 -0.153071028990E+02 -0.344982887300E+01  0.170046665130E+02  0.707106388965E+00
 -0.153071028990E+02 -0.344982887300E+01  0.170046665130E+02  0.100000000000E+01
 -0.148664009980E+02 -0.371815757800E+01  0.170381033830E+02  0.100000000000E+01
 -0.151710549780E+02 -0.393918294800E+01  0.171886118330E+02  0.707106975690E+00
 -0.155787776020E+02 -0.386755962300E+01  0.172331138170E+02  0.100000000000E+01
 -0.162788208730E+02 -0.375497609000E+01  0.170720620460E+02  0.707106916598E+00
 -0.159977359660E+02 -0.315197137300E+01  0.167280025860E+02  0.100000000000E+01
 -0.155533124680E+02 -0.258606458400E+01  0.164283489830E+02  0.707106581807E+00
 -0.150195477230E+02 -0.300767932400E+01  0.167628666790E+02  0.100000000000E+01
 -0.146781801510E+02 -0.334509841000E+01  0.168441058710E+02  0.707106388965E+00
 -0.148664009980E+02 -0.371815757800E+01  0.170381033830E+02  0.100000000000E+01
 -0.152641760040E+02 -0.333667662100E+01  0.172777102410E+02  0.100000000000E+01
 -0.152641760040E+02 -0.333667662100E+01  0.172777102410E+02  0.707106615966E+00
 -0.152641760040E+02 -0.333667662100E+01  0.172777102410E+02  0.100000000000E+01
 -0.152641760040E+02 -0.333667662100E+01  0.172777102410E+02  0.707107060823E+00
 -0.152641760040E+02 -0.333667662100E+01  0.172777102410E+02  0.100000000000E+01
 -0.152641760040E+02 -0.333667662100E+01  0.172777102410E+02  0.707107030170E+00
 -0.152641760040E+02 -0.333667662100E+01  0.172777102410E+02  0.100000000000E+01
 -0.152641760040E+02 -0.333667662100E+01  0.172777102410E+02  0.707106549666E+00
 -0.152641760040E+02 -0.333667662100E+01  0.172777102410E+02  0.100000000000E+01
 -0.147875620960E+02 -0.363189812400E+01  0.172873325410E+02  0.100000000000E+01
 -0.151051796600E+02 -0.391438404800E+01  0.174522525830E+02  0.707106615966E+00
 -0.155568892980E+02 -0.380189933000E+01  0.175029499390E+02  0.100000000000E+01
 -0.162797115490E+02 -0.368839348600E+01  0.172766146010E+02  0.707107060823E+00
 -0.159412230240E+02 -0.306342993800E+01  0.169622253230E+02  0.100000000000E+01
 -0.155033370140E+02 -0.253240767800E+01  0.167275202610E+02  0.707107030170E+00
 -0.149924190470E+02 -0.290475964300E+01  0.170685951250E+02  0.100000000000E+01
 -0.146145530330E+02 -0.322330756400E+01  0.171064319280E+02  0.707106549666E+00
 -0.147875620960E+02 -0.363189812400E+01  0.172873325410E+02  0.100000000000E+01
 -0.152170806110E+02 -0.323944826200E+01  0.175561347180E+02  0.100000000000E+01
 -0.152170806110E+02 -0.323944826200E+01  0.175561347180E+02  0.707106801557E+00
 -0.152170806110E+02 -0.323944826200E+01  0.175561347180E+02  0.100000000000E+01
 -0.152170806110E+02 -0.323944826200E+01  0.175561347180E+02  0.707107058746E+00
 -0.152170806110E+02 -0.323944826200E+01  0.175561347180E+02  0.100000000000E+01
 -0.152170806110E+02 -0.323944826200E+01  0.175561347180E+02  0.707106739681E+00
 -0.152170806110E+02 -0.323944826200E+01  0.175561347180E+02  0.100000000000E+01
 -0.152170806110E+02 -0.323944826200E+01  0.175561347180E+02  0.707106276816E+00
 -0.152170806110E+02 -0.323944826200E+01  0.175561347180E+02  0.100000000000E+01
 -0.146972206080E+02 -0.356825815800E+01  0.175304207190E+02  0.100000000000E+01
 -0.150386543790E+02 -0.387771621300E+01  0.176964342170E+02  0.707106801557E+00
 -0.155255101990E+02 -0.374380409600E+01  0.177699077870E+02  0.100000000000E+01
 -0.163233966200E+02 -0.364957537700E+01  0.174812091530E+02  0.707107058746E+00
 -0.158771209420E+02 -0.298264906600E+01  0.172097047120E+02  0.100000000000E+01
 -0.154472230390E+02 -0.256006443200E+01  0.170804512760E+02  0.707106739681E+00
 -0.149660593290E+02 -0.282896738400E+01  0.173821516270E+02  0.100000000000E+01
 -0.145502913820E+02 -0.313251700500E+01  0.173731029860E+02  0.707106276816E+00
 -0.146972206080E+02 -0.356825815800E+01  0.175304207190E+02  0.100000000000E+01
 -0.151616056550E+02 -0.316224961600E+01  0.178392009720E+02  0.100000000000E+01
 -0.151616056550E+02 -0.316224961600E+01  0.178392009720E+02  0.707106700076E+00
 -0.151616056550E+02 -0.316224961600E+01  0.178392009720E+02  0.100000000000E+01
 -0.151616056550E+02 -0.316224961600E+01  0.178392009720E+02  0.707106906360E+00
 -0.151616056550E+02 -0.316224961600E+01  0.178392009720E+02  0.100000000000E+01
 -0.151616056550E+02 -0.316224961600E+01  0.178392009720E+02  0.707106879582E+00
 -0.151616056550E+02 -0.316224961600E+01  0.178392009720E+02  0.100000000000E+01
 -0.151616056550E+02 -0.316224961600E+01  0.178392009720E+02  0.707106638331E+00
 -0.151616056550E+02 -0.316224961600E+01  0.178392009720E+02  0.100000000000E+01
 -0.145898151460E+02 -0.353526829400E+01  0.177529194260E+02  0.100000000000E+01
 -0.149421060130E+02 -0.392600527200E+01  0.179248349400E+02  0.707106700076E+00
 -0.154730396400E+02 -0.368253185300E+01  0.180246415010E+02  0.100000000000E+01
 -0.162734213110E+02 -0.358108291700E+01  0.176963949580E+02  0.707106906360E+00
 -0.158112224370E+02 -0.290352667900E+01  0.174741048520E+02  0.100000000000E+01
 -0.153840231860E+02 -0.255462335300E+01  0.174238122850E+02  0.707106879582E+00
 -0.149212160340E+02 -0.276065361100E+01  0.176960629360E+02  0.100000000000E+01
 -0.145111370690E+02 -0.306370011300E+01  0.176409813070E+02  0.707106638331E+00
 -0.145898151460E+02 -0.353526829400E+01  0.177529194260E+02  0.100000000000E+01
 -0.150905150030E+02 -0.311485069700E+01  0.181251445170E+02  0.100000000000E+01
 -0.150905150030E+02 -0.311485069700E+01  0.181251445170E+02  0.707106800404E+00
 -0.150905150030E+02 -0.311485069700E+01  0.181251445170E+02  0.100000000000E+01
 -0.150905150030E+02 -0.311485069700E+01  0.181251445170E+02  0.707106790394E+00
 -0.150905150030E+02 -0.311485069700E+01  0.181251445170E+02  0.100000000000E+01
 -0.150905150030E+02 -0.311485069700E+01  0.181251445170E+02  0.707106611375E+00
 -0.150905150030E+02 -0.311485069700E+01  0.181251445170E+02  0.100000000000E+01
 -0.150905150030E+02 -0.311485069700E+01  0.181251445170E+02  0.707106549623E+00
 -0.150905150030E+02 -0.311485069700E+01  0.181251445170E+02  0.100000000000E+01
 -0.144895322250E+02 -0.352584111900E+01  0.179288621050E+02  0.100000000000E+01
 -0.148406101610E+02 -0.399777900600E+01  0.180791647870E+02  0.707106800404E+00
 -0.154157793450E+02 -0.365955142600E+01  0.182697753460E+02  0.100000000000E+01
 -0.162150208660E+02 -0.350631066700E+01  0.179322016580E+02  0.707106790394E+00
 -0.157477465990E+02 -0.281726058600E+01  0.177678456000E+02  0.100000000000E+01
 -0.152971415870E+02 -0.246109810200E+01  0.177525763410E+02  0.707106611375E+00
 -0.148413240730E+02 -0.269754534000E+01  0.180143409000E+02  0.100000000000E+01
 -0.144949464040E+02 -0.304393285400E+01  0.179066944040E+02  0.707106549623E+00
 -0.144895322250E+02 -0.352584111900E+01  0.179288621050E+02  0.100000000000E+01
 -0.149889318860E+02 -0.312213711100E+01  0.184047357430E+02  0.100000000000E+01
 -0.149889318860E+02 -0.312213711100E+01  0.184047357430E+02  0.707106838567E+00
 -0.149889318860E+02 -0.312213711100E+01  0.184047357430E+02  0.100000000000E+01
 -0.149889318860E+02 -0.312213711100E+01  0.184047357430E+02  0.707106638954E+00
 -0.149889318860E+02 -0.312213711100E+01  0.184047357430E+02  0.100000000000E+01
 -0.149889318860E+02 -0.312213711100E+01  0.184047357430E+02  0.707106774911E+00
 -0.149889318860E+02 -0.312213711100E+01  0.184047357430E+02  0.100000000000E+01
 -0.149889318860E+02 -0.312213711100E+01  0.184047357430E+02  0.707107026651E+00
 -0.149889318860E+02 -0.312213711100E+01  0.184047357430E+02  0.100000000000E+01
 -0.144484551840E+02 -0.352445470300E+01  0.179952360050E+02  0.100000000000E+01
 -0.148393222020E+02 -0.404998918100E+01  0.180717176100E+02  0.707106838567E+00
 -0.153399741290E+02 -0.364870077900E+01  0.184587421070E+02  0.100000000000E+01
 -0.161863323580E+02 -0.341497327500E+01  0.182226655490E+02  0.707106638954E+00
 -0.157203574560E+02 -0.266189866200E+01  0.181377920560E+02  0.100000000000E+01
 -0.151566261020E+02 -0.216077453500E+01  0.181349984440E+02  0.707106774911E+00
 -0.147337548890E+02 -0.273937191900E+01  0.183654775950E+02  0.100000000000E+01
 -0.144483469550E+02 -0.306296057900E+01  0.181193342350E+02  0.707107026651E+00
 -0.144484551840E+02 -0.352445470300E+01  0.179952360050E+02  0.100000000000E+01
           1
           2
           3
           4
           5
           6
           7
           8
           9
          10
          11
          12
          13
          14
          15
          16
          17
          18
          19
          20
          21
          22
          23
          24
          25
          26
          27
          28
          29
          30
          31
          32
          33
          34
          35
          36
          37
          38
          39
          40
          41
          42
          43
          44
          45
          46
          47
          48
          49
          50
          51
          52
          53
          54
          55
          56
          57
          58
          59
          60
          61
          62
          63
          64
          65
          66
          67
          68
          69
          70
          71
          72
          73
          74
          75
          76
          77
          78
          79
          80
          81
          82
          83
          84
          85
          86
          87
          88
          89
          90
          91
          92
          93
          94
          95
          96
          97
          98
          99
         100
         101
         102
         103
         104
         105
         106
         107
         108
         109
         110
         111
         112
         113
         114
         115
         116
         117
         118
         119
         120
         121
         122
         123
         124
         125
         126
         127
         128
         129
         130
         131
         132
         133
         134
         135
         136
         137
         138
         139
         140
         141
         142
         143
         144
         145
         146
         147
         148
         149
         150
         151
         152
         153
         154
         155
         156
         157
         158
         159
         160
         161
         162
         163
         164
         165
         166
         167
         168
         169
         170
         171
         172
         173
         174
         175
         176
         177
         178
         179
         180
         181
         182
         183
         184
         185
         186
         187
         188
         189
         190
         191
         192
         193
         194
         195
         196
         197
         198
         199
         200
         201
         202
         203
         204
         205
         206
         207
         208
         209
         210
         211
         212
         213
         214
         215
         216
         217
         218
         219
         220
         221
         222
         223
         224
         225
         226
         227
         228
         229
         230
         231
         232
         233
         234
         235
         236
         237
         238
         239
         240
         241
         242
         243
         244
         245
         246
         247
         248
         249
         250
         251
         252
         253
         254
         255
         256
         257
         258
         259
         260
         261
         262
         263
         264
         265
         266
         267
         268
         269
         270
         271
         272
         273
         274
         275
         276
         277
         278
         279
         280
         281
         282
         283
         284
         285
         286
         287
         288
         289
         290
         291
         292
         293
         294
         295
         296
         297
         298
         299
         300
         301
         302
         303
         304
         305
         306
         307
         308
         309
         310
         311
         312
         313
         314
         315
         316
         317
         318
         319
         320
         321
         322
         323
         324
         325
         326
         327
         328
         329
         330
         331
         332
         333
         334
         335
         336
         337
         338
         339
         340
         341
         342
         343
         344
         345
         346
         347
         348
         349
         350
         351
         352
         353
         354
         355
         356
         357
         358
         359
         360
         361
         362
         363
         364
         365
         366
         367
         368
         369
         370
         371
         372
         373
         374
         375
         376
         377
         378
         379
         380
         381
         382
         383
         384
         385
         386
         387
         388
         389
         390
         391
         392
         393
         394
         395
         396
         397
         398
         399
         400
         401
         402
         403
         404
         405
         406
         407
         408
         409
         410
         411
         412
         413
         414
         415
         416
         417
         418
         419
         420
         421
         422
         423
         424
         425
         426
         427
         428
         429
         430
         431
         432
         433
         434
         435
         436
         437
         438
         439
         440
         441
         442
         443
         444
         445
         446
         447
         448
         449
         450
 1 0 0
 0 0 0
 0 0 0
 0 0 0
 0 0 0
 0 0 0
 0 0 0
 0 0 0
 0 0 0
 0 0 0
 0 0 0
 0 0 0
 0 0 0
 0 0 0
 0 0 0
 0 0 0
 0 0 0
 0 0 0
 0 0 0
 0 0 0
 0 0 0
 0 0 0
 0 0 0
 0 0 0
 0 0 0
 0 0 0
 0 0 0
 0 0 0
 0 0 0
 0 0 0
 0 0 0
 0 0 0
 0 0 0
 0 0 0
 0 0 0
 0 0 0
 0 0 0
 0 0 0
 0 0 0
 0 0 0
 0 0 0
 0 0 0
 0 0 0
 0 0 0
 0 0 0
 0 0 0
 0 0 0
 0 0 0
 0 0 0
 0 0 0
 0 0 0
 0 0 0
 0 0 0
 0 0 0
 0 0 0
 0 0 0
 0 0 0
 0 0 0
 0 0 0
 0 0 0
 0 0 0
 0 0 0
 0 0 0
 0 0 0
 0 0 0
 0 0 0
 0 0 0
 0 0 0
 0 0 0
 0 0 0
 0 0 0
 0 0 0
 0 0 0
 0 0 0
 0 0 0
 0 0 0
 0 0 0
 0 0 0
 0 0 0
 0 0 0
 0 0 0
 0 0 0
 0 0 0
 0 0 0
 0 0 0
 0 0 0
 0 0 0
 0 0 0
 0 0 0
 0 0 0
 0 0 0
 0 0 0
 0 0 0
 0 0 0
 0 0 0
 0 0 0
 0 0 0
 0 0 0
 0 0 0
 0 0 0
 0 0 0
 0 0 0
 0 0 0
 0 0 0
 0 0 0
 0 0 0
 0 0 0
 0 0 0
 0 0 0
 0 0 0
 0 0 0
 0 0 0
 0 0 0
 0 0 0
 0 0 0
 0 0 0
 0 0 0
 0 0 0
 0 0 0
 0 0 0
 0 0 0
 0 0 0
 0 0 0
 0 0 0
 0 0 0
 0 0 0
 0 0 0
 0 0 0
 0 0 0
 0 0 0
 0 0 0
 0 0 0
 0 0 0
 0 0 0
 0 0 0
 0 0 0
 0 0 0
 0 0 0
 0 0 0
 0 0 0
 0 0 0
 0 0 0
 0 0 0
 0 0 0
 0 0 0
 0 0 0
 0 0 0
 0 0 0
 0 0 0
 0 0 0
 0 0 0
 0 0 0
 0 0 0
 0 0 0
 0 0 0
 0 0 0
 0 0 0
 0 0 0
 0 0 0
 0 0 0
 0 0 0
 0 0 0
 0 0 0
 0 0 0
 0 0 0
 0 0 0
 0 0 0
 0 0 0
 0 0 0
 0 0 0
 0 0 0
 0 0 0
 0 0 0
 0 0 0
 0 0 0
 0 0 0
 0 0 0
 0 0 0
 0 0 0
 0 0 0
 0 0 0
 0 0 0
 0 0 0
 0 0 0
 0 0 0
 0 0 0
 0 0 0
 0 0 0
 0 0 0
 0 0 0
 0 0 0
 0 0 0
 0 0 0
 0 0 0
 0 0 0
 0 0 0
 0 0 0
 0 0 0
 0 0 0
 0 0 0
 0 0 0
 0 0 0
 0 0 0
 0 0 0
 0 0 0
 0 0 0
 0 0 0
 0 0 0
 0 0 0
 0 0 0
 0 0 0
 0 0 0
 0 0 0
 0 0 0
 0 0 0
 0 0 0
 0 0 0
 0 0 0
 0 0 0
 0 0 0
 0 0 0
 0 0 0
 0 0 0
 0 0 0
 0 0 0
 0 0 0
 0 0 0
 0 0 0
 0 0 0
 0 0 0
 0 0 0
 0 0 0
 0 0 0
 0 0 0
 0 0 0
 0 0 0
 0 0 0
 0 0 0
 0 0 0
 0 0 0
 0 0 0
 0 0 0
 0 0 0
 0 0 0
 0 0 0
 0 0 0
 0 0 0
 0 0 0
 0 0 0
 0 0 0
 0 0 0
 0 0 0
 0 0 0
 0 0 0
 0 0 0
 0 0 0
 0 0 0
 0 0 0
 0 0 0
 0 0 0
 0 0 0
 0 0 0
 0 0 0
 0 0 0
 0 0 0
 0 0 0
 0 0 0
 0 0 0
 0 0 0
 0 0 0
 0 0 0
 0 0 0
 0 0 0
 0 0 0
 0 0 0
 0 0 0
 0 0 0
 0 0 0
 0 0 0
 0 0 0
 0 0 0
 0 0 0
 0 0 0
 0 0 0
 0 0 0
 0 0 0
 0 0 0
 0 0 0
 0 0 0
 0 0 0
 0 0 0
 0 0 0
 0 0 0
 0 0 0
 0 0 0
 0 0 0
 0 0 0
 0 0 0
 0 0 0
 0 0 0
 0 0 0
 0 0 0
 0 0 0
 0 0 0
 0 0 0
 0 0 0
 0 0 0
 0 0 0
 0 0 0
 0 0 0
 0 0 0
 0 0 0
 0 0 0
 0 0 0
 0 0 0
 0 0 0
 0 0 0
 0 0 0
 0 0 0
 0 0 0
 0 0 0
 0 0 0
 0 0 0
 0 0 0
 0 0 0
 0 0 0
 0 0 0
 0 0 0
 0 0 0
 0 0 0
 0 0 0
 0 0 0
 0 0 0
 0 0 0
 0 0 0
 0 0 0
 0 0 0
 0 0 0
 0 0 0
 0 0 0
 0 0 0
 0 0 0
 0 0 0
 0 0 0
 0 0 0
 0 0 0
 0 0 0
 0 0 0
 0 0 0
 0 0 0
 0 0 0
 0 0 0
 0 0 0
 0 0 0
 0 0 0
 0 0 0
 0 0 0
 0 0 0
 0 0 0
 0 0 0
 0 0 0
 0 0 0
 0 0 0
 0 0 0
 0 0 0
 0 0 0
 0 0 0
 0 0 0
 0 0 0
 0 0 0
 0 0 0
 0 0 0
 0 0 0
 0 0 0
 0 0 0
 0 0 0
 0 0 0
 0 0 0
 0 0 0
 0 0 0
 0 0 0
 0 0 0
 0 0 0
 0 0 0
 0 0 0
 0 0 0
 0 0 0
 0 0 0
 0 0 0
 0 0 0
 0 0 0
 0 0 0
 0 0 0
 0 0 0
 0 0 0
 0 0 0
 0 0 0
 0 0 0
 0 0 0
 0 0 0
 0 0 0
 0 0 0
 0 0 0
 0 0 0
 0 0 0
 0 0 0
 0 0 0
 0 0 0
 0 0 0
 0 0 0
 0 0 0
 0 0 0
 0 0 0
 0 0 0
 0 0 0
 0 0 0
 0 0 0
 0 0 0
 0 0 0
 0 0 0
 0 0 0
 0 0 0
 0 0 0
 0 0 0
 0 0 0
 0 0 0
 0 0 0
 0 0 0
 0 0 0
 0 0 0
 0 0 0
 0 0 0
 0 0 0
 0 0 0
 0 0 0
 0 0 0
 0 0 0
 0 0 0
 0 0 0
 0 0 0
 0 0 0
 0 0 0
 0 0 0
 0 0 0
 0 0 0
 0 0 0
 0 0 0
 0 0 0
 0 0 0
 0 0 0
 0 0 0
  0.000000000  0.000000000  0.000000000
  0.000000000  0.000000000  0.000000000
  0.000000000  0.000000000  0.000000000
  0.000000000  0.000000000  0.000000000
  0.000000000  0.000000000  0.000000000
  0.000000000  0.000000000  0.000000000
  0.000000000  0.000000000  0.000000000
  0.000000000  0.000000000  0.000000000
  0.000000000  0.000000000  0.000000000
  0.000000000  0.000000000  0.000000000
  0.000000000  0.000000000  0.000000000
  0.000000000  0.000000000  0.000000000
  0.000000000  0.000000000  0.000000000
  0.000000000  0.000000000  0.000000000
  0.000000000  0.000000000  0.000000000
  0.000000000  0.000000000  0.000000000
  0.000000000  0.000000000  0.000000000
  0.000000000  0.000000000  0.000000000
  0.000000000  0.000000000  0.000000000
  0.000000000  0.000000000  0.000000000
  0.000000000  0.000000000  0.000000000
  0.000000000  0.000000000  0.000000000
  0.000000000  0.000000000  0.000000000
  0.000000000  0.000000000  0.000000000
  0.000000000  0.000000000  0.000000000
  0.000000000  0.000000000  0.000000000
  0.000000000  0.000000000  0.000000000
  0.000000000  0.000000000  0.000000000
  0.000000000  0.000000000  0.000000000
  0.000000000  0.000000000  0.000000000
  0.000000000  0.000000000  0.000000000
  0.000000000  0.000000000  0.000000000
  0.000000000  0.000000000  0.000000000
  0.000000000  0.000000000  0.000000000
  0.000000000  0.000000000  0.000000000
  0.000000000  0.000000000  0.000000000
  0.000000000  0.000000000  0.000000000
  0.000000000  0.000000000  0.000000000
  0.000000000  0.000000000  0.000000000
  0.000000000  0.000000000  0.000000000
  0.000000000  0.000000000  0.000000000
  0.000000000  0.000000000  0.000000000
  0.000000000  0.000000000  0.000000000
  0.000000000  0.000000000  0.000000000
  0.000000000  0.000000000  0.000000000
  0.000000000  0.000000000  0.000000000
  0.000000000  0.000000000  0.000000000
  0.000000000  0.000000000  0.000000000
  0.000000000  0.000000000  0.000000000
  0.000000000  0.000000000  0.000000000
  0.000000000  0.000000000  0.000000000
  0.000000000  0.000000000  0.000000000
  0.000000000  0.000000000  0.000000000
  0.000000000  0.000000000  0.000000000
  0.000000000  0.000000000  0.000000000
  0.000000000  0.000000000  0.000000000
  0.000000000  0.000000000  0.000000000
  0.000000000  0.000000000  0.000000000
  0.000000000  0.000000000  0.000000000
  0.000000000  0.000000000  0.000000000
  0.000000000  0.000000000  0.000000000
  0.000000000  0.000000000  0.000000000
  0.000000000  0.000000000  0.000000000
  0.000000000  0.000000000  0.000000000
  0.000000000  0.000000000  0.000000000
  0.000000000  0.000000000  0.000000000
  0.000000000  0.000000000  0.000000000
  0.000000000  0.000000000  0.000000000
  0.000000000  0.000000000  0.000000000
  0.000000000  0.000000000  0.000000000
  0.000000000  0.000000000  0.000000000
  0.000000000  0.000000000  0.000000000
  0.000000000  0.000000000  0.000000000
  0.000000000  0.000000000  0.000000000
  0.000000000  0.000000000  0.000000000
  0.000000000  0.000000000  0.000000000
  0.000000000  0.000000000  0.000000000
  0.000000000  0.000000000  0.000000000
  0.000000000  0.000000000  0.000000000
  0.000000000  0.000000000  0.000000000
  0.000000000  0.000000000  0.000000000
  0.000000000  0.000000000  0.000000000
  0.000000000  0.000000000  0.000000000
  0.000000000  0.000000000  0.000000000
  0.000000000  0.000000000  0.000000000
  0.000000000  0.000000000  0.000000000
  0.000000000  0.000000000  0.000000000
  0.000000000  0.000000000  0.000000000
  0.000000000  0.000000000  0.000000000
  0.000000000  0.000000000  0.000000000
  0.000000000  0.000000000  0.000000000
  0.000000000  0.000000000  0.000000000
  0.000000000  0.000000000  0.000000000
  0.000000000  0.000000000  0.000000000
  0.000000000  0.000000000  0.000000000
  0.000000000  0.000000000  0.000000000
  0.000000000  0.000000000  0.000000000
  0.000000000  0.000000000  0.000000000
  0.000000000  0.000000000  0.000000000
  0.000000000  0.000000000  0.000000000
  0.000000000  0.000000000  0.000000000
  0.000000000  0.000000000  0.000000000
  0.000000000  0.000000000  0.000000000
  0.000000000  0.000000000  0.000000000
  0.000000000  0.000000000  0.000000000
  0.000000000  0.000000000  0.000000000
  0.000000000  0.000000000  0.000000000
  0.000000000  0.000000000  0.000000000
  0.000000000  0.000000000  0.000000000
  0.000000000  0.000000000  0.000000000
  0.000000000  0.000000000  0.000000000
  0.000000000  0.000000000  0.000000000
  0.000000000  0.000000000  0.000000000
  0.000000000  0.000000000  0.000000000
  0.000000000  0.000000000  0.000000000
  0.000000000  0.000000000  0.000000000
  0.000000000  0.000000000  0.000000000
  0.000000000  0.000000000  0.000000000
  0.000000000  0.000000000  0.000000000
  0.000000000  0.000000000  0.000000000
  0.000000000  0.000000000  0.000000000
  0.000000000  0.000000000  0.000000000
  0.000000000  0.000000000  0.000000000
  0.000000000  0.000000000  0.000000000
  0.000000000  0.000000000  0.000000000
  0.000000000  0.000000000  0.000000000
  0.000000000  0.000000000  0.000000000
  0.000000000  0.000000000  0.000000000
  0.000000000  0.000000000  0.000000000
  0.000000000  0.000000000  0.000000000
  0.000000000  0.000000000  0.000000000
  0.000000000  0.000000000  0.000000000
  0.000000000  0.000000000  0.000000000
  0.000000000  0.000000000  0.000000000
  0.000000000  0.000000000  0.000000000
  0.000000000  0.000000000  0.000000000
  0.000000000  0.000000000  0.000000000
  0.000000000  0.000000000  0.000000000
  0.000000000  0.000000000  0.000000000
  0.000000000  0.000000000  0.000000000
  0.000000000  0.000000000  0.000000000
  0.000000000  0.000000000  0.000000000
  0.000000000  0.000000000  0.000000000
  0.000000000  0.000000000  0.000000000
  0.000000000  0.000000000  0.000000000
  0.000000000  0.000000000  0.000000000
  0.000000000  0.000000000  0.000000000
  0.000000000  0.000000000  0.000000000
  0.000000000  0.000000000  0.000000000
  0.000000000  0.000000000  0.000000000
  0.000000000  0.000000000  0.000000000
  0.000000000  0.000000000  0.000000000
  0.000000000  0.000000000  0.000000000
  0.000000000  0.000000000  0.000000000
  0.000000000  0.000000000  0.000000000
  0.000000000  0.000000000  0.000000000
  0.000000000  0.000000000  0.000000000
  0.000000000  0.000000000  0.000000000
  0.000000000  0.000000000  0.000000000
  0.000000000  0.000000000  0.000000000
  0.000000000  0.000000000  0.000000000
  0.000000000  0.000000000  0.000000000
  0.000000000  0.000000000  0.000000000
  0.000000000  0.000000000  0.000000000
  0.000000000  0.000000000  0.000000000
  0.000000000  0.000000000  0.000000000
  0.000000000  0.000000000  0.000000000
  0.000000000  0.000000000  0.000000000
  0.000000000  0.000000000  0.000000000
  0.000000000  0.000000000  0.000000000
  0.000000000  0.000000000  0.000000000
  0.000000000  0.000000000  0.000000000
  0.000000000  0.000000000  0.000000000
  0.000000000  0.000000000  0.000000000
  0.000000000  0.000000000  0.000000000
  0.000000000  0.000000000  0.000000000
  0.000000000  0.000000000  0.000000000
  0.000000000  0.000000000  0.000000000
  0.000000000  0.000000000  0.000000000
  0.000000000  0.000000000  0.000000000
  0.000000000  0.000000000  0.000000000
  0.000000000  0.000000000  0.000000000
  0.000000000  0.000000000  0.000000000
  0.000000000  0.000000000  0.000000000
  0.000000000  0.000000000  0.000000000
  0.000000000  0.000000000  0.000000000
  0.000000000  0.000000000  0.000000000
  0.000000000  0.000000000  0.000000000
  0.000000000  0.000000000  0.000000000
  0.000000000  0.000000000  0.000000000
  0.000000000  0.000000000  0.000000000
  0.000000000  0.000000000  0.000000000
  0.000000000  0.000000000  0.000000000
  0.000000000  0.000000000  0.000000000
  0.000000000  0.000000000  0.000000000
  0.000000000  0.000000000  0.000000000
  0.000000000  0.000000000  0.000000000
  0.000000000  0.000000000  0.000000000
  0.000000000  0.000000000  0.000000000
  0.000000000  0.000000000  0.000000000
  0.000000000  0.000000000  0.000000000
  0.000000000  0.000000000  0.000000000
  0.000000000  0.000000000  0.000000000
  0.000000000  0.000000000  0.000000000
  0.000000000  0.000000000  0.000000000
  0.000000000  0.000000000  0.000000000
  0.000000000  0.000000000  0.000000000
  0.000000000  0.000000000  0.000000000
  0.000000000  0.000000000  0.000000000
  0.000000000  0.000000000  0.000000000
  0.000000000  0.000000000  0.000000000
  0.000000000  0.000000000  0.000000000
  0.000000000  0.000000000  0.000000000
  0.000000000  0.000000000  0.000000000
  0.000000000  0.000000000  0.000000000
  0.000000000  0.000000000  0.000000000
  0.000000000  0.000000000  0.000000000
  0.000000000  0.000000000  0.000000000
  0.000000000  0.000000000  0.000000000
  0.000000000  0.000000000  0.000000000
  0.000000000  0.000000000  0.000000000
  0.000000000  0.000000000  0.000000000
  0.000000000  0.000000000  0.000000000
  0.000000000  0.000000000  0.000000000
  0.000000000  0.000000000  0.000000000
  0.000000000  0.000000000  0.000000000
  0.000000000  0.000000000  0.000000000
  0.000000000  0.000000000  0.000000000
  0.000000000  0.000000000  0.000000000
  0.000000000  0.000000000  0.000000000
  0.000000000  0.000000000  0.000000000
  0.000000000  0.000000000  0.000000000
  0.000000000  0.000000000  0.000000000
  0.000000000  0.000000000  0.000000000
  0.000000000  0.000000000  0.000000000
  0.000000000  0.000000000  0.000000000
  0.000000000  0.000000000  0.000000000
  0.000000000  0.000000000  0.000000000
  0.000000000  0.000000000  0.000000000
  0.000000000  0.000000000  0.000000000
  0.000000000  0.000000000  0.000000000
  0.000000000  0.000000000  0.000000000
  0.000000000  0.000000000  0.000000000
  0.000000000  0.000000000  0.000000000
  0.000000000  0.000000000  0.000000000
  0.000000000  0.000000000  0.000000000
  0.000000000  0.000000000  0.000000000
  0.000000000  0.000000000  0.000000000
  0.000000000  0.000000000  0.000000000
  0.000000000  0.000000000  0.000000000
  0.000000000  0.000000000  0.000000000
  0.000000000  0.000000000  0.000000000
  0.000000000  0.000000000  0.000000000
  0.000000000  0.000000000  0.000000000
  0.000000000  0.000000000  0.000000000
  0.000000000  0.000000000  0.000000000
  0.000000000  0.000000000  0.000000000
  0.000000000  0.000000000  0.000000000
  0.000000000  0.000000000  0.000000000
  0.000000000  0.000000000  0.000000000
  0.000000000  0.000000000  0.000000000
  0.000000000  0.000000000  0.000000000
  0.000000000  0.000000000  0.000000000
  0.000000000  0.000000000  0.000000000
  0.000000000  0.000000000  0.000000000
  0.000000000  0.000000000  0.000000000
  0.000000000  0.000000000  0.000000000
  0.000000000  0.000000000  0.000000000
  0.000000000  0.000000000  0.000000000
  0.000000000  0.000000000  0.000000000
  0.000000000  0.000000000  0.000000000
  0.000000000  0.000000000  0.000000000
  0.000000000  0.000000000  0.000000000
  0.000000000  0.000000000  0.000000000
  0.000000000  0.000000000  0.000000000
  0.000000000  0.000000000  0.000000000
  0.000000000  0.000000000  0.000000000
  0.000000000  0.000000000  0.000000000
  0.000000000  0.000000000  0.000000000
  0.000000000  0.000000000  0.000000000
  0.000000000  0.000000000  0.000000000
  0.000000000  0.000000000  0.000000000
  0.000000000  0.000000000  0.000000000
  0.000000000  0.000000000  0.000000000
  0.000000000  0.000000000  0.000000000
  0.000000000  0.000000000  0.000000000
  0.000000000  0.000000000  0.000000000
  0.000000000  0.000000000  0.000000000
  0.000000000  0.000000000  0.000000000
  0.000000000  0.000000000  0.000000000
  0.000000000  0.000000000  0.000000000
  0.000000000  0.000000000  0.000000000
  0.000000000  0.000000000  0.000000000
  0.000000000  0.000000000  0.000000000
  0.000000000  0.000000000  0.000000000
  0.000000000  0.000000000  0.000000000
  0.000000000  0.000000000  0.000000000
  0.000000000  0.000000000  0.000000000
  0.000000000  0.000000000  0.000000000
  0.000000000  0.000000000  0.000000000
  0.000000000  0.000000000  0.000000000
  0.000000000  0.000000000  0.000000000
  0.000000000  0.000000000  0.000000000
  0.000000000  0.000000000  0.000000000
  0.000000000  0.000000000  0.000000000
  0.000000000  0.000000000  0.000000000
  0.000000000  0.000000000  0.000000000
  0.000000000  0.000000000  0.000000000
  0.000000000  0.000000000  0.000000000
  0.000000000  0.000000000  0.000000000
  0.000000000  0.000000000  0.000000000
  0.000000000  0.000000000  0.000000000
  0.000000000  0.000000000  0.000000000
  0.000000000  0.000000000  0.000000000
  0.000000000  0.000000000  0.000000000
  0.000000000  0.000000000  0.000000000
  0.000000000  0.000000000  0.000000000
  0.000000000  0.000000000  0.000000000
  0.000000000  0.000000000  0.000000000
  0.000000000  0.000000000  0.000000000
  0.000000000  0.000000000  0.000000000
  0.000000000  0.000000000  0.000000000
  0.000000000  0.000000000  0.000000000
  0.000000000  0.000000000  0.000000000
  0.000000000  0.000000000  0.000000000
  0.000000000  0.000000000  0.000000000
  0.000000000  0.000000000  0.000000000
  0.000000000  0.000000000  0.000000000
  0.000000000  0.000000000  0.000000000
  0.000000000  0.000000000  0.000000000
  0.000000000  0.000000000  0.000000000
  0.000000000  0.000000000  0.000000000
  0.000000000  0.000000000  0.000000000
  0.000000000  0.000000000  0.000000000
  0.000000000  0.000000000  0.000000000
  0.000000000  0.000000000  0.000000000
  0.000000000  0.000000000  0.000000000
  0.000000000  0.000000000  0.000000000
  0.000000000  0.000000000  0.000000000
  0.000000000  0.000000000  0.000000000
  0.000000000  0.000000000  0.000000000
  0.000000000  0.000000000  0.000000000
  0.000000000  0.000000000  0.000000000
  0.000000000  0.000000000  0.000000000
  0.000000000  0.000000000  0.000000000
  0.000000000  0.000000000  0.000000000
  0.000000000  0.000000000  0.000000000
  0.000000000  0.000000000  0.000000000
  0.000000000  0.000000000  0.000000000
  0.000000000  0.000000000  0.000000000
  0.000000000  0.000000000  0.000000000
  0.000000000  0.000000000  0.000000000
  0.000000000  0.000000000  0.000000000
  0.000000000  0.000000000  0.000000000
  0.000000000  0.000000000  0.000000000
  0.000000000  0.000000000  0.000000000
  0.000000000  0.000000000  0.000000000
  0.000000000  0.000000000  0.000000000
  0.000000000  0.000000000  0.000000000
  0.000000000  0.000000000  0.000000000
  0.000000000  0.000000000  0.000000000
  0.000000000  0.000000000  0.000000000
  0.000000000  0.000000000  0.000000000
  0.000000000  0.000000000  0.000000000
  0.000000000  0.000000000  0.000000000
  0.000000000  0.000000000  0.000000000
  0.000000000  0.000000000  0.000000000
  0.000000000  0.000000000  0.000000000
  0.000000000  0.000000000  0.000000000
  0.000000000  0.000000000  0.000000000
  0.000000000  0.000000000  0.000000000
  0.000000000  0.000000000  0.000000000
  0.000000000  0.000000000  0.000000000
  0.000000000  0.000000000  0.000000000
  0.000000000  0.000000000  0.000000000
  0.000000000  0.000000000  0.000000000
  0.000000000  0.000000000  0.000000000
  0.000000000  0.000000000  0.000000000
  0.000000000  0.000000000  0.000000000
  0.000000000  0.000000000  0.000000000
  0.000000000  0.000000000  0.000000000
  0.000000000  0.000000000  0.000000000
  0.000000000  0.000000000  0.000000000
  0.000000000  0.000000000  0.000000000
  0.000000000  0.000000000  0.000000000
  0.000000000  0.000000000  0.000000000
  0.000000000  0.000000000  0.000000000
  0.000000000  0.000000000  0.000000000
  0.000000000  0.000000000  0.000000000
  0.000000000  0.000000000  0.000000000
  0.000000000  0.000000000  0.000000000
  0.000000000  0.000000000  0.000000000
  0.000000000  0.000000000  0.000000000
  0.000000000  0.000000000  0.000000000
  0.000000000  0.000000000  0.000000000
  0.000000000  0.000000000  0.000000000
  0.000000000  0.000000000  0.000000000
  0.000000000  0.000000000  0.000000000
  0.000000000  0.000000000  0.000000000
  0.000000000  0.000000000  0.000000000
  0.000000000  0.000000000  0.000000000
  0.000000000  0.000000000  0.000000000
  0.000000000  0.000000000  0.000000000
  0.000000000  0.000000000  0.000000000
  0.000000000  0.000000000  0.000000000
  0.000000000  0.000000000  0.000000000
  0.000000000  0.000000000  0.000000000
  0.000000000  0.000000000  0.000000000
  0.000000000  0.000000000  0.000000000
  0.000000000  0.000000000  0.000000000
  0.000000000  0.000000000  0.000000000
  0.000000000  0.000000000  0.000000000
  0.000000000  0.000000000  0.000000000
  0.000000000  0.000000000  0.000000000
  0.000000000  0.000000000  0.000000000
  0.000000000  0.000000000  0.000000000
  0.000000000  0.000000000  0.000000000
  0.000000000  0.000000000  0.000000000
  0.000000000  0.000000000  0.000000000
  0.000000000  0.000000000  0.000000000
  0.000000000  0.000000000  0.000000000
  0.000000000  0.000000000  0.000000000
  0.000000000  0.000000000  0.000000000
  0.000000000  0.000000000  0.000000000
  0.000000000  0.000000000  0.000000000
  0.000000000  0.000000000  0.000000000
  0.000000000  0.000000000  0.000000000
  0.000000000  0.000000000  0.000000000
  0.000000000  0.000000000  0.000000000
  0.000000000  0.000000000  0.000000000
  0.000000000  0.000000000  0.000000000
  0.000000000  0.000000000  0.000000000
  0.000000000  0.000000000  0.000000000
  0.000000000  0.000000000  0.000000000
  0.000000000  0.000000000  0.000000000
  0.000000000  0.000000000  0.000000000
  0.000000000  0.000000000  0.000000000
  0.000000000  0.000000000  0.000000000
  0.000000000  0.000000000  0.000000000
  0.000000000  0.000000000  0.000000000
  0.000000000  0.000000000  0.000000000
  0.000000000  0.000000000  0.000000000
  0.000000000  0.000000000  0.000000000
  0.000000000  0.000000000  0.000000000
  0.000000000  0.000000000  0.000000000
  0.000000000  0.000000000  0.000000000
  0.000000000  0.000000000  0.000000000
  0.000000000  0.000000000  0.000000000
  0.000000000  0.000000000  0.000000000
  0.000000000  0.000000000  0.000000000
 0 0 0
 0 0 0
 0 0 0
 0 0 0
 0 0 0
 0 0 0
 0 0 0
 0 0 0
 0 0 0
 0 0 0
 0 0 0
 0 0 0
 0 0 0
 0 0 0
 0 0 0
 0 0 0
 0 0 0
 0 0 0
 0 0 0
 0 0 0
 0 0 0
 0 0 0
 0 0 0
 0 0 0
 0 0 0
 0 0 0
 0 0 0
 0 0 0
 0 0 0
 0 0 0
 0 0 0
 0 0 0
 0 0 0
 0 0 0
 0 0 0
 0 0 0
 0 0 0
 0 0 0
 0 0 0
 0 0 0
 0 0 0
 0 0 0
 0 0 0
 0 0 0
 0 0 0
 0 0 0
 0 0 0
 0 0 0
 0 0 0
 0 0 0
 0 0 0
 0 0 0
 0 0 0
 0 0 0
 0 0 0
 0 0 0
 0 0 0
 0 0 0
 0 0 0
 0 0 0
 0 0 0
 0 0 0
 0 0 0
 0 0 0
 0 0 0
 0 0 0
 0 0 0
 0 0 0
 0 0 0
 0 0 0
 0 0 0
 0 0 0
 0 0 0
 0 0 0
 0 0 0
 0 0 0
 0 0 0
 0 0 0
 0 0 0
 0 0 0
 0 0 0
 0 0 0
 0 0 0
 0 0 0
 0 0 0
 0 0 0
 0 0 0
 0 0 0
 0 0 0
 0 0 0
 0 0 0
 0 0 0
 0 0 0
 0 0 0
 0 0 0
 0 0 0
 0 0 0
 0 0 0
 0 0 0
 0 0 0
 0 0 0
 0 0 0
 0 0 0
 0 0 0
 0 0 0
 0 0 0
 0 0 0
 0 0 0
 0 0 0
 0 0 0
 0 0 0
 0 0 0
 0 0 0
 0 0 0
 0 0 0
 0 0 0
 0 0 0
 0 0 0
 0 0 0
 0 0 0
 0 0 0
 0 0 0
 0 0 0
 0 0 0
 0 0 0
 0 0 0
 0 0 0
 0 0 0
 0 0 0
 0 0 0
 0 0 0
 0 0 0
 0 0 0
 0 0 0
 0 0 0
 0 0 0
 0 0 0
 0 0 0
 0 0 0
 0 0 0
 0 0 0
 0 0 0
 0 0 0
 0 0 0
 0 0 0
 0 0 0
 0 0 0
 0 0 0
 0 0 0
 0 0 0
 0 0 0
 0 0 0
 0 0 0
 0 0 0
 0 0 0
 0 0 0
 0 0 0
 0 0 0
 0 0 0
 0 0 0
 0 0 0
 0 0 0
 0 0 0
 0 0 0
 0 0 0
 0 0 0
 0 0 0
 0 0 0
 0 0 0
 0 0 0
 0 0 0
 0 0 0
 0 0 0
 0 0 0
 0 0 0
 0 0 0
 0 0 0
 0 0 0
 0 0 0
 0 0 0
 0 0 0
 0 0 0
 0 0 0
 0 0 0
 0 0 0
 0 0 0
 0 0 0
 0 0 0
 0 0 0
 0 0 0
 0 0 0
 0 0 0
 0 0 0
 0 0 0
 0 0 0
 0 0 0
 0 0 0
 0 0 0
 0 0 0
 0 0 0
 0 0 0
 0 0 0
 0 0 0
 0 0 0
 0 0 0
 0 0 0
 0 0 0
 0 0 0
 0 0 0
 0 0 0
 0 0 0
 0 0 0
 0 0 0
 0 0 0
 0 0 0
 0 0 0
 0 0 0
 0 0 0
 0 0 0
 0 0 0
 0 0 0
 0 0 0
 0 0 0
 0 0 0
 0 0 0
 0 0 0
 0 0 0
 0 0 0
 0 0 0
 0 0 0
 0 0 0
 0 0 0
 0 0 0
 0 0 0
 0 0 0
 0 0 0
 0 0 0
 0 0 0
 0 0 0
 0 0 0
 0 0 0
 0 0 0
 0 0 0
 0 0 0
 0 0 0
 0 0 0
 0 0 0
 0 0 0
 0 0 0
 0 0 0
 0 0 0
 0 0 0
 0 0 0
 0 0 0
 0 0 0
 0 0 0
 0 0 0
 0 0 0
 0 0 0
 0 0 0
 0 0 0
 0 0 0
 0 0 0
 0 0 0
 0 0 0
 0 0 0
 0 0 0
 0 0 0
 0 0 0
 0 0 0
 0 0 0
 0 0 0
 0 0 0
 0 0 0
 0 0 0
 0 0 0
 0 0 0
 0 0 0
 0 0 0
 0 0 0
 0 0 0
 0 0 0
 0 0 0
 0 0 0
 0 0 0
 0 0 0
 0 0 0
 0 0 0
 0 0 0
 0 0 0
 0 0 0
 0 0 0
 0 0 0
 0 0 0
 0 0 0
 0 0 0
 0 0 0
 0 0 0
 0 0 0
 0 0 0
 0 0 0
 0 0 0
 0 0 0
 0 0 0
 0 0 0
 0 0 0
 0 0 0
 0 0 0
 0 0 0
 0 0 0
 0 0 0
 0 0 0
 0 0 0
 0 0 0
 0 0 0
 0 0 0
 0 0 0
 0 0 0
 0 0 0
 0 0 0
 0 0 0
 0 0 0
 0 0 0
 0 0 0
 0 0 0
 0 0 0
 0 0 0
 0 0 0
 0 0 0
 0 0 0
 0 0 0
 0 0 0
 0 0 0
 0 0 0
 0 0 0
 0 0 0
  0.000000000  0.000000000  0.000000000
  0.000000000  0.000000000  0.000000000
  0.000000000  0.000000000  0.000000000
  0.000000000  0.000000000  0.000000000
  0.000000000  0.000000000  0.000000000
  0.000000000  0.000000000  0.000000000
  0.000000000  0.000000000  0.000000000
  0.000000000  0.000000000  0.000000000
  0.000000000  0.000000000  0.000000000
  0.000000000  0.000000000  0.000000000
  0.000000000  0.000000000  0.000000000
  0.000000000  0.000000000  0.000000000
  0.000000000  0.000000000  0.000000000
  0.000000000  0.000000000  0.000000000
  0.000000000  0.000000000  0.000000000
  0.000000000  0.000000000  0.000000000
  0.000000000  0.000000000  0.000000000
  0.000000000  0.000000000  0.000000000
  0.000000000  0.000000000  0.000000000
  0.000000000  0.000000000  0.000000000
  0.000000000  0.000000000  0.000000000
  0.000000000  0.000000000  0.000000000
  0.000000000  0.000000000  0.000000000
  0.000000000  0.000000000  0.000000000
  0.000000000  0.000000000  0.000000000
  0.000000000  0.000000000  0.000000000
  0.000000000  0.000000000  0.000000000
  0.000000000  0.000000000  0.000000000
  0.000000000  0.000000000  0.000000000
  0.000000000  0.000000000  0.000000000
  0.000000000  0.000000000  0.000000000
  0.000000000  0.000000000  0.000000000
  0.000000000  0.000000000  0.000000000
  0.000000000  0.000000000  0.000000000
  0.000000000  0.000000000  0.000000000
  0.000000000  0.000000000  0.000000000
  0.000000000  0.000000000  0.000000000
  0.000000000  0.000000000  0.000000000
  0.000000000  0.000000000  0.000000000
  0.000000000  0.000000000  0.000000000
  0.000000000  0.000000000  0.000000000
  0.000000000  0.000000000  0.000000000
  0.000000000  0.000000000  0.000000000
  0.000000000  0.000000000  0.000000000
  0.000000000  0.000000000  0.000000000
  0.000000000  0.000000000  0.000000000
  0.000000000  0.000000000  0.000000000
  0.000000000  0.000000000  0.000000000
  0.000000000  0.000000000  0.000000000
  0.000000000  0.000000000  0.000000000
  0.000000000  0.000000000  0.000000000
  0.000000000  0.000000000  0.000000000
  0.000000000  0.000000000  0.000000000
  0.000000000  0.000000000  0.000000000
  0.000000000  0.000000000  0.000000000
  0.000000000  0.000000000  0.000000000
  0.000000000  0.000000000  0.000000000
  0.000000000  0.000000000  0.000000000
  0.000000000  0.000000000  0.000000000
  0.000000000  0.000000000  0.000000000
  0.000000000  0.000000000  0.000000000
  0.000000000  0.000000000  0.000000000
  0.000000000  0.000000000  0.000000000
  0.000000000  0.000000000  0.000000000
  0.000000000  0.000000000  0.000000000
  0.000000000  0.000000000  0.000000000
  0.000000000  0.000000000  0.000000000
  0.000000000  0.000000000  0.000000000
  0.000000000  0.000000000  0.000000000
  0.000000000  0.000000000  0.000000000
  0.000000000  0.000000000  0.000000000
  0.000000000  0.000000000  0.000000000
  0.000000000  0.000000000  0.000000000
  0.000000000  0.000000000  0.000000000
  0.000000000  0.000000000  0.000000000
  0.000000000  0.000000000  0.000000000
  0.000000000  0.000000000  0.000000000
  0.000000000  0.000000000  0.000000000
  0.000000000  0.000000000  0.000000000
  0.000000000  0.000000000  0.000000000
  0.000000000  0.000000000  0.000000000
  0.000000000  0.000000000  0.000000000
  0.000000000  0.000000000  0.000000000
  0.000000000  0.000000000  0.000000000
  0.000000000  0.000000000  0.000000000
  0.000000000  0.000000000  0.000000000
  0.000000000  0.000000000  0.000000000
  0.000000000  0.000000000  0.000000000
  0.000000000  0.000000000  0.000000000
  0.000000000  0.000000000  0.000000000
  0.000000000  0.000000000  0.000000000
  0.000000000  0.000000000  0.000000000
  0.000000000  0.000000000  0.000000000
  0.000000000  0.000000000  0.000000000
  0.000000000  0.000000000  0.000000000
  0.000000000  0.000000000  0.000000000
  0.000000000  0.000000000  0.000000000
  0.000000000  0.000000000  0.000000000
  0.000000000  0.000000000  0.000000000
  0.000000000  0.000000000  0.000000000
  0.000000000  0.000000000  0.000000000
  0.000000000  0.000000000  0.000000000
  0.000000000  0.000000000  0.000000000
  0.000000000  0.000000000  0.000000000
  0.000000000  0.000000000  0.000000000
  0.000000000  0.000000000  0.000000000
  0.000000000  0.000000000  0.000000000
  0.000000000  0.000000000  0.000000000
  0.000000000  0.000000000  0.000000000
  0.000000000  0.000000000  0.000000000
  0.000000000  0.000000000  0.000000000
  0.000000000  0.000000000  0.000000000
  0.000000000  0.000000000  0.000000000
  0.000000000  0.000000000  0.000000000
  0.000000000  0.000000000  0.000000000
  0.000000000  0.000000000  0.000000000
  0.000000000  0.000000000  0.000000000
  0.000000000  0.000000000  0.000000000
  0.000000000  0.000000000  0.000000000
  0.000000000  0.000000000  0.000000000
  0.000000000  0.000000000  0.000000000
  0.000000000  0.000000000  0.000000000
  0.000000000  0.000000000  0.000000000
  0.000000000  0.000000000  0.000000000
  0.000000000  0.000000000  0.000000000
  0.000000000  0.000000000  0.000000000
  0.000000000  0.000000000  0.000000000
  0.000000000  0.000000000  0.000000000
  0.000000000  0.000000000  0.000000000
  0.000000000  0.000000000  0.000000000
  0.000000000  0.000000000  0.000000000
  0.000000000  0.000000000  0.000000000
  0.000000000  0.000000000  0.000000000
  0.000000000  0.000000000  0.000000000
  0.000000000  0.000000000  0.000000000
  0.000000000  0.000000000  0.000000000
  0.000000000  0.000000000  0.000000000
  0.000000000  0.000000000  0.000000000
  0.000000000  0.000000000  0.000000000
  0.000000000  0.000000000  0.000000000
  0.000000000  0.000000000  0.000000000
  0.000000000  0.000000000  0.000000000
  0.000000000  0.000000000  0.000000000
  0.000000000  0.000000000  0.000000000
  0.000000000  0.000000000  0.000000000
  0.000000000  0.000000000  0.000000000
  0.000000000  0.000000000  0.000000000
  0.000000000  0.000000000  0.000000000
  0.000000000  0.000000000  0.000000000
  0.000000000  0.000000000  0.000000000
  0.000000000  0.000000000  0.000000000
  0.000000000  0.000000000  0.000000000
  0.000000000  0.000000000  0.000000000
  0.000000000  0.000000000  0.000000000
  0.000000000  0.000000000  0.000000000
  0.000000000  0.000000000  0.000000000
  0.000000000  0.000000000  0.000000000
  0.000000000  0.000000000  0.000000000
  0.000000000  0.000000000  0.000000000
  0.000000000  0.000000000  0.000000000
  0.000000000  0.000000000  0.000000000
  0.000000000  0.000000000  0.000000000
  0.000000000  0.000000000  0.000000000
  0.000000000  0.000000000  0.000000000
  0.000000000  0.000000000  0.000000000
  0.000000000  0.000000000  0.000000000
  0.000000000  0.000000000  0.000000000
  0.000000000  0.000000000  0.000000000
  0.000000000  0.000000000  0.000000000
  0.000000000  0.000000000  0.000000000
  0.000000000  0.000000000  0.000000000
  0.000000000  0.000000000  0.000000000
  0.000000000  0.000000000  0.000000000
  0.000000000  0.000000000  0.000000000
  0.000000000  0.000000000  0.000000000
  0.000000000  0.000000000  0.000000000
  0.000000000  0.000000000  0.000000000
  0.000000000  0.000000000  0.000000000
  0.000000000  0.000000000  0.000000000
  0.000000000  0.000000000  0.000000000
  0.000000000  0.000000000  0.000000000
  0.000000000  0.000000000  0.000000000
  0.000000000  0.000000000  0.000000000
  0.000000000  0.000000000  0.000000000
  0.000000000  0.000000000  0.000000000
  0.000000000  0.000000000  0.000000000
  0.000000000  0.000000000  0.000000000
  0.000000000  0.000000000  0.000000000
  0.000000000  0.000000000  0.000000000
  0.000000000  0.000000000  0.000000000
  0.000000000  0.000000000  0.000000000
  0.000000000  0.000000000  0.000000000
  0.000000000  0.000000000  0.000000000
  0.000000000  0.000000000  0.000000000
  0.000000000  0.000000000  0.000000000
  0.000000000  0.000000000  0.000000000
  0.000000000  0.000000000  0.000000000
  0.000000000  0.000000000  0.000000000
  0.000000000  0.000000000  0.000000000
  0.000000000  0.000000000  0.000000000
  0.000000000  0.000000000  0.000000000
  0.000000000  0.000000000  0.000000000
  0.000000000  0.000000000  0.000000000
  0.000000000  0.000000000  0.000000000
  0.000000000  0.000000000  0.000000000
  0.000000000  0.000000000  0.000000000
  0.000000000  0.000000000  0.000000000
  0.000000000  0.000000000  0.000000000
  0.000000000  0.000000000  0.000000000
  0.000000000  0.000000000  0.000000000
  0.000000000  0.000000000  0.000000000
  0.000000000  0.000000000  0.000000000
  0.000000000  0.000000000  0.000000000
  0.000000000  0.000000000  0.000000000
  0.000000000  0.000000000  0.000000000
  0.000000000  0.000000000  0.000000000
  0.000000000  0.000000000  0.000000000
  0.000000000  0.000000000  0.000000000
  0.000000000  0.000000000  0.000000000
  0.000000000  0.000000000  0.000000000
  0.000000000  0.000000000  0.000000000
  0.000000000  0.000000000  0.000000000
  0.000000000  0.000000000  0.000000000
  0.000000000  0.000000000  0.000000000
  0.000000000  0.000000000  0.000000000
  0.000000000  0.000000000  0.000000000
  0.000000000  0.000000000  0.000000000
  0.000000000  0.000000000  0.000000000
  0.000000000  0.000000000  0.000000000
  0.000000000  0.000000000  0.000000000
  0.000000000  0.000000000  0.000000000
  0.000000000  0.000000000  0.000000000
  0.000000000  0.000000000  0.000000000
  0.000000000  0.000000000  0.000000000
  0.000000000  0.000000000  0.000000000
  0.000000000  0.000000000  0.000000000
  0.000000000  0.000000000  0.000000000
  0.000000000  0.000000000  0.000000000
  0.000000000  0.000000000  0.000000000
  0.000000000  0.000000000  0.000000000
  0.000000000  0.000000000  0.000000000
  0.000000000  0.000000000  0.000000000
  0.000000000  0.000000000  0.000000000
  0.000000000  0.000000000  0.000000000
  0.000000000  0.000000000  0.000000000
  0.000000000  0.000000000  0.000000000
  0.000000000  0.000000000  0.000000000
  0.000000000  0.000000000  0.000000000
  0.000000000  0.000000000  0.000000000
  0.000000000  0.000000000  0.000000000
  0.000000000  0.000000000  0.000000000
  0.000000000  0.000000000  0.000000000
  0.000000000  0.000000000  0.000000000
  0.000000000  0.000000000  0.000000000
  0.000000000  0.000000000  0.000000000
  0.000000000  0.000000000  0.000000000
  0.000000000  0.000000000  0.000000000
  0.000000000  0.000000000  0.000000000
  0.000000000  0.000000000  0.000000000
  0.000000000  0.000000000  0.000000000
  0.000000000  0.000000000  0.000000000
  0.000000000  0.000000000  0.000000000
  0.000000000  0.000000000  0.000000000
  0.000000000  0.000000000  0.000000000
  0.000000000  0.000000000  0.000000000
  0.000000000  0.000000000  0.000000000
  0.000000000  0.000000000  0.000000000
  0.000000000  0.000000000  0.000000000
  0.000000000  0.000000000  0.000000000
  0.000000000  0.000000000  0.000000000
  0.000000000  0.000000000  0.000000000
  0.000000000  0.000000000  0.000000000
  0.000000000  0.000000000  0.000000000
  0.000000000  0.000000000  0.000000000
  0.000000000  0.000000000  0.000000000
  0.000000000  0.000000000  0.000000000
  0.000000000  0.000000000  0.000000000
  0.000000000  0.000000000  0.000000000
  0.000000000  0.000000000  0.000000000
  0.000000000  0.000000000  0.000000000
  0.000000000  0.000000000  0.000000000
  0.000000000  0.000000000  0.000000000
  0.000000000  0.000000000  0.000000000
  0.000000000  0.000000000  0.000000000
  0.000000000  0.000000000  0.000000000
  0.000000000  0.000000000  0.000000000
  0.000000000  0.000000000  0.000000000
  0.000000000  0.000000000  0.000000000
  0.000000000  0.000000000  0.000000000
  0.000000000  0.000000000  0.000000000
  0.000000000  0.000000000  0.000000000
  0.000000000  0.000000000  0.000000000
  0.000000000  0.000000000  0.000000000
  0.000000000  0.000000000  0.000000000
  0.000000000  0.000000000  0.000000000
  0.000000000  0.000000000  0.000000000
  0.000000000  0.000000000  0.000000000
  0.000000000  0.000000000  0.000000000
  0.000000000  0.000000000  0.000000000
  0.000000000  0.000000000  0.000000000
  0.000000000  0.000000000  0.000000000
  0.000000000  0.000000000  0.000000000
  0.000000000  0.000000000  0.000000000
  0.000000000  0.000000000  0.000000000
  0.000000000  0.000000000  0.000000000
  0.000000000  0.000000000  0.000000000
  0.000000000  0.000000000  0.000000000
  0.000000000  0.000000000  0.000000000
  0.000000000  0.000000000  0.000000000
  0.000000000  0.000000000  0.000000000
  0.000000000  0.000000000  0.000000000
  0.000000000  0.000000000  0.000000000
  0.000000000  0.000000000  0.000000000
  0.000000000  0.000000000  0.000000000
  0.000000000  0.000000000  0.000000000
  0.000000000  0.000000000  0.000000000
  0.000000000  0.000000000  0.000000000
  0.000000000  0.000000000  0.000000000
  0.000000000  0.000000000  0.000000000
  0.000000000  0.000000000  0.000000000
  0.000000000  0.000000000  0.000000000
  0.000000000  0.000000000  0.000000000
  0.000000000  0.000000000  0.000000000
  0.000000000  0.000000000  0.000000000
  0.000000000  0.000000000  0.000000000
  0.000000000  0.000000000  0.000000000
  0.000000000  0.000000000  0.000000000
  0.000000000  0.000000000  0.000000000
  0.000000000  0.000000000  0.000000000
  0.000000000  0.000000000  0.000000000
  0.000000000  0.000000000  0.000000000
  0.000000000  0.000000000  0.000000000
  0.000000000  0.000000000  0.000000000
  0.000000000  0.000000000  0.000000000
  0.000000000  0.000000000  0.000000000
  0.000000000  0.000000000  0.000000000
  0.000000000  0.000000000  0.000000000
  0.000000000  0.000000000  0.000000000
  0.000000000  0.000000000  0.000000000
  0.000000000  0.000000000  0.000000000
  0.000000000  0.000000000  0.000000000
  0.000000000  0.000000000  0.000000000
  0.000000000  0.000000000  0.000000000
  0.000000000  0.000000000  0.000000000
  0.000000000  0.000000000  0.000000000
  0.000000000  0.000000000  0.000000000
  0.000000000  0.000000000  0.000000000
  0.000000000  0.000000000  0.000000000
  0.000000000  0.000000000  0.000000000
  0.000000000  0.000000000  0.000000000
  0.000000000  0.000000000  0.000000000
  0.000000000  0.000000000  0.000000000
  0.000000000  0.000000000  0.000000000
  0.000000000  0.000000000  0.000000000
  0.000000000  0.000000000  0.000000000
  0.000000000  0.000000000  0.000000000
  0.000000000  0.000000000  0.000000000
  0.000000000  0.000000000  0.000000000
  0.000000000  0.000000000  0.000000000
  0.000000000  0.000000000  0.000000000
  0.000000000  0.000000000  0.000000000
  0.000000000  0.000000000  0.000000000
  0.000000000  0.000000000  0.000000000
  0.000000000  0.000000000  0.000000000
  0.000000000  0.000000000  0.000000000
  0.000000000  0.000000000  0.000000000
  0.000000000  0.000000000  0.000000000
  0.000000000  0.000000000  0.000000000
  0.000000000  0.000000000  0.000000000
  0.000000000  0.000000000  0.000000000
  0.000000000  0.000000000  0.000000000
  0.000000000  0.000000000  0.000000000
  0.000000000  0.000000000  0.000000000
  0.000000000  0.000000000  0.000000000
  0.000000000  0.000000000  0.000000000
  0.000000000  0.000000000  0.000000000
  0.000000000  0.000000000  0.000000000
  0.000000000  0.000000000  0.000000000
  0.000000000  0.000000000  0.000000000
  0.000000000  0.000000000  0.000000000
  0.000000000  0.000000000  0.000000000
  0.000000000  0.000000000  0.000000000
  0.000000000  0.000000000  0.000000000
  0.000000000  0.000000000  0.000000000
  0.000000000  0.000000000  0.000000000
  0.000000000  0.000000000  0.000000000
  0.000000000  0.000000000  0.000000000
  0.000000000  0.000000000  0.000000000
  0.000000000  0.000000000  0.000000000
  0.000000000  0.000000000  0.000000000
  0.000000000  0.000000000  0.000000000
  0.000000000  0.000000000  0.000000000
  0.000000000  0.000000000  0.000000000
  0.000000000  0.000000000  0.000000000
  0.000000000  0.000000000  0.000000000
  0.000000000  0.000000000  0.000000000
  0.000000000  0.000000000  0.000000000
  0.000000000  0.000000000  0.000000000
  0.000000000  0.000000000  0.000000000
  0.000000000  0.000000000  0.000000000
  0.000000000  0.000000000  0.000000000
  0.000000000  0.000000000  0.000000000
  0.000000000  0.000000000  0.000000000
  0.000000000  0.000000000  0.000000000
  0.000000000  0.000000000  0.000000000
  0.000000000  0.000000000  0.000000000
  0.000000000  0.000000000  0.000000000
  0.000000000  0.000000000  0.000000000
  0.000000000  0.000000000  0.000000000
  0.000000000  0.000000000  0.000000000
  0.000000000  0.000000000  0.000000000
  0.000000000  0.000000000  0.000000000
  0.000000000  0.000000000  0.000000000
  0.000000000  0.000000000  0.000000000
  0.000000000  0.000000000  0.000000000
  0.000000000  0.000000000  0.000000000
  0.000000000  0.000000000  0.000000000
  0.000000000  0.000000000  0.000000000
  0.000000000  0.000000000  0.000000000
  0.000000000  0.000000000  0.000000000
  0.000000000  0.000000000  0.000000000
  0.000000000  0.000000000  0.000000000
  0.000000000  0.000000000  0.000000000
  0.000000000  0.000000000  0.000000000
  0.000000000  0.000000000  0.000000000
  0.000000000  0.000000000  0.000000000
  0.000000000  0.000000000  0.000000000
  0.000000000  0.000000000  0.000000000
  0.000000000  0.000000000  0.000000000
  0.000000000  0.000000000  0.000000000
  0.000000000  0.000000000  0.000000000
  0.000000000  0.000000000  0.000000000
  0.000000000  0.000000000  0.000000000
  0.000000000  0.000000000  0.000000000
  0.000000000  0.000000000  0.000000000
  0.000000000  0.000000000  0.000000000
  0.000000000  0.000000000  0.000000000
  0.000000000  0.000000000  0.000000000
  0.000000000  0.000000000  0.000000000
  0.000000000  0.000000000  0.000000000
  0.000000000  0.000000000  0.000000000
  0.000000000  0.000000000  0.000000000
  0.000000000  0.000000000  0.000000000
  0.000000000  0.000000000  0.000000000
  0.000000000  0.000000000  0.000000000
  0.000000000  0.000000000  0.000000000
  0.000000000  0.000000000  0.000000000
  0.000000000  0.000000000  0.000000000
  0.000000000  0.000000000  0.000000000
  0.000000000  0.000000000  0.000000000
  0.000000000  0.000000000  0.000000000
  0.000000000  0.000000000  0.000000000
  0.000000000  0.000000000  0.000000000
  0.000000000  0.000000000  0.000000000
  0.000000000  0.000000000  0.000000000
  0.000000000  0.000000000  0.000000000
  0.000000000  0.000000000  0.000000000
  0.000000000  0.000000000  0.000000000
  0.000000000  0.000000000  0.000000000
  0.000000000  0.000000000  0.000000000
  0.000000000  0.000000000  0.000000000
  0.000000000  0.000000000  0.000000000
  0.000000000  0.000000000  0.000000000
  0.000000000  0.000000000  0.000000000
  0.000000000  0.000000000  0.000000000
  0.000000000  0.000000000  0.000000000
  0.000000000  0.000000000  0.000000000
  0.000000000  0.000000000  0.000000000
  0.000000000  0.000000000  0.000000000
  0.000000000  0.000000000  0.000000000
  0.000000000  0.000000000  0.000000000
  0.000000000  0.000000000  0.000000000
  0.000000000  0.000000000  0.000000000
  0.000000000  0.000000000  0.000000000
  0.000000000  0.000000000  0.000000000
  0.000000000  0.000000000  0.000000000
  0.000000000  0.000000000  0.000000000
  0.000000000  0.000000000  0.000000000
  0.000000000  0.000000000  0.000000000
  0.000000000  0.000000000  0.000000000
  0.000000000  0.000000000  0.000000000
  0.000000000  0.000000000  0.000000000
  0.000000000  0.000000000  0.000000000
  0.000000000  0.000000000  0.000000000
  0.000000000  0.000000000  0.000000000
  0.000000000  0.000000000  0.000000000
  0.000000000  0.000000000  0.000000000
  0.000000000  0.000000000  0.000000000
  0.000000000  0.000000000  0.000000000
  0.000000000  0.000000000  0.000000000
  0.000000000  0.000000000  0.000000000
  0.000000000  0.000000000  0.000000000
  0.000000000  0.000000000  0.000000000
  0.000000000  0.000000000  0.000000000
  0.000000000  0.000000000  0.000000000
  0.000000000  0.000000000  0.000000000
  0.000000000  0.000000000  0.000000000
   1.06000000000000     
   1.06000000000000     
   1.06000000000000     
   1.06000000000000     
   1.06000000000000     
   1.06000000000000     
   1.06000000000000     
   1.06000000000000     
   1.06000000000000     
   1.06000000000000     
   1.06000000000000     
   1.06000000000000     
   1.06000000000000     
   1.06000000000000     
   1.06000000000000     
   1.06000000000000     
   1.06000000000000     
   1.06000000000000     
   1.06000000000000     
   1.06000000000000     
   1.06000000000000     
   1.06000000000000     
   1.06000000000000     
   1.06000000000000     
   1.06000000000000     
   1.06000000000000     
   1.06000000000000     
   1.06000000000000     
   1.06000000000000     
   1.06000000000000     
   1.06000000000000     
   1.06000000000000     
   1.06000000000000     
   1.06000000000000     
   1.06000000000000     
   1.06000000000000     
   1.06000000000000     
   1.06000000000000     
   1.06000000000000     
   1.06000000000000     
   1.06000000000000     
   1.06000000000000     
   1.06000000000000     
   1.06000000000000     
   1.06000000000000     
   1.06000000000000     
   1.06000000000000     
   1.06000000000000     
   1.06000000000000     
   1.06000000000000     
   1.06000000000000     
   1.06000000000000     
   1.06000000000000     
   1.06000000000000     
   1.06000000000000     
   1.06000000000000     
   1.06000000000000     
   1.06000000000000     
   1.06000000000000     
   1.06000000000000     
   1.06000000000000     
   1.06000000000000     
   1.06000000000000     
   1.06000000000000     
   1.06000000000000     
   1.06000000000000     
   1.06000000000000     
   1.06000000000000     
   1.06000000000000     
   1.06000000000000     
   1.06000000000000     
   1.06000000000000     
   1.06000000000000     
   1.06000000000000     
   1.06000000000000     
   1.06000000000000     
   1.06000000000000     
   1.06000000000000     
   1.06000000000000     
   1.06000000000000     
   1.06000000000000     
   1.06000000000000     
   1.06000000000000     
   1.06000000000000     
   1.06000000000000     
   1.06000000000000     
   1.06000000000000     
   1.06000000000000     
   1.06000000000000     
   1.06000000000000     
   1.06000000000000     
   1.06000000000000     
   1.06000000000000     
   1.06000000000000     
   1.06000000000000     
   1.06000000000000     
   1.06000000000000     
   1.06000000000000     
   1.06000000000000     
   1.06000000000000     
   1.06000000000000     
   1.06000000000000     
   1.06000000000000     
   1.06000000000000     
   1.06000000000000     
   1.06000000000000     
   1.06000000000000     
   1.06000000000000     
   1.06000000000000     
   1.06000000000000     
   1.06000000000000     
   1.06000000000000     
   1.06000000000000     
   1.06000000000000     
   1.06000000000000     
   1.06000000000000     
   1.06000000000000     
   1.06000000000000     
   1.06000000000000     
   1.06000000000000     
   1.06000000000000     
   1.06000000000000     
   1.06000000000000     
   1.06000000000000     
   1.06000000000000     
   1.06000000000000     
   1.06000000000000     
   1.06000000000000     
   1.06000000000000     
   1.06000000000000     
   1.06000000000000     
   1.06000000000000     
   1.06000000000000     
   1.06000000000000     
   1.06000000000000     
   1.06000000000000     
   1.06000000000000     
   1.06000000000000     
   1.06000000000000     
   1.06000000000000     
   1.06000000000000     
   1.06000000000000     
   1.06000000000000     
   1.06000000000000     
   1.06000000000000     
   1.06000000000000     
   1.06000000000000     
   1.06000000000000     
   1.06000000000000     
   1.06000000000000     
   1.06000000000000     
   1.06000000000000     
   1.06000000000000     
   1.06000000000000     
   1.06000000000000     
   1.06000000000000     
   1.06000000000000     
   1.06000000000000     
   1.06000000000000     
   1.06000000000000     
   1.06000000000000     
  3.000000000000000E-002
  3.000000000000000E-002
  3.000000000000000E-002
  3.000000000000000E-002
  3.000000000000000E-002
  3.000000000000000E-002
  3.000000000000000E-002
  3.000000000000000E-002
  3.000000000000000E-002
  3.000000000000000E-002
  3.000000000000000E-002
  3.000000000000000E-002
  3.000000000000000E-002
  3.000000000000000E-002
  3.000000000000000E-002
  3.000000000000000E-002
  3.000000000000000E-002
  3.000000000000000E-002
  3.000000000000000E-002
  3.000000000000000E-002
  3.000000000000000E-002
  3.000000000000000E-002
  3.000000000000000E-002
  3.000000000000000E-002
  3.000000000000000E-002
  3.000000000000000E-002
  3.000000000000000E-002
  3.000000000000000E-002
  3.000000000000000E-002
  3.000000000000000E-002
  3.000000000000000E-002
  3.000000000000000E-002
  3.000000000000000E-002
  3.000000000000000E-002
  3.000000000000000E-002
  3.000000000000000E-002
  3.000000000000000E-002
  3.000000000000000E-002
  3.000000000000000E-002
  3.000000000000000E-002
  3.000000000000000E-002
  3.000000000000000E-002
  3.000000000000000E-002
  3.000000000000000E-002
  3.000000000000000E-002
  3.000000000000000E-002
  3.000000000000000E-002
  3.000000000000000E-002
  3.000000000000000E-002
  3.000000000000000E-002
  3.000000000000000E-002
  3.000000000000000E-002
  3.000000000000000E-002
  3.000000000000000E-002
  3.000000000000000E-002
  3.000000000000000E-002
  3.000000000000000E-002
  3.000000000000000E-002
  3.000000000000000E-002
  3.000000000000000E-002
  3.000000000000000E-002
  3.000000000000000E-002
  3.000000000000000E-002
  3.000000000000000E-002
  3.000000000000000E-002
  3.000000000000000E-002
  3.000000000000000E-002
  3.000000000000000E-002
  3.000000000000000E-002
  3.000000000000000E-002
  3.000000000000000E-002
  3.000000000000000E-002
  3.000000000000000E-002
  3.000000000000000E-002
  3.000000000000000E-002
  3.000000000000000E-002
  3.000000000000000E-002
  3.000000000000000E-002
  3.000000000000000E-002
  3.000000000000000E-002
  3.000000000000000E-002
  3.000000000000000E-002
  3.000000000000000E-002
  3.000000000000000E-002
  3.000000000000000E-002
  3.000000000000000E-002
  3.000000000000000E-002
  3.000000000000000E-002
  3.000000000000000E-002
  3.000000000000000E-002
  3.000000000000000E-002
  3.000000000000000E-002
  3.000000000000000E-002
  3.000000000000000E-002
  3.000000000000000E-002
  3.000000000000000E-002
  3.000000000000000E-002
  3.000000000000000E-002
  3.000000000000000E-002
  3.000000000000000E-002
  3.000000000000000E-002
  3.000000000000000E-002
  3.000000000000000E-002
  3.000000000000000E-002
  3.000000000000000E-002
  3.000000000000000E-002
  3.000000000000000E-002
  3.000000000000000E-002
  3.000000000000000E-002
  3.000000000000000E-002
  3.000000000000000E-002
  3.000000000000000E-002
  3.000000000000000E-002
  3.000000000000000E-002
  3.000000000000000E-002
  3.000000000000000E-002
  3.000000000000000E-002
  3.000000000000000E-002
  3.000000000000000E-002
  3.000000000000000E-002
  3.000000000000000E-002
  3.000000000000000E-002
  3.000000000000000E-002
  3.000000000000000E-002
  3.000000000000000E-002
  3.000000000000000E-002
  3.000000000000000E-002
  3.000000000000000E-002
  3.000000000000000E-002
  3.000000000000000E-002
  3.000000000000000E-002
  3.000000000000000E-002
  3.000000000000000E-002
  3.000000000000000E-002
  3.000000000000000E-002
  3.000000000000000E-002
  3.000000000000000E-002
  3.000000000000000E-002
  3.000000000000000E-002
  3.000000000000000E-002
  3.000000000000000E-002
  3.000000000000000E-002
  3.000000000000000E-002
  3.000000000000000E-002
  3.000000000000000E-002
  3.000000000000000E-002
  3.000000000000000E-002
  3.000000000000000E-002
  3.000000000000000E-002
  3.000000000000000E-002
  3.000000000000000E-002
  3.000000000000000E-002
  3.000000000000000E-002
  3.000000000000000E-002
  3.000000000000000E-002
  3.000000000000000E-002
  3.000000000000000E-002
  3.000000000000000E-002
  3.000000000000000E-002
  3.000000000000000E-002
  3.000000000000000E-002
