           3
 2 1 2
   9   2  25
  0.000000000  0.000000000  0.000000000  0.250000000  0.250000000  0.500000000  0.500000000  0.750000000  0.750000000  1.000000000  1.000000000  1.000000000
  0.000000000  0.000000000  1.000000000  1.000000000
  0.201691332  0.201691332  0.201691332  0.202150933  0.202610534  0.203070135  0.203529736  0.203989337  0.204448938  0.204908539  0.205368140  0.205827741  0.206287342  0.206746944  0.207206545  0.207666146  0.208125747  0.208585348  0.209044949  0.209504550  0.209964151  0.210423752  0.210883353  0.211342954  0.211802555  0.212262156  0.212262156  0.212262156
 -0.784396627300E+01 -0.155333921930E+02  0.494145941380E+02  0.100000000000E+01
 -0.784396627300E+01 -0.155333921930E+02  0.494145941380E+02  0.707106146484E+00
 -0.784396627300E+01 -0.155333921930E+02  0.494145941380E+02  0.100000000000E+01
 -0.784396627300E+01 -0.155333921930E+02  0.494145941380E+02  0.707107854536E+00
 -0.784396627300E+01 -0.155333921930E+02  0.494145941380E+02  0.100000000000E+01
 -0.784396627300E+01 -0.155333921930E+02  0.494145941380E+02  0.707107720587E+00
 -0.784396627300E+01 -0.155333921930E+02  0.494145941380E+02  0.100000000000E+01
 -0.784396627300E+01 -0.155333921930E+02  0.494145941380E+02  0.707107030761E+00
 -0.784396627300E+01 -0.155333921930E+02  0.494145941380E+02  0.100000000000E+01
 -0.779573901000E+01 -0.158344247290E+02  0.496347278510E+02  0.100000000000E+01
 -0.754837398800E+01 -0.157892774410E+02  0.494718676970E+02  0.707106146484E+00
 -0.748469863600E+01 -0.155813260630E+02  0.492703344870E+02  0.100000000000E+01
 -0.751829851300E+01 -0.152611838610E+02  0.490272038210E+02  0.707107854536E+00
 -0.790826782800E+01 -0.151320271210E+02  0.491210883490E+02  0.100000000000E+01
 -0.855554392600E+01 -0.151675764720E+02  0.483994857610E+02  0.707107720587E+00
 -0.839354259500E+01 -0.159247708380E+02  0.489997874610E+02  0.100000000000E+01
 -0.815991669500E+01 -0.161693062480E+02  0.494012368790E+02  0.707107030761E+00
 -0.779573901000E+01 -0.158344247290E+02  0.496347278510E+02  0.100000000000E+01
 -0.781007282300E+01 -0.156917735180E+02  0.491627185860E+02  0.100000000000E+01
 -0.781007282300E+01 -0.156917735180E+02  0.491627185860E+02  0.707106941242E+00
 -0.781007282300E+01 -0.156917735180E+02  0.491627185860E+02  0.100000000000E+01
 -0.781007282300E+01 -0.156917735180E+02  0.491627185860E+02  0.707106074728E+00
 -0.781007282300E+01 -0.156917735180E+02  0.491627185860E+02  0.100000000000E+01
 -0.781007282300E+01 -0.156917735180E+02  0.491627185860E+02  0.707106159254E+00
 -0.781007282300E+01 -0.156917735180E+02  0.491627185860E+02  0.100000000000E+01
 -0.781007282300E+01 -0.156917735180E+02  0.491627185860E+02  0.707106186207E+00
 -0.781007282300E+01 -0.156917735180E+02  0.491627185860E+02  0.100000000000E+01
 -0.776849577900E+01 -0.159501314910E+02  0.493174957800E+02  0.100000000000E+01
 -0.754344208700E+01 -0.158839907900E+02  0.492283162030E+02  0.707106941242E+00
 -0.750202699700E+01 -0.156839625130E+02  0.490930083420E+02  0.100000000000E+01
 -0.752321587800E+01 -0.153489581790E+02  0.488854353470E+02  0.707106074728E+00
 -0.788961091000E+01 -0.151975282700E+02  0.488666292990E+02  0.100000000000E+01
 -0.837671267700E+01 -0.153655864730E+02  0.482887829370E+02  0.707106159254E+00
 -0.821427434600E+01 -0.160040444590E+02  0.487500446180E+02  0.100000000000E+01
 -0.803895112500E+01 -0.162576632660E+02  0.490794942730E+02  0.707106186207E+00
 -0.776849577900E+01 -0.159501314910E+02  0.493174957800E+02  0.100000000000E+01
 -0.773209665700E+01 -0.158230033740E+02  0.489048401110E+02  0.100000000000E+01
 -0.773209665700E+01 -0.158230033740E+02  0.489048401110E+02  0.707106527042E+00
 -0.773209665700E+01 -0.158230033740E+02  0.489048401110E+02  0.100000000000E+01
 -0.773209665700E+01 -0.158230033740E+02  0.489048401110E+02  0.707107145494E+00
 -0.773209665700E+01 -0.158230033740E+02  0.489048401110E+02  0.100000000000E+01
 -0.773209665700E+01 -0.158230033740E+02  0.489048401110E+02  0.707107681123E+00
 -0.773209665700E+01 -0.158230033740E+02  0.489048401110E+02  0.100000000000E+01
 -0.773209665700E+01 -0.158230033740E+02  0.489048401110E+02  0.707107941168E+00
 -0.773209665700E+01 -0.158230033740E+02  0.489048401110E+02  0.100000000000E+01
 -0.768493912300E+01 -0.160959276740E+02  0.490486019610E+02  0.100000000000E+01
 -0.738240340000E+01 -0.160396748670E+02  0.490129977480E+02  0.707106527042E+00
 -0.736042817000E+01 -0.157757288780E+02  0.488726709720E+02  0.100000000000E+01
 -0.744624228700E+01 -0.154239482480E+02  0.486878485000E+02  0.707107145494E+00
 -0.782466154000E+01 -0.152872853620E+02  0.486226476550E+02  0.100000000000E+01
 -0.821493462000E+01 -0.155315568420E+02  0.481283698730E+02  0.707107681123E+00
 -0.805903531000E+01 -0.160886703520E+02  0.485077336420E+02  0.100000000000E+01
 -0.791323357900E+01 -0.163463820080E+02  0.487893579380E+02  0.707107941168E+00
 -0.768493912300E+01 -0.160959276740E+02  0.490486019610E+02  0.100000000000E+01
 -0.762879445400E+01 -0.159359580630E+02  0.486469508000E+02  0.100000000000E+01
 -0.762879445400E+01 -0.159359580630E+02  0.486469508000E+02  0.707106130727E+00
 -0.762879445400E+01 -0.159359580630E+02  0.486469508000E+02  0.100000000000E+01
 -0.762879445400E+01 -0.159359580630E+02  0.486469508000E+02  0.707107151412E+00
 -0.762879445400E+01 -0.159359580630E+02  0.486469508000E+02  0.100000000000E+01
 -0.762879445400E+01 -0.159359580630E+02  0.486469508000E+02  0.707107537481E+00
 -0.762879445400E+01 -0.159359580630E+02  0.486469508000E+02  0.100000000000E+01
 -0.762879445400E+01 -0.159359580630E+02  0.486469508000E+02  0.707107211834E+00
 -0.762879445400E+01 -0.159359580630E+02  0.486469508000E+02  0.100000000000E+01
 -0.757638762400E+01 -0.162274074110E+02  0.487924772630E+02  0.100000000000E+01
 -0.716542844600E+01 -0.161899863340E+02  0.488042685760E+02  0.707106130727E+00
 -0.716970077300E+01 -0.158560734520E+02  0.486416073760E+02  0.100000000000E+01
 -0.732282422200E+01 -0.155019321230E+02  0.484582503170E+02  0.707107151412E+00
 -0.772571217700E+01 -0.153969738230E+02  0.483778226850E+02  0.100000000000E+01
 -0.807631100000E+01 -0.156625592920E+02  0.479589620870E+02  0.707107537481E+00
 -0.793577962600E+01 -0.161736451150E+02  0.482814818590E+02  0.100000000000E+01
 -0.780179328800E+01 -0.164480750410E+02  0.485356841120E+02  0.707107211834E+00
 -0.757638762400E+01 -0.162274074110E+02  0.487924772630E+02  0.100000000000E+01
 -0.752004155200E+01 -0.160435602610E+02  0.483889650960E+02  0.100000000000E+01
 -0.752004155200E+01 -0.160435602610E+02  0.483889650960E+02  0.707106961130E+00
 -0.752004155200E+01 -0.160435602610E+02  0.483889650960E+02  0.100000000000E+01
 -0.752004155200E+01 -0.160435602610E+02  0.483889650960E+02  0.707106810019E+00
 -0.752004155200E+01 -0.160435602610E+02  0.483889650960E+02  0.100000000000E+01
 -0.752004155200E+01 -0.160435602610E+02  0.483889650960E+02  0.707106462933E+00
 -0.752004155200E+01 -0.160435602610E+02  0.483889650960E+02  0.100000000000E+01
 -0.752004155200E+01 -0.160435602610E+02  0.483889650960E+02  0.707106339041E+00
 -0.752004155200E+01 -0.160435602610E+02  0.483889650960E+02  0.100000000000E+01
 -0.746104108300E+01 -0.163644660710E+02  0.485446904320E+02  0.100000000000E+01
 -0.697780494100E+01 -0.163346864020E+02  0.485862585780E+02  0.707106961130E+00
 -0.702545099700E+01 -0.159468908990E+02  0.484007857670E+02  0.100000000000E+01
 -0.720050820800E+01 -0.155961617850E+02  0.482179139470E+02  0.707106810019E+00
 -0.761646409300E+01 -0.155191126480E+02  0.481344690700E+02  0.100000000000E+01
 -0.795074962000E+01 -0.157864834570E+02  0.477923109680E+02  0.707106462933E+00
 -0.781960936300E+01 -0.162514203920E+02  0.480741216580E+02  0.100000000000E+01
 -0.770207111700E+01 -0.165454242260E+02  0.482949216200E+02  0.707106339041E+00
 -0.746104108300E+01 -0.163644660710E+02  0.485446904320E+02  0.100000000000E+01
 -0.741120643000E+01 -0.161458446310E+02  0.481288662180E+02  0.100000000000E+01
 -0.741120643000E+01 -0.161458446310E+02  0.481288662180E+02  0.707107924564E+00
 -0.741120643000E+01 -0.161458446310E+02  0.481288662180E+02  0.100000000000E+01
 -0.741120643000E+01 -0.161458446310E+02  0.481288662180E+02  0.707105815638E+00
 -0.741120643000E+01 -0.161458446310E+02  0.481288662180E+02  0.100000000000E+01
 -0.741120643000E+01 -0.161458446310E+02  0.481288662180E+02  0.707105054500E+00
 -0.741120643000E+01 -0.161458446310E+02  0.481288662180E+02  0.100000000000E+01
 -0.741120643000E+01 -0.161458446310E+02  0.481288662180E+02  0.707107057076E+00
 -0.741120643000E+01 -0.161458446310E+02  0.481288662180E+02  0.100000000000E+01
 -0.734559198100E+01 -0.164870261770E+02  0.482845027460E+02  0.100000000000E+01
 -0.688031028800E+01 -0.164436340980E+02  0.483340189030E+02  0.707107924564E+00
 -0.693943894500E+01 -0.160435898780E+02  0.481541383460E+02  0.100000000000E+01
 -0.710241146400E+01 -0.156996702060E+02  0.479830841870E+02  0.707105815638E+00
 -0.750874660300E+01 -0.156386554340E+02  0.478975057620E+02  0.100000000000E+01
 -0.782944940000E+01 -0.158928650470E+02  0.476167427140E+02  0.707105054500E+00
 -0.771763562800E+01 -0.163334492870E+02  0.478467927970E+02  0.100000000000E+01
 -0.760587898400E+01 -0.166419541340E+02  0.480437971390E+02  0.707107057076E+00
 -0.734559198100E+01 -0.164870261770E+02  0.482845027460E+02  0.100000000000E+01
 -0.730462995500E+01 -0.162401912740E+02  0.478648689840E+02  0.100000000000E+01
 -0.730462995500E+01 -0.162401912740E+02  0.478648689840E+02  0.707106230424E+00
 -0.730462995500E+01 -0.162401912740E+02  0.478648689840E+02  0.100000000000E+01
 -0.730462995500E+01 -0.162401912740E+02  0.478648689840E+02  0.707107741179E+00
 -0.730462995500E+01 -0.162401912740E+02  0.478648689840E+02  0.100000000000E+01
 -0.730462995500E+01 -0.162401912740E+02  0.478648689840E+02  0.707107590907E+00
 -0.730462995500E+01 -0.162401912740E+02  0.478648689840E+02  0.100000000000E+01
 -0.730462995500E+01 -0.162401912740E+02  0.478648689840E+02  0.707106025892E+00
 -0.730462995500E+01 -0.162401912740E+02  0.478648689840E+02  0.100000000000E+01
 -0.723277913800E+01 -0.165933611560E+02  0.480123220290E+02  0.100000000000E+01
 -0.684670056300E+01 -0.165120178900E+02  0.480461345800E+02  0.707106230424E+00
 -0.690890165200E+01 -0.161468121920E+02  0.478956925600E+02  0.100000000000E+01
 -0.702889527500E+01 -0.158031192470E+02  0.477437671950E+02  0.707107741179E+00
 -0.740349697900E+01 -0.157542245000E+02  0.476619704510E+02  0.100000000000E+01
 -0.771643682400E+01 -0.159848780950E+02  0.474272723940E+02  0.707107590907E+00
 -0.762045222300E+01 -0.164094455510E+02  0.476133734030E+02  0.100000000000E+01
 -0.751667984500E+01 -0.167511165770E+02  0.477875388600E+02  0.707106025892E+00
 -0.723277913800E+01 -0.165933611560E+02  0.480123220290E+02  0.100000000000E+01
 -0.720195054500E+01 -0.163256883320E+02  0.475963508630E+02  0.100000000000E+01
 -0.720195054500E+01 -0.163256883320E+02  0.475963508630E+02  0.707106476563E+00
 -0.720195054500E+01 -0.163256883320E+02  0.475963508630E+02  0.100000000000E+01
 -0.720195054500E+01 -0.163256883320E+02  0.475963508630E+02  0.707107548849E+00
 -0.720195054500E+01 -0.163256883320E+02  0.475963508630E+02  0.100000000000E+01
 -0.720195054500E+01 -0.163256883320E+02  0.475963508630E+02  0.707106726755E+00
 -0.720195054500E+01 -0.163256883320E+02  0.475963508630E+02  0.100000000000E+01
 -0.720195054500E+01 -0.163256883320E+02  0.475963508630E+02  0.707105665369E+00
 -0.720195054500E+01 -0.163256883320E+02  0.475963508630E+02  0.100000000000E+01
 -0.712878493500E+01 -0.166681216460E+02  0.477268502280E+02  0.100000000000E+01
 -0.684914293400E+01 -0.165346807510E+02  0.477338798360E+02  0.707106476563E+00
 -0.687675101500E+01 -0.162435925090E+02  0.476294453860E+02  0.100000000000E+01
 -0.693842010800E+01 -0.158911750360E+02  0.474977022170E+02  0.707107548849E+00
 -0.730169675900E+01 -0.158588491520E+02  0.474184437220E+02  0.100000000000E+01
 -0.761792635200E+01 -0.160589582470E+02  0.472132391790E+02  0.707106726755E+00
 -0.753948127900E+01 -0.164856399680E+02  0.473658697080E+02  0.100000000000E+01
 -0.743314569700E+01 -0.168403620300E+02  0.475249996420E+02  0.707105665369E+00
 -0.712878493500E+01 -0.166681216460E+02  0.477268502280E+02  0.100000000000E+01
 -0.710232121900E+01 -0.164039801520E+02  0.473244984760E+02  0.100000000000E+01
 -0.710232121900E+01 -0.164039801520E+02  0.473244984760E+02  0.707106352699E+00
 -0.710232121900E+01 -0.164039801520E+02  0.473244984760E+02  0.100000000000E+01
 -0.710232121900E+01 -0.164039801520E+02  0.473244984760E+02  0.707107026914E+00
 -0.710232121900E+01 -0.164039801520E+02  0.473244984760E+02  0.100000000000E+01
 -0.710232121900E+01 -0.164039801520E+02  0.473244984760E+02  0.707107347094E+00
 -0.710232121900E+01 -0.164039801520E+02  0.473244984760E+02  0.100000000000E+01
 -0.710232121900E+01 -0.164039801520E+02  0.473244984760E+02  0.707107157872E+00
 -0.710232121900E+01 -0.164039801520E+02  0.473244984760E+02  0.100000000000E+01
 -0.703572646400E+01 -0.167057908570E+02  0.474318426310E+02  0.100000000000E+01
 -0.681627342400E+01 -0.165681377330E+02  0.474363697980E+02  0.707106352699E+00
 -0.678284611300E+01 -0.163185341410E+02  0.473665410280E+02  0.100000000000E+01
 -0.679537308100E+01 -0.159156360540E+02  0.472395926740E+02  0.707107026914E+00
 -0.720871142900E+01 -0.159218138750E+02  0.471530045980E+02  0.100000000000E+01
 -0.761036796200E+01 -0.161023303550E+02  0.469193164260E+02  0.707107347094E+00
 -0.749221598700E+01 -0.165712765210E+02  0.470960116940E+02  0.100000000000E+01
 -0.733701287000E+01 -0.168885680700E+02  0.472663464690E+02  0.707107157872E+00
 -0.703572646400E+01 -0.167057908570E+02  0.474318426310E+02  0.100000000000E+01
 -0.700420314400E+01 -0.164768129110E+02  0.470505834410E+02  0.100000000000E+01
 -0.700420314400E+01 -0.164768129110E+02  0.470505834410E+02  0.707105957866E+00
 -0.700420314400E+01 -0.164768129110E+02  0.470505834410E+02  0.100000000000E+01
 -0.700420314400E+01 -0.164768129110E+02  0.470505834410E+02  0.707107391215E+00
 -0.700420314400E+01 -0.164768129110E+02  0.470505834410E+02  0.100000000000E+01
 -0.700420314400E+01 -0.164768129110E+02  0.470505834410E+02  0.707107448008E+00
 -0.700420314400E+01 -0.164768129110E+02  0.470505834410E+02  0.100000000000E+01
 -0.700420314400E+01 -0.164768129110E+02  0.470505834410E+02  0.707106500929E+00
 -0.700420314400E+01 -0.164768129110E+02  0.470505834410E+02  0.100000000000E+01
 -0.694375216100E+01 -0.167445812330E+02  0.471408220080E+02  0.100000000000E+01
 -0.672620205800E+01 -0.166225593170E+02  0.471599190630E+02  0.707105957866E+00
 -0.666315443700E+01 -0.163806981020E+02  0.471073167230E+02  0.100000000000E+01
 -0.668751630600E+01 -0.159534563090E+02  0.469810470570E+02  0.707107391215E+00
 -0.712485481100E+01 -0.159423857510E+02  0.468704790660E+02  0.100000000000E+01
 -0.763433148600E+01 -0.161312524540E+02  0.466124724030E+02  0.707107448008E+00
 -0.741627833400E+01 -0.166394818880E+02  0.468439383080E+02  0.100000000000E+01
 -0.723538005400E+01 -0.168933955430E+02  0.470015014940E+02  0.707106500929E+00
 -0.694375216100E+01 -0.167445812330E+02  0.471408220080E+02  0.100000000000E+01
 -0.690634061000E+01 -0.165451942440E+02  0.467754309440E+02  0.100000000000E+01
 -0.690634061000E+01 -0.165451942440E+02  0.467754309440E+02  0.707107911432E+00
 -0.690634061000E+01 -0.165451942440E+02  0.467754309440E+02  0.100000000000E+01
 -0.690634061000E+01 -0.165451942440E+02  0.467754309440E+02  0.707106066373E+00
 -0.690634061000E+01 -0.165451942440E+02  0.467754309440E+02  0.100000000000E+01
 -0.690634061000E+01 -0.165451942440E+02  0.467754309440E+02  0.707105862469E+00
 -0.690634061000E+01 -0.165451942440E+02  0.467754309440E+02  0.100000000000E+01
 -0.690634061000E+01 -0.165451942440E+02  0.467754309440E+02  0.707106760745E+00
 -0.690634061000E+01 -0.165451942440E+02  0.467754309440E+02  0.100000000000E+01
 -0.685194460700E+01 -0.167819967300E+02  0.468518487900E+02  0.100000000000E+01
 -0.661651043400E+01 -0.166847631000E+02  0.468932540040E+02  0.707107911432E+00
 -0.658084594500E+01 -0.164487886840E+02  0.468424800630E+02  0.100000000000E+01
 -0.656064444600E+01 -0.159580902880E+02  0.467216618210E+02  0.707106066373E+00
 -0.703615696700E+01 -0.159800649590E+02  0.465930646580E+02  0.100000000000E+01
 -0.760881345200E+01 -0.161689975180E+02  0.463441676800E+02  0.707105862469E+00
 -0.732799639200E+01 -0.167001357910E+02  0.465954446950E+02  0.100000000000E+01
 -0.712060958900E+01 -0.168759906530E+02  0.467361869060E+02  0.707106760745E+00
 -0.685194460700E+01 -0.167819967300E+02  0.468518487900E+02  0.100000000000E+01
 -0.680728710600E+01 -0.166116404430E+02  0.465002303160E+02  0.100000000000E+01
 -0.680728710600E+01 -0.166116404430E+02  0.465002303160E+02  0.707105828279E+00
 -0.680728710600E+01 -0.166116404430E+02  0.465002303160E+02  0.100000000000E+01
 -0.680728710600E+01 -0.166116404430E+02  0.465002303160E+02  0.707106497157E+00
 -0.680728710600E+01 -0.166116404430E+02  0.465002303160E+02  0.100000000000E+01
 -0.680728710600E+01 -0.166116404430E+02  0.465002303160E+02  0.707107203251E+00
 -0.680728710600E+01 -0.166116404430E+02  0.465002303160E+02  0.100000000000E+01
 -0.680728710600E+01 -0.166116404430E+02  0.465002303160E+02  0.707107886609E+00
 -0.680728710600E+01 -0.166116404430E+02  0.465002303160E+02  0.100000000000E+01
 -0.676187676900E+01 -0.168121545710E+02  0.465672156820E+02  0.100000000000E+01
 -0.655711918700E+01 -0.167391339260E+02  0.466155514940E+02  0.707105828279E+00
 -0.652586897300E+01 -0.165245624350E+02  0.465701097900E+02  0.100000000000E+01
 -0.646103872400E+01 -0.160598538300E+02  0.464707576160E+02  0.707106497157E+00
 -0.693286713100E+01 -0.160571321650E+02  0.463149809890E+02  0.100000000000E+01
 -0.748794847300E+01 -0.162592685660E+02  0.461190313270E+02  0.707107203251E+00
 -0.723020981500E+01 -0.167579042610E+02  0.463491140280E+02  0.100000000000E+01
 -0.702898025900E+01 -0.169496750790E+02  0.464823754240E+02  0.707107886609E+00
 -0.676187676900E+01 -0.168121545710E+02  0.465672156820E+02  0.100000000000E+01
 -0.670473701500E+01 -0.166879761660E+02  0.462289598360E+02  0.100000000000E+01
 -0.670473701500E+01 -0.166879761660E+02  0.462289598360E+02  0.707105566554E+00
 -0.670473701500E+01 -0.166879761660E+02  0.462289598360E+02  0.100000000000E+01
 -0.670473701500E+01 -0.166879761660E+02  0.462289598360E+02  0.707106400674E+00
 -0.670473701500E+01 -0.166879761660E+02  0.462289598360E+02  0.100000000000E+01
 -0.670473701500E+01 -0.166879761660E+02  0.462289598360E+02  0.707107295791E+00
 -0.670473701500E+01 -0.166879761660E+02  0.462289598360E+02  0.100000000000E+01
 -0.670473701500E+01 -0.166879761660E+02  0.462289598360E+02  0.707107861753E+00
 -0.670473701500E+01 -0.166879761660E+02  0.462289598360E+02  0.100000000000E+01
 -0.665907088200E+01 -0.169095003420E+02  0.463186210590E+02  0.100000000000E+01
 -0.644315670000E+01 -0.168235638050E+02  0.463757120590E+02  0.707105566554E+00
 -0.640243370300E+01 -0.165903333670E+02  0.463162321450E+02  0.100000000000E+01
 -0.640275532600E+01 -0.161706419660E+02  0.461802562320E+02  0.707106400674E+00
 -0.681634757500E+01 -0.161465637640E+02  0.460098182610E+02  0.100000000000E+01
 -0.734876456200E+01 -0.163380173740E+02  0.458624180080E+02  0.707107295791E+00
 -0.712090881900E+01 -0.168223994500E+02  0.461088107610E+02  0.100000000000E+01
 -0.694095130900E+01 -0.170279593030E+02  0.462461161220E+02  0.707107861753E+00
 -0.665907088200E+01 -0.169095003420E+02  0.463186210590E+02  0.100000000000E+01
 -0.659658395100E+01 -0.167899354270E+02  0.459686644420E+02  0.100000000000E+01
 -0.659658395100E+01 -0.167899354270E+02  0.459686644420E+02  0.707108460874E+00
 -0.659658395100E+01 -0.167899354270E+02  0.459686644420E+02  0.100000000000E+01
 -0.659658395100E+01 -0.167899354270E+02  0.459686644420E+02  0.707105701735E+00
 -0.659658395100E+01 -0.167899354270E+02  0.459686644420E+02  0.100000000000E+01
 -0.659658395100E+01 -0.167899354270E+02  0.459686644420E+02  0.707105589743E+00
 -0.659658395100E+01 -0.167899354270E+02  0.459686644420E+02  0.100000000000E+01
 -0.659658395100E+01 -0.167899354270E+02  0.459686644420E+02  0.707107372401E+00
 -0.659658395100E+01 -0.167899354270E+02  0.459686644420E+02  0.100000000000E+01
 -0.655793000400E+01 -0.170249667800E+02  0.460977026500E+02  0.100000000000E+01
 -0.630752534500E+01 -0.169313513460E+02  0.461638928610E+02  0.707108460874E+00
 -0.625683043700E+01 -0.166802267270E+02  0.460667179300E+02  0.100000000000E+01
 -0.631352367000E+01 -0.162979094110E+02  0.458595535410E+02  0.707105701735E+00
 -0.668890657900E+01 -0.162285772170E+02  0.456604686380E+02  0.100000000000E+01
 -0.716014348900E+01 -0.164739233880E+02  0.455688491660E+02  0.707105589743E+00
 -0.699756230800E+01 -0.169194154350E+02  0.458529447060E+02  0.100000000000E+01
 -0.683141364800E+01 -0.171061924190E+02  0.460154019820E+02  0.707107372401E+00
 -0.655793000400E+01 -0.170249667800E+02  0.460977026500E+02  0.100000000000E+01
 -0.648263385700E+01 -0.169303787720E+02  0.457298055140E+02  0.100000000000E+01
 -0.648263385700E+01 -0.169303787720E+02  0.457298055140E+02  0.707105888733E+00
 -0.648263385700E+01 -0.169303787720E+02  0.457298055140E+02  0.100000000000E+01
 -0.648263385700E+01 -0.169303787720E+02  0.457298055140E+02  0.707107486300E+00
 -0.648263385700E+01 -0.169303787720E+02  0.457298055140E+02  0.100000000000E+01
 -0.648263385700E+01 -0.169303787720E+02  0.457298055140E+02  0.707107689538E+00
 -0.648263385700E+01 -0.169303787720E+02  0.457298055140E+02  0.100000000000E+01
 -0.648263385700E+01 -0.169303787720E+02  0.457298055140E+02  0.707106060173E+00
 -0.648263385700E+01 -0.169303787720E+02  0.457298055140E+02  0.100000000000E+01
 -0.645899348400E+01 -0.171582118020E+02  0.459029877590E+02  0.100000000000E+01
 -0.618389365400E+01 -0.170596571400E+02  0.459752848890E+02  0.707105888733E+00
 -0.610102491700E+01 -0.168072524820E+02  0.458396929720E+02  0.100000000000E+01
 -0.612278319900E+01 -0.164492563270E+02  0.455755096450E+02  0.707107486300E+00
 -0.652749066500E+01 -0.164980769220E+02  0.454012010230E+02  0.100000000000E+01
 -0.699836954000E+01 -0.166911871450E+02  0.452947061200E+02  0.707107689538E+00
 -0.685986907000E+01 -0.170520922040E+02  0.456211765980E+02  0.100000000000E+01
 -0.673144474200E+01 -0.172404613860E+02  0.458205361710E+02  0.707106060173E+00
 -0.645899348400E+01 -0.171582118020E+02  0.459029877590E+02  0.100000000000E+01
 -0.636304774600E+01 -0.170998365990E+02  0.455132388830E+02  0.100000000000E+01
 -0.636304774600E+01 -0.170998365990E+02  0.455132388830E+02  0.707105357800E+00
 -0.636304774600E+01 -0.170998365990E+02  0.455132388830E+02  0.100000000000E+01
 -0.636304774600E+01 -0.170998365990E+02  0.455132388830E+02  0.707107658066E+00
 -0.636304774600E+01 -0.170998365990E+02  0.455132388830E+02  0.100000000000E+01
 -0.636304774600E+01 -0.170998365990E+02  0.455132388830E+02  0.707108143808E+00
 -0.636304774600E+01 -0.170998365990E+02  0.455132388830E+02  0.100000000000E+01
 -0.636304774600E+01 -0.170998365990E+02  0.455132388830E+02  0.707105965080E+00
 -0.636304774600E+01 -0.170998365990E+02  0.455132388830E+02  0.100000000000E+01
 -0.634584926600E+01 -0.173453646690E+02  0.457280893840E+02  0.100000000000E+01
 -0.600719860800E+01 -0.172619105240E+02  0.458571913470E+02  0.707105357800E+00
 -0.596674730300E+01 -0.169661577700E+02  0.456342791730E+02  0.100000000000E+01
 -0.600006690300E+01 -0.166363574490E+02  0.453396880210E+02  0.707107658066E+00
 -0.638904053700E+01 -0.167287540530E+02  0.451885173180E+02  0.100000000000E+01
 -0.681944194800E+01 -0.168997571330E+02  0.450785940340E+02  0.707108143808E+00
 -0.675643126400E+01 -0.172325310900E+02  0.453930858020E+02  0.100000000000E+01
 -0.664900916400E+01 -0.174423863300E+02  0.456311259660E+02  0.707105965080E+00
 -0.634584926600E+01 -0.173453646690E+02  0.457280893840E+02  0.100000000000E+01
 -0.623517697500E+01 -0.172736651330E+02  0.453049486300E+02  0.100000000000E+01
 -0.623517697500E+01 -0.172736651330E+02  0.453049486300E+02  0.707105277816E+00
 -0.623517697500E+01 -0.172736651330E+02  0.453049486300E+02  0.100000000000E+01
 -0.623517697500E+01 -0.172736651330E+02  0.453049486300E+02  0.707107670534E+00
 -0.623517697500E+01 -0.172736651330E+02  0.453049486300E+02  0.100000000000E+01
 -0.623517697500E+01 -0.172736651330E+02  0.453049486300E+02  0.707108288775E+00
 -0.623517697500E+01 -0.172736651330E+02  0.453049486300E+02  0.100000000000E+01
 -0.623517697500E+01 -0.172736651330E+02  0.453049486300E+02  0.707105887621E+00
 -0.623517697500E+01 -0.172736651330E+02  0.453049486300E+02  0.100000000000E+01
 -0.621298796000E+01 -0.175696209730E+02  0.455596728600E+02  0.100000000000E+01
 -0.577066566300E+01 -0.174729334850E+02  0.457629067070E+02  0.707105277816E+00
 -0.581695313300E+01 -0.171202754240E+02  0.454467326590E+02  0.100000000000E+01
 -0.591429311200E+01 -0.168559094430E+02  0.451698036540E+02  0.707107670534E+00
 -0.625914946300E+01 -0.169539219000E+02  0.450297486740E+02  0.100000000000E+01
 -0.665270786000E+01 -0.171080623580E+02  0.449042897010E+02  0.707108288775E+00
 -0.663768092100E+01 -0.174212880720E+02  0.451684906670E+02  0.100000000000E+01
 -0.653516513700E+01 -0.176434988200E+02  0.454144488000E+02  0.707105887621E+00
 -0.621298796000E+01 -0.175696209730E+02  0.455596728600E+02  0.100000000000E+01
 -0.609669516000E+01 -0.174339906240E+02  0.450927474500E+02  0.100000000000E+01
 -0.609669516000E+01 -0.174339906240E+02  0.450927474500E+02  0.707106466228E+00
 -0.609669516000E+01 -0.174339906240E+02  0.450927474500E+02  0.100000000000E+01
 -0.609669516000E+01 -0.174339906240E+02  0.450927474500E+02  0.707107117604E+00
 -0.609669516000E+01 -0.174339906240E+02  0.450927474500E+02  0.100000000000E+01
 -0.609669516000E+01 -0.174339906240E+02  0.450927474500E+02  0.707107123399E+00
 -0.609669516000E+01 -0.174339906240E+02  0.450927474500E+02  0.100000000000E+01
 -0.609669516000E+01 -0.174339906240E+02  0.450927474500E+02  0.707106417517E+00
 -0.609669516000E+01 -0.174339906240E+02  0.450927474500E+02  0.100000000000E+01
 -0.605665360600E+01 -0.177931625520E+02  0.453658414690E+02  0.100000000000E+01
 -0.539396609100E+01 -0.177353299570E+02  0.457663033400E+02  0.707106466228E+00
 -0.564637068700E+01 -0.172515619450E+02  0.452666485870E+02  0.100000000000E+01
 -0.583792002900E+01 -0.170988219990E+02  0.450345974010E+02  0.707107117604E+00
 -0.612903093500E+01 -0.171439357660E+02  0.448722051650E+02  0.100000000000E+01
 -0.647703986100E+01 -0.172731372410E+02  0.447297307870E+02  0.707107123399E+00
 -0.648974271300E+01 -0.175932160720E+02  0.449409635100E+02  0.100000000000E+01
 -0.634640834400E+01 -0.177956469420E+02  0.451750932300E+02  0.707106417517E+00
 -0.605665360600E+01 -0.177931625520E+02  0.453658414690E+02  0.100000000000E+01
 -0.594736406700E+01 -0.175678580910E+02  0.448699430410E+02  0.100000000000E+01
 -0.594736406700E+01 -0.175678580910E+02  0.448699430410E+02  0.707105884452E+00
 -0.594736406700E+01 -0.175678580910E+02  0.448699430410E+02  0.100000000000E+01
 -0.594736406700E+01 -0.175678580910E+02  0.448699430410E+02  0.707107314684E+00
 -0.594736406700E+01 -0.175678580910E+02  0.448699430410E+02  0.100000000000E+01
 -0.594736406700E+01 -0.175678580910E+02  0.448699430410E+02  0.707107805960E+00
 -0.594736406700E+01 -0.175678580910E+02  0.448699430410E+02  0.100000000000E+01
 -0.594736406700E+01 -0.175678580910E+02  0.448699430410E+02  0.707106119657E+00
 -0.594736406700E+01 -0.175678580910E+02  0.448699430410E+02  0.100000000000E+01
 -0.587798349500E+01 -0.179856493510E+02  0.451326111410E+02  0.100000000000E+01
 -0.495190193700E+01 -0.179329372330E+02  0.457310705390E+02  0.707105884452E+00
 -0.556186474400E+01 -0.173959235480E+02  0.450415893500E+02  0.100000000000E+01
 -0.575234622500E+01 -0.173033336360E+02  0.448650711920E+02  0.707107314684E+00
 -0.598494886000E+01 -0.173415300660E+02  0.447276474810E+02  0.100000000000E+01
 -0.627051798100E+01 -0.174335602150E+02  0.445822439070E+02  0.707107805960E+00
 -0.629423794800E+01 -0.177225650390E+02  0.447154922920E+02  0.100000000000E+01
 -0.616801496600E+01 -0.179708864180E+02  0.449290327810E+02  0.707106119657E+00
 -0.587798349500E+01 -0.179856493510E+02  0.451326111410E+02  0.100000000000E+01
 -0.578863984800E+01 -0.176706857290E+02  0.446373185790E+02  0.100000000000E+01
 -0.578863984800E+01 -0.176706857290E+02  0.446373185790E+02  0.707105055783E+00
 -0.578863984800E+01 -0.176706857290E+02  0.446373185790E+02  0.100000000000E+01
 -0.578863984800E+01 -0.176706857290E+02  0.446373185790E+02  0.707108106912E+00
 -0.578863984800E+01 -0.176706857290E+02  0.446373185790E+02  0.100000000000E+01
 -0.578863984800E+01 -0.176706857290E+02  0.446373185790E+02  0.707108210699E+00
 -0.578863984800E+01 -0.176706857290E+02  0.446373185790E+02  0.100000000000E+01
 -0.578863984800E+01 -0.176706857290E+02  0.446373185790E+02  0.707105751348E+00
 -0.578863984800E+01 -0.176706857290E+02  0.446373185790E+02  0.100000000000E+01
 -0.570731580500E+01 -0.180479221270E+02  0.448351758580E+02  0.100000000000E+01
 -0.487813414500E+01 -0.180414533610E+02  0.454041873560E+02  0.707105055783E+00
 -0.556386201100E+01 -0.175623408780E+02  0.447514978410E+02  0.100000000000E+01
 -0.568251441000E+01 -0.174753848680E+02  0.446370379160E+02  0.707108106912E+00
 -0.583176814000E+01 -0.174706271420E+02  0.445323888680E+02  0.100000000000E+01
 -0.610950426900E+01 -0.175221946560E+02  0.443603681610E+02  0.707108210699E+00
 -0.609109943900E+01 -0.178164715700E+02  0.444836777560E+02  0.100000000000E+01
 -0.597087077200E+01 -0.180462399970E+02  0.446529105680E+02  0.707105751348E+00
 -0.570731580500E+01 -0.180479221270E+02  0.448351758580E+02  0.100000000000E+01
 -0.562312958900E+01 -0.177477893180E+02  0.443994499070E+02  0.100000000000E+01
 -0.562312958900E+01 -0.177477893180E+02  0.443994499070E+02  0.707105151928E+00
 -0.562312958900E+01 -0.177477893180E+02  0.443994499070E+02  0.100000000000E+01
 -0.562312958900E+01 -0.177477893180E+02  0.443994499070E+02  0.707107042198E+00
 -0.562312958900E+01 -0.177477893180E+02  0.443994499070E+02  0.100000000000E+01
 -0.562312958900E+01 -0.177477893180E+02  0.443994499070E+02  0.707108032779E+00
 -0.562312958900E+01 -0.177477893180E+02  0.443994499070E+02  0.100000000000E+01
 -0.562312958900E+01 -0.177477893180E+02  0.443994499070E+02  0.707106897876E+00
 -0.562312958900E+01 -0.177477893180E+02  0.443994499070E+02  0.100000000000E+01
 -0.555457526900E+01 -0.180197725010E+02  0.445234997360E+02  0.100000000000E+01
 -0.537524807300E+01 -0.178739108280E+02  0.446086869470E+02  0.707105151928E+00
 -0.548130297300E+01 -0.176757922740E+02  0.444789252820E+02  0.100000000000E+01
 -0.555283920700E+01 -0.175649471840E+02  0.443977599140E+02  0.707107042198E+00
 -0.567566553700E+01 -0.175393562360E+02  0.443043822310E+02  0.100000000000E+01
 -0.598240722700E+01 -0.175515562520E+02  0.440924293440E+02  0.707108032779E+00
 -0.592079452600E+01 -0.178988968390E+02  0.442326423460E+02  0.100000000000E+01
 -0.580440926800E+01 -0.181375096450E+02  0.443809602600E+02  0.707106897876E+00
 -0.555457526900E+01 -0.180197725010E+02  0.445234997360E+02  0.100000000000E+01
 -0.545325592800E+01 -0.178065566730E+02  0.441593818420E+02  0.100000000000E+01
 -0.545325592800E+01 -0.178065566730E+02  0.441593818420E+02  0.707106495019E+00
 -0.545325592800E+01 -0.178065566730E+02  0.441593818420E+02  0.100000000000E+01
 -0.545325592800E+01 -0.178065566730E+02  0.441593818420E+02  0.707106623097E+00
 -0.545325592800E+01 -0.178065566730E+02  0.441593818420E+02  0.100000000000E+01
 -0.545325592800E+01 -0.178065566730E+02  0.441593818420E+02  0.707106988607E+00
 -0.545325592800E+01 -0.178065566730E+02  0.441593818420E+02  0.100000000000E+01
 -0.545325592800E+01 -0.178065566730E+02  0.441593818420E+02  0.707107018023E+00
 -0.545325592800E+01 -0.178065566730E+02  0.441593818420E+02  0.100000000000E+01
 -0.539590619600E+01 -0.180133486630E+02  0.442446822520E+02  0.100000000000E+01
 -0.526311074300E+01 -0.179062607960E+02  0.443163231810E+02  0.707106495019E+00
 -0.532199064200E+01 -0.177376660860E+02  0.442381383360E+02  0.100000000000E+01
 -0.536537828700E+01 -0.175609102060E+02  0.441692418790E+02  0.707106623097E+00
 -0.552189392200E+01 -0.175590630600E+02  0.440572922910E+02  0.100000000000E+01
 -0.581550260000E+01 -0.176077060030E+02  0.438584796350E+02  0.707106988607E+00
 -0.568857373300E+01 -0.179300558400E+02  0.440181963670E+02  0.100000000000E+01
 -0.558731118400E+01 -0.181163664860E+02  0.441303944870E+02  0.707107018023E+00
 -0.539590619600E+01 -0.180133486630E+02  0.442446822520E+02  0.100000000000E+01
 -0.528055442200E+01 -0.178527300190E+02  0.439185577350E+02  0.100000000000E+01
 -0.528055442200E+01 -0.178527300190E+02  0.439185577350E+02  0.707104267264E+00
 -0.528055442200E+01 -0.178527300190E+02  0.439185577350E+02  0.100000000000E+01
 -0.528055442200E+01 -0.178527300190E+02  0.439185577350E+02  0.707107397971E+00
 -0.528055442200E+01 -0.178527300190E+02  0.439185577350E+02  0.100000000000E+01
 -0.528055442200E+01 -0.178527300190E+02  0.439185577350E+02  0.707108420267E+00
 -0.528055442200E+01 -0.178527300190E+02  0.439185577350E+02  0.100000000000E+01
 -0.528055442200E+01 -0.178527300190E+02  0.439185577350E+02  0.707107039288E+00
 -0.528055442200E+01 -0.178527300190E+02  0.439185577350E+02  0.100000000000E+01
 -0.523610369600E+01 -0.180034913510E+02  0.439764478450E+02  0.100000000000E+01
 -0.512532927600E+01 -0.179258320800E+02  0.440430312400E+02  0.707104267264E+00
 -0.514406708200E+01 -0.177795074080E+02  0.440044440130E+02  0.100000000000E+01
 -0.519351180200E+01 -0.176063204730E+02  0.439391079010E+02  0.707107397971E+00
 -0.535095577100E+01 -0.176139515800E+02  0.438268666510E+02  0.100000000000E+01
 -0.561659304400E+01 -0.176968833840E+02  0.436494994800E+02  0.707108420267E+00
 -0.548133171700E+01 -0.179604424910E+02  0.437922123650E+02  0.100000000000E+01
 -0.537592036100E+01 -0.180730487250E+02  0.438875308900E+02  0.707107039288E+00
 -0.523610369600E+01 -0.180034913510E+02  0.439764478450E+02  0.100000000000E+01
 -0.510592628600E+01 -0.178901560810E+02  0.436775948930E+02  0.100000000000E+01
 -0.510592628600E+01 -0.178901560810E+02  0.436775948930E+02  0.707104124584E+00
 -0.510592628600E+01 -0.178901560810E+02  0.436775948930E+02  0.100000000000E+01
 -0.510592628600E+01 -0.178901560810E+02  0.436775948930E+02  0.707106798187E+00
 -0.510592628600E+01 -0.178901560810E+02  0.436775948930E+02  0.100000000000E+01
 -0.510592628600E+01 -0.178901560810E+02  0.436775948930E+02  0.707108960470E+00
 -0.510592628600E+01 -0.178901560810E+02  0.436775948930E+02  0.100000000000E+01
 -0.510592628600E+01 -0.178901560810E+02  0.436775948930E+02  0.707107241525E+00
 -0.510592628600E+01 -0.178901560810E+02  0.436775948930E+02  0.100000000000E+01
 -0.504948285600E+01 -0.180738808480E+02  0.437445898090E+02  0.100000000000E+01
 -0.489696575300E+01 -0.179812977860E+02  0.438425628350E+02  0.707104124584E+00
 -0.490750668200E+01 -0.177820823400E+02  0.438067978580E+02  0.100000000000E+01
 -0.497781258000E+01 -0.175636560390E+02  0.437248167930E+02  0.707106798187E+00
 -0.518013075300E+01 -0.176486197570E+02  0.435895155690E+02  0.100000000000E+01
 -0.539778280600E+01 -0.177609085060E+02  0.434469047910E+02  0.707108960470E+00
 -0.532772383700E+01 -0.180109622900E+02  0.435331660090E+02  0.100000000000E+01
 -0.521736760200E+01 -0.181695955020E+02  0.436358711250E+02  0.707107241525E+00
 -0.504948285600E+01 -0.180738808480E+02  0.437445898090E+02  0.100000000000E+01
 -0.492991321400E+01 -0.179213477250E+02  0.434367474370E+02  0.100000000000E+01
 -0.492991321400E+01 -0.179213477250E+02  0.434367474370E+02  0.707108411117E+00
 -0.492991321400E+01 -0.179213477250E+02  0.434367474370E+02  0.100000000000E+01
 -0.492991321400E+01 -0.179213477250E+02  0.434367474370E+02  0.707106099171E+00
 -0.492991321400E+01 -0.179213477250E+02  0.434367474370E+02  0.100000000000E+01
 -0.492991321400E+01 -0.179213477250E+02  0.434367474370E+02  0.707104838060E+00
 -0.492991321400E+01 -0.179213477250E+02  0.434367474370E+02  0.100000000000E+01
 -0.492991321400E+01 -0.179213477250E+02  0.434367474370E+02  0.707107776402E+00
 -0.492991321400E+01 -0.179213477250E+02  0.434367474370E+02  0.100000000000E+01
 -0.485567562200E+01 -0.181561357960E+02  0.435191705950E+02  0.100000000000E+01
 -0.462981491200E+01 -0.180572182320E+02  0.436730452990E+02  0.707108411117E+00
 -0.468256748600E+01 -0.177851498300E+02  0.436019398630E+02  0.100000000000E+01
 -0.479863420100E+01 -0.175973074040E+02  0.434944306090E+02  0.707106099171E+00
 -0.499208960900E+01 -0.177247056530E+02  0.433677169850E+02  0.100000000000E+01
 -0.515508838500E+01 -0.178296204290E+02  0.432606633470E+02  0.707104838060E+00
 -0.514393770700E+01 -0.180391994160E+02  0.432938106510E+02  0.100000000000E+01
 -0.505683997200E+01 -0.182620982240E+02  0.433842488680E+02  0.707107776402E+00
 -0.485567562200E+01 -0.181561357960E+02  0.435191705950E+02  0.100000000000E+01
           1
           2
           3
           4
           5
           6
           7
           8
           9
          10
          11
          12
          13
          14
          15
          16
          17
          18
          19
          20
          21
          22
          23
          24
          25
          26
          27
          28
          29
          30
          31
          32
          33
          34
          35
          36
          37
          38
          39
          40
          41
          42
          43
          44
          45
          46
          47
          48
          49
          50
          51
          52
          53
          54
          55
          56
          57
          58
          59
          60
          61
          62
          63
          64
          65
          66
          67
          68
          69
          70
          71
          72
          73
          74
          75
          76
          77
          78
          79
          80
          81
          82
          83
          84
          85
          86
          87
          88
          89
          90
          91
          92
          93
          94
          95
          96
          97
          98
          99
         100
         101
         102
         103
         104
         105
         106
         107
         108
         109
         110
         111
         112
         113
         114
         115
         116
         117
         118
         119
         120
         121
         122
         123
         124
         125
         126
         127
         128
         129
         130
         131
         132
         133
         134
         135
         136
         137
         138
         139
         140
         141
         142
         143
         144
         145
         146
         147
         148
         149
         150
         151
         152
         153
         154
         155
         156
         157
         158
         159
         160
         161
         162
         163
         164
         165
         166
         167
         168
         169
         170
         171
         172
         173
         174
         175
         176
         177
         178
         179
         180
         181
         182
         183
         184
         185
         186
         187
         188
         189
         190
         191
         192
         193
         194
         195
         196
         197
         198
         199
         200
         201
         202
         203
         204
         205
         206
         207
         208
         209
         210
         211
         212
         213
         214
         215
         216
         217
         218
         219
         220
         221
         222
         223
         224
         225
         226
         227
         228
         229
         230
         231
         232
         233
         234
         235
         236
         237
         238
         239
         240
         241
         242
         243
         244
         245
         246
         247
         248
         249
         250
         251
         252
         253
         254
         255
         256
         257
         258
         259
         260
         261
         262
         263
         264
         265
         266
         267
         268
         269
         270
         271
         272
         273
         274
         275
         276
         277
         278
         279
         280
         281
         282
         283
         284
         285
         286
         287
         288
         289
         290
         291
         292
         293
         294
         295
         296
         297
         298
         299
         300
         301
         302
         303
         304
         305
         306
         307
         308
         309
         310
         311
         312
         313
         314
         315
         316
         317
         318
         319
         320
         321
         322
         323
         324
         325
         326
         327
         328
         329
         330
         331
         332
         333
         334
         335
         336
         337
         338
         339
         340
         341
         342
         343
         344
         345
         346
         347
         348
         349
         350
         351
         352
         353
         354
         355
         356
         357
         358
         359
         360
         361
         362
         363
         364
         365
         366
         367
         368
         369
         370
         371
         372
         373
         374
         375
         376
         377
         378
         379
         380
         381
         382
         383
         384
         385
         386
         387
         388
         389
         390
         391
         392
         393
         394
         395
         396
         397
         398
         399
         400
         401
         402
         403
         404
         405
         406
         407
         408
         409
         410
         411
         412
         413
         414
         415
         416
         417
         418
         419
         420
         421
         422
         423
         424
         425
         426
         427
         428
         429
         430
         431
         432
         433
         434
         435
         436
         437
         438
         439
         440
         441
         442
         443
         444
         445
         446
         447
         448
         449
         450
 1 0 0
 0 0 0
 0 0 0
 0 0 0
 0 0 0
 0 0 0
 0 0 0
 0 0 0
 0 0 0
 0 0 0
 0 0 0
 0 0 0
 0 0 0
 0 0 0
 0 0 0
 0 0 0
 0 0 0
 0 0 0
 0 0 0
 0 0 0
 0 0 0
 0 0 0
 0 0 0
 0 0 0
 0 0 0
 0 0 0
 0 0 0
 0 0 0
 0 0 0
 0 0 0
 0 0 0
 0 0 0
 0 0 0
 0 0 0
 0 0 0
 0 0 0
 0 0 0
 0 0 0
 0 0 0
 0 0 0
 0 0 0
 0 0 0
 0 0 0
 0 0 0
 0 0 0
 0 0 0
 0 0 0
 0 0 0
 0 0 0
 0 0 0
 0 0 0
 0 0 0
 0 0 0
 0 0 0
 0 0 0
 0 0 0
 0 0 0
 0 0 0
 0 0 0
 0 0 0
 0 0 0
 0 0 0
 0 0 0
 0 0 0
 0 0 0
 0 0 0
 0 0 0
 0 0 0
 0 0 0
 0 0 0
 0 0 0
 0 0 0
 0 0 0
 0 0 0
 0 0 0
 0 0 0
 0 0 0
 0 0 0
 0 0 0
 0 0 0
 0 0 0
 0 0 0
 0 0 0
 0 0 0
 0 0 0
 0 0 0
 0 0 0
 0 0 0
 0 0 0
 0 0 0
 0 0 0
 0 0 0
 0 0 0
 0 0 0
 0 0 0
 0 0 0
 0 0 0
 0 0 0
 0 0 0
 0 0 0
 0 0 0
 0 0 0
 0 0 0
 0 0 0
 0 0 0
 0 0 0
 0 0 0
 0 0 0
 0 0 0
 0 0 0
 0 0 0
 0 0 0
 0 0 0
 0 0 0
 0 0 0
 0 0 0
 0 0 0
 0 0 0
 0 0 0
 0 0 0
 0 0 0
 0 0 0
 0 0 0
 0 0 0
 0 0 0
 0 0 0
 0 0 0
 0 0 0
 0 0 0
 0 0 0
 0 0 0
 0 0 0
 0 0 0
 0 0 0
 0 0 0
 0 0 0
 0 0 0
 0 0 0
 0 0 0
 0 0 0
 0 0 0
 0 0 0
 0 0 0
 0 0 0
 0 0 0
 0 0 0
 0 0 0
 0 0 0
 0 0 0
 0 0 0
 0 0 0
 0 0 0
 0 0 0
 0 0 0
 0 0 0
 0 0 0
 0 0 0
 0 0 0
 0 0 0
 0 0 0
 0 0 0
 0 0 0
 0 0 0
 0 0 0
 0 0 0
 0 0 0
 0 0 0
 0 0 0
 0 0 0
 0 0 0
 0 0 0
 0 0 0
 0 0 0
 0 0 0
 0 0 0
 0 0 0
 0 0 0
 0 0 0
 0 0 0
 0 0 0
 0 0 0
 0 0 0
 0 0 0
 0 0 0
 0 0 0
 0 0 0
 0 0 0
 0 0 0
 0 0 0
 0 0 0
 0 0 0
 0 0 0
 0 0 0
 0 0 0
 0 0 0
 0 0 0
 0 0 0
 0 0 0
 0 0 0
 0 0 0
 0 0 0
 0 0 0
 0 0 0
 0 0 0
 0 0 0
 0 0 0
 0 0 0
 0 0 0
 0 0 0
 0 0 0
 0 0 0
 0 0 0
 0 0 0
 0 0 0
 0 0 0
 0 0 0
 0 0 0
 0 0 0
 0 0 0
 0 0 0
 0 0 0
 0 0 0
 0 0 0
 0 0 0
 0 0 0
 0 0 0
 0 0 0
 0 0 0
 0 0 0
 0 0 0
 0 0 0
 0 0 0
 0 0 0
 0 0 0
 0 0 0
 0 0 0
 0 0 0
 0 0 0
 0 0 0
 0 0 0
 0 0 0
 0 0 0
 0 0 0
 0 0 0
 0 0 0
 0 0 0
 0 0 0
 0 0 0
 0 0 0
 0 0 0
 0 0 0
 0 0 0
 0 0 0
 0 0 0
 0 0 0
 0 0 0
 0 0 0
 0 0 0
 0 0 0
 0 0 0
 0 0 0
 0 0 0
 0 0 0
 0 0 0
 0 0 0
 0 0 0
 0 0 0
 0 0 0
 0 0 0
 0 0 0
 0 0 0
 0 0 0
 0 0 0
 0 0 0
 0 0 0
 0 0 0
 0 0 0
 0 0 0
 0 0 0
 0 0 0
 0 0 0
 0 0 0
 0 0 0
 0 0 0
 0 0 0
 0 0 0
 0 0 0
 0 0 0
 0 0 0
 0 0 0
 0 0 0
 0 0 0
 0 0 0
 0 0 0
 0 0 0
 0 0 0
 0 0 0
 0 0 0
 0 0 0
 0 0 0
 0 0 0
 0 0 0
 0 0 0
 0 0 0
 0 0 0
 0 0 0
 0 0 0
 0 0 0
 0 0 0
 0 0 0
 0 0 0
 0 0 0
 0 0 0
 0 0 0
 0 0 0
 0 0 0
 0 0 0
 0 0 0
 0 0 0
 0 0 0
 0 0 0
 0 0 0
 0 0 0
 0 0 0
 0 0 0
 0 0 0
 0 0 0
 0 0 0
 0 0 0
 0 0 0
 0 0 0
 0 0 0
 0 0 0
 0 0 0
 0 0 0
 0 0 0
 0 0 0
 0 0 0
 0 0 0
 0 0 0
 0 0 0
 0 0 0
 0 0 0
 0 0 0
 0 0 0
 0 0 0
 0 0 0
 0 0 0
 0 0 0
 0 0 0
 0 0 0
 0 0 0
 0 0 0
 0 0 0
 0 0 0
 0 0 0
 0 0 0
 0 0 0
 0 0 0
 0 0 0
 0 0 0
 0 0 0
 0 0 0
 0 0 0
 0 0 0
 0 0 0
 0 0 0
 0 0 0
 0 0 0
 0 0 0
 0 0 0
 0 0 0
 0 0 0
 0 0 0
 0 0 0
 0 0 0
 0 0 0
 0 0 0
 0 0 0
 0 0 0
 0 0 0
 0 0 0
 0 0 0
 0 0 0
 0 0 0
 0 0 0
 0 0 0
 0 0 0
 0 0 0
 0 0 0
 0 0 0
 0 0 0
 0 0 0
 0 0 0
 0 0 0
 0 0 0
 0 0 0
 0 0 0
 0 0 0
 0 0 0
 0 0 0
 0 0 0
 0 0 0
 0 0 0
 0 0 0
 0 0 0
 0 0 0
 0 0 0
 0 0 0
 0 0 0
 0 0 0
 0 0 0
 0 0 0
 0 0 0
 0 0 0
 0 0 0
 0 0 0
 0 0 0
 0 0 0
 0 0 0
 0 0 0
 0 0 0
 0 0 0
 0 0 0
 0 0 0
 0 0 0
 0 0 0
 0 0 0
 0 0 0
 0 0 0
 0 0 0
 0 0 0
 0 0 0
 0 0 0
 0 0 0
 0 0 0
 0 0 0
 0 0 0
 0 0 0
 0 0 0
 0 0 0
 0 0 0
 0 0 0
 0 0 0
 0 0 0
 0 0 0
 0 0 0
 0 0 0
 0 0 0
 0 0 0
 0 0 0
  0.000000000  0.000000000  0.000000000
  0.000000000  0.000000000  0.000000000
  0.000000000  0.000000000  0.000000000
  0.000000000  0.000000000  0.000000000
  0.000000000  0.000000000  0.000000000
  0.000000000  0.000000000  0.000000000
  0.000000000  0.000000000  0.000000000
  0.000000000  0.000000000  0.000000000
  0.000000000  0.000000000  0.000000000
  0.000000000  0.000000000  0.000000000
  0.000000000  0.000000000  0.000000000
  0.000000000  0.000000000  0.000000000
  0.000000000  0.000000000  0.000000000
  0.000000000  0.000000000  0.000000000
  0.000000000  0.000000000  0.000000000
  0.000000000  0.000000000  0.000000000
  0.000000000  0.000000000  0.000000000
  0.000000000  0.000000000  0.000000000
  0.000000000  0.000000000  0.000000000
  0.000000000  0.000000000  0.000000000
  0.000000000  0.000000000  0.000000000
  0.000000000  0.000000000  0.000000000
  0.000000000  0.000000000  0.000000000
  0.000000000  0.000000000  0.000000000
  0.000000000  0.000000000  0.000000000
  0.000000000  0.000000000  0.000000000
  0.000000000  0.000000000  0.000000000
  0.000000000  0.000000000  0.000000000
  0.000000000  0.000000000  0.000000000
  0.000000000  0.000000000  0.000000000
  0.000000000  0.000000000  0.000000000
  0.000000000  0.000000000  0.000000000
  0.000000000  0.000000000  0.000000000
  0.000000000  0.000000000  0.000000000
  0.000000000  0.000000000  0.000000000
  0.000000000  0.000000000  0.000000000
  0.000000000  0.000000000  0.000000000
  0.000000000  0.000000000  0.000000000
  0.000000000  0.000000000  0.000000000
  0.000000000  0.000000000  0.000000000
  0.000000000  0.000000000  0.000000000
  0.000000000  0.000000000  0.000000000
  0.000000000  0.000000000  0.000000000
  0.000000000  0.000000000  0.000000000
  0.000000000  0.000000000  0.000000000
  0.000000000  0.000000000  0.000000000
  0.000000000  0.000000000  0.000000000
  0.000000000  0.000000000  0.000000000
  0.000000000  0.000000000  0.000000000
  0.000000000  0.000000000  0.000000000
  0.000000000  0.000000000  0.000000000
  0.000000000  0.000000000  0.000000000
  0.000000000  0.000000000  0.000000000
  0.000000000  0.000000000  0.000000000
  0.000000000  0.000000000  0.000000000
  0.000000000  0.000000000  0.000000000
  0.000000000  0.000000000  0.000000000
  0.000000000  0.000000000  0.000000000
  0.000000000  0.000000000  0.000000000
  0.000000000  0.000000000  0.000000000
  0.000000000  0.000000000  0.000000000
  0.000000000  0.000000000  0.000000000
  0.000000000  0.000000000  0.000000000
  0.000000000  0.000000000  0.000000000
  0.000000000  0.000000000  0.000000000
  0.000000000  0.000000000  0.000000000
  0.000000000  0.000000000  0.000000000
  0.000000000  0.000000000  0.000000000
  0.000000000  0.000000000  0.000000000
  0.000000000  0.000000000  0.000000000
  0.000000000  0.000000000  0.000000000
  0.000000000  0.000000000  0.000000000
  0.000000000  0.000000000  0.000000000
  0.000000000  0.000000000  0.000000000
  0.000000000  0.000000000  0.000000000
  0.000000000  0.000000000  0.000000000
  0.000000000  0.000000000  0.000000000
  0.000000000  0.000000000  0.000000000
  0.000000000  0.000000000  0.000000000
  0.000000000  0.000000000  0.000000000
  0.000000000  0.000000000  0.000000000
  0.000000000  0.000000000  0.000000000
  0.000000000  0.000000000  0.000000000
  0.000000000  0.000000000  0.000000000
  0.000000000  0.000000000  0.000000000
  0.000000000  0.000000000  0.000000000
  0.000000000  0.000000000  0.000000000
  0.000000000  0.000000000  0.000000000
  0.000000000  0.000000000  0.000000000
  0.000000000  0.000000000  0.000000000
  0.000000000  0.000000000  0.000000000
  0.000000000  0.000000000  0.000000000
  0.000000000  0.000000000  0.000000000
  0.000000000  0.000000000  0.000000000
  0.000000000  0.000000000  0.000000000
  0.000000000  0.000000000  0.000000000
  0.000000000  0.000000000  0.000000000
  0.000000000  0.000000000  0.000000000
  0.000000000  0.000000000  0.000000000
  0.000000000  0.000000000  0.000000000
  0.000000000  0.000000000  0.000000000
  0.000000000  0.000000000  0.000000000
  0.000000000  0.000000000  0.000000000
  0.000000000  0.000000000  0.000000000
  0.000000000  0.000000000  0.000000000
  0.000000000  0.000000000  0.000000000
  0.000000000  0.000000000  0.000000000
  0.000000000  0.000000000  0.000000000
  0.000000000  0.000000000  0.000000000
  0.000000000  0.000000000  0.000000000
  0.000000000  0.000000000  0.000000000
  0.000000000  0.000000000  0.000000000
  0.000000000  0.000000000  0.000000000
  0.000000000  0.000000000  0.000000000
  0.000000000  0.000000000  0.000000000
  0.000000000  0.000000000  0.000000000
  0.000000000  0.000000000  0.000000000
  0.000000000  0.000000000  0.000000000
  0.000000000  0.000000000  0.000000000
  0.000000000  0.000000000  0.000000000
  0.000000000  0.000000000  0.000000000
  0.000000000  0.000000000  0.000000000
  0.000000000  0.000000000  0.000000000
  0.000000000  0.000000000  0.000000000
  0.000000000  0.000000000  0.000000000
  0.000000000  0.000000000  0.000000000
  0.000000000  0.000000000  0.000000000
  0.000000000  0.000000000  0.000000000
  0.000000000  0.000000000  0.000000000
  0.000000000  0.000000000  0.000000000
  0.000000000  0.000000000  0.000000000
  0.000000000  0.000000000  0.000000000
  0.000000000  0.000000000  0.000000000
  0.000000000  0.000000000  0.000000000
  0.000000000  0.000000000  0.000000000
  0.000000000  0.000000000  0.000000000
  0.000000000  0.000000000  0.000000000
  0.000000000  0.000000000  0.000000000
  0.000000000  0.000000000  0.000000000
  0.000000000  0.000000000  0.000000000
  0.000000000  0.000000000  0.000000000
  0.000000000  0.000000000  0.000000000
  0.000000000  0.000000000  0.000000000
  0.000000000  0.000000000  0.000000000
  0.000000000  0.000000000  0.000000000
  0.000000000  0.000000000  0.000000000
  0.000000000  0.000000000  0.000000000
  0.000000000  0.000000000  0.000000000
  0.000000000  0.000000000  0.000000000
  0.000000000  0.000000000  0.000000000
  0.000000000  0.000000000  0.000000000
  0.000000000  0.000000000  0.000000000
  0.000000000  0.000000000  0.000000000
  0.000000000  0.000000000  0.000000000
  0.000000000  0.000000000  0.000000000
  0.000000000  0.000000000  0.000000000
  0.000000000  0.000000000  0.000000000
  0.000000000  0.000000000  0.000000000
  0.000000000  0.000000000  0.000000000
  0.000000000  0.000000000  0.000000000
  0.000000000  0.000000000  0.000000000
  0.000000000  0.000000000  0.000000000
  0.000000000  0.000000000  0.000000000
  0.000000000  0.000000000  0.000000000
  0.000000000  0.000000000  0.000000000
  0.000000000  0.000000000  0.000000000
  0.000000000  0.000000000  0.000000000
  0.000000000  0.000000000  0.000000000
  0.000000000  0.000000000  0.000000000
  0.000000000  0.000000000  0.000000000
  0.000000000  0.000000000  0.000000000
  0.000000000  0.000000000  0.000000000
  0.000000000  0.000000000  0.000000000
  0.000000000  0.000000000  0.000000000
  0.000000000  0.000000000  0.000000000
  0.000000000  0.000000000  0.000000000
  0.000000000  0.000000000  0.000000000
  0.000000000  0.000000000  0.000000000
  0.000000000  0.000000000  0.000000000
  0.000000000  0.000000000  0.000000000
  0.000000000  0.000000000  0.000000000
  0.000000000  0.000000000  0.000000000
  0.000000000  0.000000000  0.000000000
  0.000000000  0.000000000  0.000000000
  0.000000000  0.000000000  0.000000000
  0.000000000  0.000000000  0.000000000
  0.000000000  0.000000000  0.000000000
  0.000000000  0.000000000  0.000000000
  0.000000000  0.000000000  0.000000000
  0.000000000  0.000000000  0.000000000
  0.000000000  0.000000000  0.000000000
  0.000000000  0.000000000  0.000000000
  0.000000000  0.000000000  0.000000000
  0.000000000  0.000000000  0.000000000
  0.000000000  0.000000000  0.000000000
  0.000000000  0.000000000  0.000000000
  0.000000000  0.000000000  0.000000000
  0.000000000  0.000000000  0.000000000
  0.000000000  0.000000000  0.000000000
  0.000000000  0.000000000  0.000000000
  0.000000000  0.000000000  0.000000000
  0.000000000  0.000000000  0.000000000
  0.000000000  0.000000000  0.000000000
  0.000000000  0.000000000  0.000000000
  0.000000000  0.000000000  0.000000000
  0.000000000  0.000000000  0.000000000
  0.000000000  0.000000000  0.000000000
  0.000000000  0.000000000  0.000000000
  0.000000000  0.000000000  0.000000000
  0.000000000  0.000000000  0.000000000
  0.000000000  0.000000000  0.000000000
  0.000000000  0.000000000  0.000000000
  0.000000000  0.000000000  0.000000000
  0.000000000  0.000000000  0.000000000
  0.000000000  0.000000000  0.000000000
  0.000000000  0.000000000  0.000000000
  0.000000000  0.000000000  0.000000000
  0.000000000  0.000000000  0.000000000
  0.000000000  0.000000000  0.000000000
  0.000000000  0.000000000  0.000000000
  0.000000000  0.000000000  0.000000000
  0.000000000  0.000000000  0.000000000
  0.000000000  0.000000000  0.000000000
  0.000000000  0.000000000  0.000000000
  0.000000000  0.000000000  0.000000000
  0.000000000  0.000000000  0.000000000
  0.000000000  0.000000000  0.000000000
  0.000000000  0.000000000  0.000000000
  0.000000000  0.000000000  0.000000000
  0.000000000  0.000000000  0.000000000
  0.000000000  0.000000000  0.000000000
  0.000000000  0.000000000  0.000000000
  0.000000000  0.000000000  0.000000000
  0.000000000  0.000000000  0.000000000
  0.000000000  0.000000000  0.000000000
  0.000000000  0.000000000  0.000000000
  0.000000000  0.000000000  0.000000000
  0.000000000  0.000000000  0.000000000
  0.000000000  0.000000000  0.000000000
  0.000000000  0.000000000  0.000000000
  0.000000000  0.000000000  0.000000000
  0.000000000  0.000000000  0.000000000
  0.000000000  0.000000000  0.000000000
  0.000000000  0.000000000  0.000000000
  0.000000000  0.000000000  0.000000000
  0.000000000  0.000000000  0.000000000
  0.000000000  0.000000000  0.000000000
  0.000000000  0.000000000  0.000000000
  0.000000000  0.000000000  0.000000000
  0.000000000  0.000000000  0.000000000
  0.000000000  0.000000000  0.000000000
  0.000000000  0.000000000  0.000000000
  0.000000000  0.000000000  0.000000000
  0.000000000  0.000000000  0.000000000
  0.000000000  0.000000000  0.000000000
  0.000000000  0.000000000  0.000000000
  0.000000000  0.000000000  0.000000000
  0.000000000  0.000000000  0.000000000
  0.000000000  0.000000000  0.000000000
  0.000000000  0.000000000  0.000000000
  0.000000000  0.000000000  0.000000000
  0.000000000  0.000000000  0.000000000
  0.000000000  0.000000000  0.000000000
  0.000000000  0.000000000  0.000000000
  0.000000000  0.000000000  0.000000000
  0.000000000  0.000000000  0.000000000
  0.000000000  0.000000000  0.000000000
  0.000000000  0.000000000  0.000000000
  0.000000000  0.000000000  0.000000000
  0.000000000  0.000000000  0.000000000
  0.000000000  0.000000000  0.000000000
  0.000000000  0.000000000  0.000000000
  0.000000000  0.000000000  0.000000000
  0.000000000  0.000000000  0.000000000
  0.000000000  0.000000000  0.000000000
  0.000000000  0.000000000  0.000000000
  0.000000000  0.000000000  0.000000000
  0.000000000  0.000000000  0.000000000
  0.000000000  0.000000000  0.000000000
  0.000000000  0.000000000  0.000000000
  0.000000000  0.000000000  0.000000000
  0.000000000  0.000000000  0.000000000
  0.000000000  0.000000000  0.000000000
  0.000000000  0.000000000  0.000000000
  0.000000000  0.000000000  0.000000000
  0.000000000  0.000000000  0.000000000
  0.000000000  0.000000000  0.000000000
  0.000000000  0.000000000  0.000000000
  0.000000000  0.000000000  0.000000000
  0.000000000  0.000000000  0.000000000
  0.000000000  0.000000000  0.000000000
  0.000000000  0.000000000  0.000000000
  0.000000000  0.000000000  0.000000000
  0.000000000  0.000000000  0.000000000
  0.000000000  0.000000000  0.000000000
  0.000000000  0.000000000  0.000000000
  0.000000000  0.000000000  0.000000000
  0.000000000  0.000000000  0.000000000
  0.000000000  0.000000000  0.000000000
  0.000000000  0.000000000  0.000000000
  0.000000000  0.000000000  0.000000000
  0.000000000  0.000000000  0.000000000
  0.000000000  0.000000000  0.000000000
  0.000000000  0.000000000  0.000000000
  0.000000000  0.000000000  0.000000000
  0.000000000  0.000000000  0.000000000
  0.000000000  0.000000000  0.000000000
  0.000000000  0.000000000  0.000000000
  0.000000000  0.000000000  0.000000000
  0.000000000  0.000000000  0.000000000
  0.000000000  0.000000000  0.000000000
  0.000000000  0.000000000  0.000000000
  0.000000000  0.000000000  0.000000000
  0.000000000  0.000000000  0.000000000
  0.000000000  0.000000000  0.000000000
  0.000000000  0.000000000  0.000000000
  0.000000000  0.000000000  0.000000000
  0.000000000  0.000000000  0.000000000
  0.000000000  0.000000000  0.000000000
  0.000000000  0.000000000  0.000000000
  0.000000000  0.000000000  0.000000000
  0.000000000  0.000000000  0.000000000
  0.000000000  0.000000000  0.000000000
  0.000000000  0.000000000  0.000000000
  0.000000000  0.000000000  0.000000000
  0.000000000  0.000000000  0.000000000
  0.000000000  0.000000000  0.000000000
  0.000000000  0.000000000  0.000000000
  0.000000000  0.000000000  0.000000000
  0.000000000  0.000000000  0.000000000
  0.000000000  0.000000000  0.000000000
  0.000000000  0.000000000  0.000000000
  0.000000000  0.000000000  0.000000000
  0.000000000  0.000000000  0.000000000
  0.000000000  0.000000000  0.000000000
  0.000000000  0.000000000  0.000000000
  0.000000000  0.000000000  0.000000000
  0.000000000  0.000000000  0.000000000
  0.000000000  0.000000000  0.000000000
  0.000000000  0.000000000  0.000000000
  0.000000000  0.000000000  0.000000000
  0.000000000  0.000000000  0.000000000
  0.000000000  0.000000000  0.000000000
  0.000000000  0.000000000  0.000000000
  0.000000000  0.000000000  0.000000000
  0.000000000  0.000000000  0.000000000
  0.000000000  0.000000000  0.000000000
  0.000000000  0.000000000  0.000000000
  0.000000000  0.000000000  0.000000000
  0.000000000  0.000000000  0.000000000
  0.000000000  0.000000000  0.000000000
  0.000000000  0.000000000  0.000000000
  0.000000000  0.000000000  0.000000000
  0.000000000  0.000000000  0.000000000
  0.000000000  0.000000000  0.000000000
  0.000000000  0.000000000  0.000000000
  0.000000000  0.000000000  0.000000000
  0.000000000  0.000000000  0.000000000
  0.000000000  0.000000000  0.000000000
  0.000000000  0.000000000  0.000000000
  0.000000000  0.000000000  0.000000000
  0.000000000  0.000000000  0.000000000
  0.000000000  0.000000000  0.000000000
  0.000000000  0.000000000  0.000000000
  0.000000000  0.000000000  0.000000000
  0.000000000  0.000000000  0.000000000
  0.000000000  0.000000000  0.000000000
  0.000000000  0.000000000  0.000000000
  0.000000000  0.000000000  0.000000000
  0.000000000  0.000000000  0.000000000
  0.000000000  0.000000000  0.000000000
  0.000000000  0.000000000  0.000000000
  0.000000000  0.000000000  0.000000000
  0.000000000  0.000000000  0.000000000
  0.000000000  0.000000000  0.000000000
  0.000000000  0.000000000  0.000000000
  0.000000000  0.000000000  0.000000000
  0.000000000  0.000000000  0.000000000
  0.000000000  0.000000000  0.000000000
  0.000000000  0.000000000  0.000000000
  0.000000000  0.000000000  0.000000000
  0.000000000  0.000000000  0.000000000
  0.000000000  0.000000000  0.000000000
  0.000000000  0.000000000  0.000000000
  0.000000000  0.000000000  0.000000000
  0.000000000  0.000000000  0.000000000
  0.000000000  0.000000000  0.000000000
  0.000000000  0.000000000  0.000000000
  0.000000000  0.000000000  0.000000000
  0.000000000  0.000000000  0.000000000
  0.000000000  0.000000000  0.000000000
  0.000000000  0.000000000  0.000000000
  0.000000000  0.000000000  0.000000000
  0.000000000  0.000000000  0.000000000
  0.000000000  0.000000000  0.000000000
  0.000000000  0.000000000  0.000000000
  0.000000000  0.000000000  0.000000000
  0.000000000  0.000000000  0.000000000
  0.000000000  0.000000000  0.000000000
  0.000000000  0.000000000  0.000000000
  0.000000000  0.000000000  0.000000000
  0.000000000  0.000000000  0.000000000
  0.000000000  0.000000000  0.000000000
  0.000000000  0.000000000  0.000000000
  0.000000000  0.000000000  0.000000000
  0.000000000  0.000000000  0.000000000
  0.000000000  0.000000000  0.000000000
  0.000000000  0.000000000  0.000000000
  0.000000000  0.000000000  0.000000000
  0.000000000  0.000000000  0.000000000
  0.000000000  0.000000000  0.000000000
  0.000000000  0.000000000  0.000000000
  0.000000000  0.000000000  0.000000000
  0.000000000  0.000000000  0.000000000
  0.000000000  0.000000000  0.000000000
  0.000000000  0.000000000  0.000000000
  0.000000000  0.000000000  0.000000000
  0.000000000  0.000000000  0.000000000
  0.000000000  0.000000000  0.000000000
  0.000000000  0.000000000  0.000000000
  0.000000000  0.000000000  0.000000000
  0.000000000  0.000000000  0.000000000
  0.000000000  0.000000000  0.000000000
  0.000000000  0.000000000  0.000000000
  0.000000000  0.000000000  0.000000000
  0.000000000  0.000000000  0.000000000
  0.000000000  0.000000000  0.000000000
  0.000000000  0.000000000  0.000000000
  0.000000000  0.000000000  0.000000000
  0.000000000  0.000000000  0.000000000
  0.000000000  0.000000000  0.000000000
  0.000000000  0.000000000  0.000000000
  0.000000000  0.000000000  0.000000000
  0.000000000  0.000000000  0.000000000
  0.000000000  0.000000000  0.000000000
  0.000000000  0.000000000  0.000000000
  0.000000000  0.000000000  0.000000000
  0.000000000  0.000000000  0.000000000
  0.000000000  0.000000000  0.000000000
  0.000000000  0.000000000  0.000000000
  0.000000000  0.000000000  0.000000000
  0.000000000  0.000000000  0.000000000
  0.000000000  0.000000000  0.000000000
  0.000000000  0.000000000  0.000000000
  0.000000000  0.000000000  0.000000000
  0.000000000  0.000000000  0.000000000
  0.000000000  0.000000000  0.000000000
  0.000000000  0.000000000  0.000000000
  0.000000000  0.000000000  0.000000000
  0.000000000  0.000000000  0.000000000
 0 0 0
 0 0 0
 0 0 0
 0 0 0
 0 0 0
 0 0 0
 0 0 0
 0 0 0
 0 0 0
 0 0 0
 0 0 0
 0 0 0
 0 0 0
 0 0 0
 0 0 0
 0 0 0
 0 0 0
 0 0 0
 0 0 0
 0 0 0
 0 0 0
 0 0 0
 0 0 0
 0 0 0
 0 0 0
 0 0 0
 0 0 0
 0 0 0
 0 0 0
 0 0 0
 0 0 0
 0 0 0
 0 0 0
 0 0 0
 0 0 0
 0 0 0
 0 0 0
 0 0 0
 0 0 0
 0 0 0
 0 0 0
 0 0 0
 0 0 0
 0 0 0
 0 0 0
 0 0 0
 0 0 0
 0 0 0
 0 0 0
 0 0 0
 0 0 0
 0 0 0
 0 0 0
 0 0 0
 0 0 0
 0 0 0
 0 0 0
 0 0 0
 0 0 0
 0 0 0
 0 0 0
 0 0 0
 0 0 0
 0 0 0
 0 0 0
 0 0 0
 0 0 0
 0 0 0
 0 0 0
 0 0 0
 0 0 0
 0 0 0
 0 0 0
 0 0 0
 0 0 0
 0 0 0
 0 0 0
 0 0 0
 0 0 0
 0 0 0
 0 0 0
 0 0 0
 0 0 0
 0 0 0
 0 0 0
 0 0 0
 0 0 0
 0 0 0
 0 0 0
 0 0 0
 0 0 0
 0 0 0
 0 0 0
 0 0 0
 0 0 0
 0 0 0
 0 0 0
 0 0 0
 0 0 0
 0 0 0
 0 0 0
 0 0 0
 0 0 0
 0 0 0
 0 0 0
 0 0 0
 0 0 0
 0 0 0
 0 0 0
 0 0 0
 0 0 0
 0 0 0
 0 0 0
 0 0 0
 0 0 0
 0 0 0
 0 0 0
 0 0 0
 0 0 0
 0 0 0
 0 0 0
 0 0 0
 0 0 0
 0 0 0
 0 0 0
 0 0 0
 0 0 0
 0 0 0
 0 0 0
 0 0 0
 0 0 0
 0 0 0
 0 0 0
 0 0 0
 0 0 0
 0 0 0
 0 0 0
 0 0 0
 0 0 0
 0 0 0
 0 0 0
 0 0 0
 0 0 0
 0 0 0
 0 0 0
 0 0 0
 0 0 0
 0 0 0
 0 0 0
 0 0 0
 0 0 0
 0 0 0
 0 0 0
 0 0 0
 0 0 0
 0 0 0
 0 0 0
 0 0 0
 0 0 0
 0 0 0
 0 0 0
 0 0 0
 0 0 0
 0 0 0
 0 0 0
 0 0 0
 0 0 0
 0 0 0
 0 0 0
 0 0 0
 0 0 0
 0 0 0
 0 0 0
 0 0 0
 0 0 0
 0 0 0
 0 0 0
 0 0 0
 0 0 0
 0 0 0
 0 0 0
 0 0 0
 0 0 0
 0 0 0
 0 0 0
 0 0 0
 0 0 0
 0 0 0
 0 0 0
 0 0 0
 0 0 0
 0 0 0
 0 0 0
 0 0 0
 0 0 0
 0 0 0
 0 0 0
 0 0 0
 0 0 0
 0 0 0
 0 0 0
 0 0 0
 0 0 0
 0 0 0
 0 0 0
 0 0 0
 0 0 0
 0 0 0
 0 0 0
 0 0 0
 0 0 0
 0 0 0
 0 0 0
 0 0 0
 0 0 0
 0 0 0
 0 0 0
 0 0 0
 0 0 0
 0 0 0
 0 0 0
 0 0 0
 0 0 0
 0 0 0
 0 0 0
 0 0 0
 0 0 0
 0 0 0
 0 0 0
 0 0 0
 0 0 0
 0 0 0
 0 0 0
 0 0 0
 0 0 0
 0 0 0
 0 0 0
 0 0 0
 0 0 0
 0 0 0
 0 0 0
 0 0 0
 0 0 0
 0 0 0
 0 0 0
 0 0 0
 0 0 0
 0 0 0
 0 0 0
 0 0 0
 0 0 0
 0 0 0
 0 0 0
 0 0 0
 0 0 0
 0 0 0
 0 0 0
 0 0 0
 0 0 0
 0 0 0
 0 0 0
 0 0 0
 0 0 0
 0 0 0
 0 0 0
 0 0 0
 0 0 0
 0 0 0
 0 0 0
 0 0 0
 0 0 0
 0 0 0
 0 0 0
 0 0 0
 0 0 0
 0 0 0
 0 0 0
 0 0 0
 0 0 0
 0 0 0
 0 0 0
 0 0 0
 0 0 0
 0 0 0
 0 0 0
 0 0 0
 0 0 0
 0 0 0
 0 0 0
 0 0 0
 0 0 0
 0 0 0
 0 0 0
 0 0 0
 0 0 0
 0 0 0
 0 0 0
 0 0 0
 0 0 0
 0 0 0
 0 0 0
 0 0 0
 0 0 0
 0 0 0
 0 0 0
 0 0 0
 0 0 0
 0 0 0
 0 0 0
 0 0 0
 0 0 0
 0 0 0
 0 0 0
 0 0 0
 0 0 0
 0 0 0
 0 0 0
 0 0 0
 0 0 0
 0 0 0
 0 0 0
 0 0 0
 0 0 0
 0 0 0
 0 0 0
 0 0 0
 0 0 0
 0 0 0
 0 0 0
 0 0 0
 0 0 0
 0 0 0
 0 0 0
 0 0 0
 0 0 0
 0 0 0
  0.000000000  0.000000000  0.000000000
  0.000000000  0.000000000  0.000000000
  0.000000000  0.000000000  0.000000000
  0.000000000  0.000000000  0.000000000
  0.000000000  0.000000000  0.000000000
  0.000000000  0.000000000  0.000000000
  0.000000000  0.000000000  0.000000000
  0.000000000  0.000000000  0.000000000
  0.000000000  0.000000000  0.000000000
  0.000000000  0.000000000  0.000000000
  0.000000000  0.000000000  0.000000000
  0.000000000  0.000000000  0.000000000
  0.000000000  0.000000000  0.000000000
  0.000000000  0.000000000  0.000000000
  0.000000000  0.000000000  0.000000000
  0.000000000  0.000000000  0.000000000
  0.000000000  0.000000000  0.000000000
  0.000000000  0.000000000  0.000000000
  0.000000000  0.000000000  0.000000000
  0.000000000  0.000000000  0.000000000
  0.000000000  0.000000000  0.000000000
  0.000000000  0.000000000  0.000000000
  0.000000000  0.000000000  0.000000000
  0.000000000  0.000000000  0.000000000
  0.000000000  0.000000000  0.000000000
  0.000000000  0.000000000  0.000000000
  0.000000000  0.000000000  0.000000000
  0.000000000  0.000000000  0.000000000
  0.000000000  0.000000000  0.000000000
  0.000000000  0.000000000  0.000000000
  0.000000000  0.000000000  0.000000000
  0.000000000  0.000000000  0.000000000
  0.000000000  0.000000000  0.000000000
  0.000000000  0.000000000  0.000000000
  0.000000000  0.000000000  0.000000000
  0.000000000  0.000000000  0.000000000
  0.000000000  0.000000000  0.000000000
  0.000000000  0.000000000  0.000000000
  0.000000000  0.000000000  0.000000000
  0.000000000  0.000000000  0.000000000
  0.000000000  0.000000000  0.000000000
  0.000000000  0.000000000  0.000000000
  0.000000000  0.000000000  0.000000000
  0.000000000  0.000000000  0.000000000
  0.000000000  0.000000000  0.000000000
  0.000000000  0.000000000  0.000000000
  0.000000000  0.000000000  0.000000000
  0.000000000  0.000000000  0.000000000
  0.000000000  0.000000000  0.000000000
  0.000000000  0.000000000  0.000000000
  0.000000000  0.000000000  0.000000000
  0.000000000  0.000000000  0.000000000
  0.000000000  0.000000000  0.000000000
  0.000000000  0.000000000  0.000000000
  0.000000000  0.000000000  0.000000000
  0.000000000  0.000000000  0.000000000
  0.000000000  0.000000000  0.000000000
  0.000000000  0.000000000  0.000000000
  0.000000000  0.000000000  0.000000000
  0.000000000  0.000000000  0.000000000
  0.000000000  0.000000000  0.000000000
  0.000000000  0.000000000  0.000000000
  0.000000000  0.000000000  0.000000000
  0.000000000  0.000000000  0.000000000
  0.000000000  0.000000000  0.000000000
  0.000000000  0.000000000  0.000000000
  0.000000000  0.000000000  0.000000000
  0.000000000  0.000000000  0.000000000
  0.000000000  0.000000000  0.000000000
  0.000000000  0.000000000  0.000000000
  0.000000000  0.000000000  0.000000000
  0.000000000  0.000000000  0.000000000
  0.000000000  0.000000000  0.000000000
  0.000000000  0.000000000  0.000000000
  0.000000000  0.000000000  0.000000000
  0.000000000  0.000000000  0.000000000
  0.000000000  0.000000000  0.000000000
  0.000000000  0.000000000  0.000000000
  0.000000000  0.000000000  0.000000000
  0.000000000  0.000000000  0.000000000
  0.000000000  0.000000000  0.000000000
  0.000000000  0.000000000  0.000000000
  0.000000000  0.000000000  0.000000000
  0.000000000  0.000000000  0.000000000
  0.000000000  0.000000000  0.000000000
  0.000000000  0.000000000  0.000000000
  0.000000000  0.000000000  0.000000000
  0.000000000  0.000000000  0.000000000
  0.000000000  0.000000000  0.000000000
  0.000000000  0.000000000  0.000000000
  0.000000000  0.000000000  0.000000000
  0.000000000  0.000000000  0.000000000
  0.000000000  0.000000000  0.000000000
  0.000000000  0.000000000  0.000000000
  0.000000000  0.000000000  0.000000000
  0.000000000  0.000000000  0.000000000
  0.000000000  0.000000000  0.000000000
  0.000000000  0.000000000  0.000000000
  0.000000000  0.000000000  0.000000000
  0.000000000  0.000000000  0.000000000
  0.000000000  0.000000000  0.000000000
  0.000000000  0.000000000  0.000000000
  0.000000000  0.000000000  0.000000000
  0.000000000  0.000000000  0.000000000
  0.000000000  0.000000000  0.000000000
  0.000000000  0.000000000  0.000000000
  0.000000000  0.000000000  0.000000000
  0.000000000  0.000000000  0.000000000
  0.000000000  0.000000000  0.000000000
  0.000000000  0.000000000  0.000000000
  0.000000000  0.000000000  0.000000000
  0.000000000  0.000000000  0.000000000
  0.000000000  0.000000000  0.000000000
  0.000000000  0.000000000  0.000000000
  0.000000000  0.000000000  0.000000000
  0.000000000  0.000000000  0.000000000
  0.000000000  0.000000000  0.000000000
  0.000000000  0.000000000  0.000000000
  0.000000000  0.000000000  0.000000000
  0.000000000  0.000000000  0.000000000
  0.000000000  0.000000000  0.000000000
  0.000000000  0.000000000  0.000000000
  0.000000000  0.000000000  0.000000000
  0.000000000  0.000000000  0.000000000
  0.000000000  0.000000000  0.000000000
  0.000000000  0.000000000  0.000000000
  0.000000000  0.000000000  0.000000000
  0.000000000  0.000000000  0.000000000
  0.000000000  0.000000000  0.000000000
  0.000000000  0.000000000  0.000000000
  0.000000000  0.000000000  0.000000000
  0.000000000  0.000000000  0.000000000
  0.000000000  0.000000000  0.000000000
  0.000000000  0.000000000  0.000000000
  0.000000000  0.000000000  0.000000000
  0.000000000  0.000000000  0.000000000
  0.000000000  0.000000000  0.000000000
  0.000000000  0.000000000  0.000000000
  0.000000000  0.000000000  0.000000000
  0.000000000  0.000000000  0.000000000
  0.000000000  0.000000000  0.000000000
  0.000000000  0.000000000  0.000000000
  0.000000000  0.000000000  0.000000000
  0.000000000  0.000000000  0.000000000
  0.000000000  0.000000000  0.000000000
  0.000000000  0.000000000  0.000000000
  0.000000000  0.000000000  0.000000000
  0.000000000  0.000000000  0.000000000
  0.000000000  0.000000000  0.000000000
  0.000000000  0.000000000  0.000000000
  0.000000000  0.000000000  0.000000000
  0.000000000  0.000000000  0.000000000
  0.000000000  0.000000000  0.000000000
  0.000000000  0.000000000  0.000000000
  0.000000000  0.000000000  0.000000000
  0.000000000  0.000000000  0.000000000
  0.000000000  0.000000000  0.000000000
  0.000000000  0.000000000  0.000000000
  0.000000000  0.000000000  0.000000000
  0.000000000  0.000000000  0.000000000
  0.000000000  0.000000000  0.000000000
  0.000000000  0.000000000  0.000000000
  0.000000000  0.000000000  0.000000000
  0.000000000  0.000000000  0.000000000
  0.000000000  0.000000000  0.000000000
  0.000000000  0.000000000  0.000000000
  0.000000000  0.000000000  0.000000000
  0.000000000  0.000000000  0.000000000
  0.000000000  0.000000000  0.000000000
  0.000000000  0.000000000  0.000000000
  0.000000000  0.000000000  0.000000000
  0.000000000  0.000000000  0.000000000
  0.000000000  0.000000000  0.000000000
  0.000000000  0.000000000  0.000000000
  0.000000000  0.000000000  0.000000000
  0.000000000  0.000000000  0.000000000
  0.000000000  0.000000000  0.000000000
  0.000000000  0.000000000  0.000000000
  0.000000000  0.000000000  0.000000000
  0.000000000  0.000000000  0.000000000
  0.000000000  0.000000000  0.000000000
  0.000000000  0.000000000  0.000000000
  0.000000000  0.000000000  0.000000000
  0.000000000  0.000000000  0.000000000
  0.000000000  0.000000000  0.000000000
  0.000000000  0.000000000  0.000000000
  0.000000000  0.000000000  0.000000000
  0.000000000  0.000000000  0.000000000
  0.000000000  0.000000000  0.000000000
  0.000000000  0.000000000  0.000000000
  0.000000000  0.000000000  0.000000000
  0.000000000  0.000000000  0.000000000
  0.000000000  0.000000000  0.000000000
  0.000000000  0.000000000  0.000000000
  0.000000000  0.000000000  0.000000000
  0.000000000  0.000000000  0.000000000
  0.000000000  0.000000000  0.000000000
  0.000000000  0.000000000  0.000000000
  0.000000000  0.000000000  0.000000000
  0.000000000  0.000000000  0.000000000
  0.000000000  0.000000000  0.000000000
  0.000000000  0.000000000  0.000000000
  0.000000000  0.000000000  0.000000000
  0.000000000  0.000000000  0.000000000
  0.000000000  0.000000000  0.000000000
  0.000000000  0.000000000  0.000000000
  0.000000000  0.000000000  0.000000000
  0.000000000  0.000000000  0.000000000
  0.000000000  0.000000000  0.000000000
  0.000000000  0.000000000  0.000000000
  0.000000000  0.000000000  0.000000000
  0.000000000  0.000000000  0.000000000
  0.000000000  0.000000000  0.000000000
  0.000000000  0.000000000  0.000000000
  0.000000000  0.000000000  0.000000000
  0.000000000  0.000000000  0.000000000
  0.000000000  0.000000000  0.000000000
  0.000000000  0.000000000  0.000000000
  0.000000000  0.000000000  0.000000000
  0.000000000  0.000000000  0.000000000
  0.000000000  0.000000000  0.000000000
  0.000000000  0.000000000  0.000000000
  0.000000000  0.000000000  0.000000000
  0.000000000  0.000000000  0.000000000
  0.000000000  0.000000000  0.000000000
  0.000000000  0.000000000  0.000000000
  0.000000000  0.000000000  0.000000000
  0.000000000  0.000000000  0.000000000
  0.000000000  0.000000000  0.000000000
  0.000000000  0.000000000  0.000000000
  0.000000000  0.000000000  0.000000000
  0.000000000  0.000000000  0.000000000
  0.000000000  0.000000000  0.000000000
  0.000000000  0.000000000  0.000000000
  0.000000000  0.000000000  0.000000000
  0.000000000  0.000000000  0.000000000
  0.000000000  0.000000000  0.000000000
  0.000000000  0.000000000  0.000000000
  0.000000000  0.000000000  0.000000000
  0.000000000  0.000000000  0.000000000
  0.000000000  0.000000000  0.000000000
  0.000000000  0.000000000  0.000000000
  0.000000000  0.000000000  0.000000000
  0.000000000  0.000000000  0.000000000
  0.000000000  0.000000000  0.000000000
  0.000000000  0.000000000  0.000000000
  0.000000000  0.000000000  0.000000000
  0.000000000  0.000000000  0.000000000
  0.000000000  0.000000000  0.000000000
  0.000000000  0.000000000  0.000000000
  0.000000000  0.000000000  0.000000000
  0.000000000  0.000000000  0.000000000
  0.000000000  0.000000000  0.000000000
  0.000000000  0.000000000  0.000000000
  0.000000000  0.000000000  0.000000000
  0.000000000  0.000000000  0.000000000
  0.000000000  0.000000000  0.000000000
  0.000000000  0.000000000  0.000000000
  0.000000000  0.000000000  0.000000000
  0.000000000  0.000000000  0.000000000
  0.000000000  0.000000000  0.000000000
  0.000000000  0.000000000  0.000000000
  0.000000000  0.000000000  0.000000000
  0.000000000  0.000000000  0.000000000
  0.000000000  0.000000000  0.000000000
  0.000000000  0.000000000  0.000000000
  0.000000000  0.000000000  0.000000000
  0.000000000  0.000000000  0.000000000
  0.000000000  0.000000000  0.000000000
  0.000000000  0.000000000  0.000000000
  0.000000000  0.000000000  0.000000000
  0.000000000  0.000000000  0.000000000
  0.000000000  0.000000000  0.000000000
  0.000000000  0.000000000  0.000000000
  0.000000000  0.000000000  0.000000000
  0.000000000  0.000000000  0.000000000
  0.000000000  0.000000000  0.000000000
  0.000000000  0.000000000  0.000000000
  0.000000000  0.000000000  0.000000000
  0.000000000  0.000000000  0.000000000
  0.000000000  0.000000000  0.000000000
  0.000000000  0.000000000  0.000000000
  0.000000000  0.000000000  0.000000000
  0.000000000  0.000000000  0.000000000
  0.000000000  0.000000000  0.000000000
  0.000000000  0.000000000  0.000000000
  0.000000000  0.000000000  0.000000000
  0.000000000  0.000000000  0.000000000
  0.000000000  0.000000000  0.000000000
  0.000000000  0.000000000  0.000000000
  0.000000000  0.000000000  0.000000000
  0.000000000  0.000000000  0.000000000
  0.000000000  0.000000000  0.000000000
  0.000000000  0.000000000  0.000000000
  0.000000000  0.000000000  0.000000000
  0.000000000  0.000000000  0.000000000
  0.000000000  0.000000000  0.000000000
  0.000000000  0.000000000  0.000000000
  0.000000000  0.000000000  0.000000000
  0.000000000  0.000000000  0.000000000
  0.000000000  0.000000000  0.000000000
  0.000000000  0.000000000  0.000000000
  0.000000000  0.000000000  0.000000000
  0.000000000  0.000000000  0.000000000
  0.000000000  0.000000000  0.000000000
  0.000000000  0.000000000  0.000000000
  0.000000000  0.000000000  0.000000000
  0.000000000  0.000000000  0.000000000
  0.000000000  0.000000000  0.000000000
  0.000000000  0.000000000  0.000000000
  0.000000000  0.000000000  0.000000000
  0.000000000  0.000000000  0.000000000
  0.000000000  0.000000000  0.000000000
  0.000000000  0.000000000  0.000000000
  0.000000000  0.000000000  0.000000000
  0.000000000  0.000000000  0.000000000
  0.000000000  0.000000000  0.000000000
  0.000000000  0.000000000  0.000000000
  0.000000000  0.000000000  0.000000000
  0.000000000  0.000000000  0.000000000
  0.000000000  0.000000000  0.000000000
  0.000000000  0.000000000  0.000000000
  0.000000000  0.000000000  0.000000000
  0.000000000  0.000000000  0.000000000
  0.000000000  0.000000000  0.000000000
  0.000000000  0.000000000  0.000000000
  0.000000000  0.000000000  0.000000000
  0.000000000  0.000000000  0.000000000
  0.000000000  0.000000000  0.000000000
  0.000000000  0.000000000  0.000000000
  0.000000000  0.000000000  0.000000000
  0.000000000  0.000000000  0.000000000
  0.000000000  0.000000000  0.000000000
  0.000000000  0.000000000  0.000000000
  0.000000000  0.000000000  0.000000000
  0.000000000  0.000000000  0.000000000
  0.000000000  0.000000000  0.000000000
  0.000000000  0.000000000  0.000000000
  0.000000000  0.000000000  0.000000000
  0.000000000  0.000000000  0.000000000
  0.000000000  0.000000000  0.000000000
  0.000000000  0.000000000  0.000000000
  0.000000000  0.000000000  0.000000000
  0.000000000  0.000000000  0.000000000
  0.000000000  0.000000000  0.000000000
  0.000000000  0.000000000  0.000000000
  0.000000000  0.000000000  0.000000000
  0.000000000  0.000000000  0.000000000
  0.000000000  0.000000000  0.000000000
  0.000000000  0.000000000  0.000000000
  0.000000000  0.000000000  0.000000000
  0.000000000  0.000000000  0.000000000
  0.000000000  0.000000000  0.000000000
  0.000000000  0.000000000  0.000000000
  0.000000000  0.000000000  0.000000000
  0.000000000  0.000000000  0.000000000
  0.000000000  0.000000000  0.000000000
  0.000000000  0.000000000  0.000000000
  0.000000000  0.000000000  0.000000000
  0.000000000  0.000000000  0.000000000
  0.000000000  0.000000000  0.000000000
  0.000000000  0.000000000  0.000000000
  0.000000000  0.000000000  0.000000000
  0.000000000  0.000000000  0.000000000
  0.000000000  0.000000000  0.000000000
  0.000000000  0.000000000  0.000000000
  0.000000000  0.000000000  0.000000000
  0.000000000  0.000000000  0.000000000
  0.000000000  0.000000000  0.000000000
  0.000000000  0.000000000  0.000000000
  0.000000000  0.000000000  0.000000000
  0.000000000  0.000000000  0.000000000
  0.000000000  0.000000000  0.000000000
  0.000000000  0.000000000  0.000000000
  0.000000000  0.000000000  0.000000000
  0.000000000  0.000000000  0.000000000
  0.000000000  0.000000000  0.000000000
  0.000000000  0.000000000  0.000000000
  0.000000000  0.000000000  0.000000000
  0.000000000  0.000000000  0.000000000
  0.000000000  0.000000000  0.000000000
  0.000000000  0.000000000  0.000000000
  0.000000000  0.000000000  0.000000000
  0.000000000  0.000000000  0.000000000
  0.000000000  0.000000000  0.000000000
  0.000000000  0.000000000  0.000000000
  0.000000000  0.000000000  0.000000000
  0.000000000  0.000000000  0.000000000
  0.000000000  0.000000000  0.000000000
  0.000000000  0.000000000  0.000000000
  0.000000000  0.000000000  0.000000000
  0.000000000  0.000000000  0.000000000
  0.000000000  0.000000000  0.000000000
  0.000000000  0.000000000  0.000000000
  0.000000000  0.000000000  0.000000000
  0.000000000  0.000000000  0.000000000
  0.000000000  0.000000000  0.000000000
  0.000000000  0.000000000  0.000000000
  0.000000000  0.000000000  0.000000000
  0.000000000  0.000000000  0.000000000
  0.000000000  0.000000000  0.000000000
  0.000000000  0.000000000  0.000000000
  0.000000000  0.000000000  0.000000000
  0.000000000  0.000000000  0.000000000
  0.000000000  0.000000000  0.000000000
  0.000000000  0.000000000  0.000000000
  0.000000000  0.000000000  0.000000000
  0.000000000  0.000000000  0.000000000
  0.000000000  0.000000000  0.000000000
  0.000000000  0.000000000  0.000000000
  0.000000000  0.000000000  0.000000000
  0.000000000  0.000000000  0.000000000
  0.000000000  0.000000000  0.000000000
  0.000000000  0.000000000  0.000000000
  0.000000000  0.000000000  0.000000000
  0.000000000  0.000000000  0.000000000
  0.000000000  0.000000000  0.000000000
  0.000000000  0.000000000  0.000000000
  0.000000000  0.000000000  0.000000000
  0.000000000  0.000000000  0.000000000
  0.000000000  0.000000000  0.000000000
  0.000000000  0.000000000  0.000000000
  0.000000000  0.000000000  0.000000000
  0.000000000  0.000000000  0.000000000
  0.000000000  0.000000000  0.000000000
  0.000000000  0.000000000  0.000000000
  0.000000000  0.000000000  0.000000000
  0.000000000  0.000000000  0.000000000
  0.000000000  0.000000000  0.000000000
  0.000000000  0.000000000  0.000000000
  0.000000000  0.000000000  0.000000000
  0.000000000  0.000000000  0.000000000
  0.000000000  0.000000000  0.000000000
  0.000000000  0.000000000  0.000000000
  0.000000000  0.000000000  0.000000000
  0.000000000  0.000000000  0.000000000
  0.000000000  0.000000000  0.000000000
  0.000000000  0.000000000  0.000000000
  0.000000000  0.000000000  0.000000000
  0.000000000  0.000000000  0.000000000
  0.000000000  0.000000000  0.000000000
  0.000000000  0.000000000  0.000000000
  0.000000000  0.000000000  0.000000000
  0.000000000  0.000000000  0.000000000
  0.000000000  0.000000000  0.000000000
  0.000000000  0.000000000  0.000000000
  0.000000000  0.000000000  0.000000000
  0.000000000  0.000000000  0.000000000
  0.000000000  0.000000000  0.000000000
  0.000000000  0.000000000  0.000000000
  0.000000000  0.000000000  0.000000000
  0.000000000  0.000000000  0.000000000
  0.000000000  0.000000000  0.000000000
  0.000000000  0.000000000  0.000000000
  0.000000000  0.000000000  0.000000000
  0.000000000  0.000000000  0.000000000
  0.000000000  0.000000000  0.000000000
  0.000000000  0.000000000  0.000000000
  0.000000000  0.000000000  0.000000000
  0.000000000  0.000000000  0.000000000
  0.000000000  0.000000000  0.000000000
  0.000000000  0.000000000  0.000000000
  0.000000000  0.000000000  0.000000000
  0.000000000  0.000000000  0.000000000
  0.000000000  0.000000000  0.000000000
  0.000000000  0.000000000  0.000000000
  0.000000000  0.000000000  0.000000000
  0.000000000  0.000000000  0.000000000
  0.000000000  0.000000000  0.000000000
  0.000000000  0.000000000  0.000000000
  0.000000000  0.000000000  0.000000000
  0.000000000  0.000000000  0.000000000
  0.000000000  0.000000000  0.000000000
  0.000000000  0.000000000  0.000000000
  0.000000000  0.000000000  0.000000000
  0.000000000  0.000000000  0.000000000
  0.000000000  0.000000000  0.000000000
  0.000000000  0.000000000  0.000000000
  0.000000000  0.000000000  0.000000000
  0.000000000  0.000000000  0.000000000
  0.000000000  0.000000000  0.000000000
  0.000000000  0.000000000  0.000000000
  0.000000000  0.000000000  0.000000000
  0.000000000  0.000000000  0.000000000
  0.000000000  0.000000000  0.000000000
  0.000000000  0.000000000  0.000000000
  0.000000000  0.000000000  0.000000000
  0.000000000  0.000000000  0.000000000
  0.000000000  0.000000000  0.000000000
  0.000000000  0.000000000  0.000000000
  0.000000000  0.000000000  0.000000000
  0.000000000  0.000000000  0.000000000
  0.000000000  0.000000000  0.000000000
  0.000000000  0.000000000  0.000000000
  0.000000000  0.000000000  0.000000000
  0.000000000  0.000000000  0.000000000
  0.000000000  0.000000000  0.000000000
   1.06000000000000     
   1.06000000000000     
   1.06000000000000     
   1.06000000000000     
   1.06000000000000     
   1.06000000000000     
   1.06000000000000     
   1.06000000000000     
   1.06000000000000     
   1.06000000000000     
   1.06000000000000     
   1.06000000000000     
   1.06000000000000     
   1.06000000000000     
   1.06000000000000     
   1.06000000000000     
   1.06000000000000     
   1.06000000000000     
   1.06000000000000     
   1.06000000000000     
   1.06000000000000     
   1.06000000000000     
   1.06000000000000     
   1.06000000000000     
   1.06000000000000     
   1.06000000000000     
   1.06000000000000     
   1.06000000000000     
   1.06000000000000     
   1.06000000000000     
   1.06000000000000     
   1.06000000000000     
   1.06000000000000     
   1.06000000000000     
   1.06000000000000     
   1.06000000000000     
   1.06000000000000     
   1.06000000000000     
   1.06000000000000     
   1.06000000000000     
   1.06000000000000     
   1.06000000000000     
   1.06000000000000     
   1.06000000000000     
   1.06000000000000     
   1.06000000000000     
   1.06000000000000     
   1.06000000000000     
   1.06000000000000     
   1.06000000000000     
   1.06000000000000     
   1.06000000000000     
   1.06000000000000     
   1.06000000000000     
   1.06000000000000     
   1.06000000000000     
   1.06000000000000     
   1.06000000000000     
   1.06000000000000     
   1.06000000000000     
   1.06000000000000     
   1.06000000000000     
   1.06000000000000     
   1.06000000000000     
   1.06000000000000     
   1.06000000000000     
   1.06000000000000     
   1.06000000000000     
   1.06000000000000     
   1.06000000000000     
   1.06000000000000     
   1.06000000000000     
   1.06000000000000     
   1.06000000000000     
   1.06000000000000     
   1.06000000000000     
   1.06000000000000     
   1.06000000000000     
   1.06000000000000     
   1.06000000000000     
   1.06000000000000     
   1.06000000000000     
   1.06000000000000     
   1.06000000000000     
   1.06000000000000     
   1.06000000000000     
   1.06000000000000     
   1.06000000000000     
   1.06000000000000     
   1.06000000000000     
   1.06000000000000     
   1.06000000000000     
   1.06000000000000     
   1.06000000000000     
   1.06000000000000     
   1.06000000000000     
   1.06000000000000     
   1.06000000000000     
   1.06000000000000     
   1.06000000000000     
   1.06000000000000     
   1.06000000000000     
   1.06000000000000     
   1.06000000000000     
   1.06000000000000     
   1.06000000000000     
   1.06000000000000     
   1.06000000000000     
   1.06000000000000     
   1.06000000000000     
   1.06000000000000     
   1.06000000000000     
   1.06000000000000     
   1.06000000000000     
   1.06000000000000     
   1.06000000000000     
   1.06000000000000     
   1.06000000000000     
   1.06000000000000     
   1.06000000000000     
   1.06000000000000     
   1.06000000000000     
   1.06000000000000     
   1.06000000000000     
   1.06000000000000     
   1.06000000000000     
   1.06000000000000     
   1.06000000000000     
   1.06000000000000     
   1.06000000000000     
   1.06000000000000     
   1.06000000000000     
   1.06000000000000     
   1.06000000000000     
   1.06000000000000     
   1.06000000000000     
   1.06000000000000     
   1.06000000000000     
   1.06000000000000     
   1.06000000000000     
   1.06000000000000     
   1.06000000000000     
   1.06000000000000     
   1.06000000000000     
   1.06000000000000     
   1.06000000000000     
   1.06000000000000     
   1.06000000000000     
   1.06000000000000     
   1.06000000000000     
   1.06000000000000     
   1.06000000000000     
   1.06000000000000     
   1.06000000000000     
   1.06000000000000     
   1.06000000000000     
   1.06000000000000     
   1.06000000000000     
   1.06000000000000     
   1.06000000000000     
   1.06000000000000     
  3.000000000000000E-002
  3.000000000000000E-002
  3.000000000000000E-002
  3.000000000000000E-002
  3.000000000000000E-002
  3.000000000000000E-002
  3.000000000000000E-002
  3.000000000000000E-002
  3.000000000000000E-002
  3.000000000000000E-002
  3.000000000000000E-002
  3.000000000000000E-002
  3.000000000000000E-002
  3.000000000000000E-002
  3.000000000000000E-002
  3.000000000000000E-002
  3.000000000000000E-002
  3.000000000000000E-002
  3.000000000000000E-002
  3.000000000000000E-002
  3.000000000000000E-002
  3.000000000000000E-002
  3.000000000000000E-002
  3.000000000000000E-002
  3.000000000000000E-002
  3.000000000000000E-002
  3.000000000000000E-002
  3.000000000000000E-002
  3.000000000000000E-002
  3.000000000000000E-002
  3.000000000000000E-002
  3.000000000000000E-002
  3.000000000000000E-002
  3.000000000000000E-002
  3.000000000000000E-002
  3.000000000000000E-002
  3.000000000000000E-002
  3.000000000000000E-002
  3.000000000000000E-002
  3.000000000000000E-002
  3.000000000000000E-002
  3.000000000000000E-002
  3.000000000000000E-002
  3.000000000000000E-002
  3.000000000000000E-002
  3.000000000000000E-002
  3.000000000000000E-002
  3.000000000000000E-002
  3.000000000000000E-002
  3.000000000000000E-002
  3.000000000000000E-002
  3.000000000000000E-002
  3.000000000000000E-002
  3.000000000000000E-002
  3.000000000000000E-002
  3.000000000000000E-002
  3.000000000000000E-002
  3.000000000000000E-002
  3.000000000000000E-002
  3.000000000000000E-002
  3.000000000000000E-002
  3.000000000000000E-002
  3.000000000000000E-002
  3.000000000000000E-002
  3.000000000000000E-002
  3.000000000000000E-002
  3.000000000000000E-002
  3.000000000000000E-002
  3.000000000000000E-002
  3.000000000000000E-002
  3.000000000000000E-002
  3.000000000000000E-002
  3.000000000000000E-002
  3.000000000000000E-002
  3.000000000000000E-002
  3.000000000000000E-002
  3.000000000000000E-002
  3.000000000000000E-002
  3.000000000000000E-002
  3.000000000000000E-002
  3.000000000000000E-002
  3.000000000000000E-002
  3.000000000000000E-002
  3.000000000000000E-002
  3.000000000000000E-002
  3.000000000000000E-002
  3.000000000000000E-002
  3.000000000000000E-002
  3.000000000000000E-002
  3.000000000000000E-002
  3.000000000000000E-002
  3.000000000000000E-002
  3.000000000000000E-002
  3.000000000000000E-002
  3.000000000000000E-002
  3.000000000000000E-002
  3.000000000000000E-002
  3.000000000000000E-002
  3.000000000000000E-002
  3.000000000000000E-002
  3.000000000000000E-002
  3.000000000000000E-002
  3.000000000000000E-002
  3.000000000000000E-002
  3.000000000000000E-002
  3.000000000000000E-002
  3.000000000000000E-002
  3.000000000000000E-002
  3.000000000000000E-002
  3.000000000000000E-002
  3.000000000000000E-002
  3.000000000000000E-002
  3.000000000000000E-002
  3.000000000000000E-002
  3.000000000000000E-002
  3.000000000000000E-002
  3.000000000000000E-002
  3.000000000000000E-002
  3.000000000000000E-002
  3.000000000000000E-002
  3.000000000000000E-002
  3.000000000000000E-002
  3.000000000000000E-002
  3.000000000000000E-002
  3.000000000000000E-002
  3.000000000000000E-002
  3.000000000000000E-002
  3.000000000000000E-002
  3.000000000000000E-002
  3.000000000000000E-002
  3.000000000000000E-002
  3.000000000000000E-002
  3.000000000000000E-002
  3.000000000000000E-002
  3.000000000000000E-002
  3.000000000000000E-002
  3.000000000000000E-002
  3.000000000000000E-002
  3.000000000000000E-002
  3.000000000000000E-002
  3.000000000000000E-002
  3.000000000000000E-002
  3.000000000000000E-002
  3.000000000000000E-002
  3.000000000000000E-002
  3.000000000000000E-002
  3.000000000000000E-002
  3.000000000000000E-002
  3.000000000000000E-002
  3.000000000000000E-002
  3.000000000000000E-002
  3.000000000000000E-002
  3.000000000000000E-002
  3.000000000000000E-002
  3.000000000000000E-002
  3.000000000000000E-002
  3.000000000000000E-002
  3.000000000000000E-002
  3.000000000000000E-002
  3.000000000000000E-002
  3.000000000000000E-002
