           3
 2 1 2
   9   2  24
  0.000000000  0.000000000  0.000000000  0.250000000  0.250000000  0.500000000  0.500000000  0.750000000  0.750000000  1.000000000  1.000000000  1.000000000
  0.000000000  0.000000000  1.000000000  1.000000000
  0.613107822  0.613107822  0.613107822  0.613569095  0.614030367  0.614491639  0.614952912  0.615414184  0.615875457  0.616336729  0.616798001  0.617259274  0.617720546  0.618181818  0.618643091  0.619104363  0.619565635  0.620026908  0.620488180  0.620949452  0.621410725  0.621871997  0.622333270  0.622794542  0.623255814  0.623255814  0.623255814
 -0.181843188000E+02 -0.395741668100E+01  0.306580455820E+02  0.100000000000E+01
 -0.181843188000E+02 -0.395741668100E+01  0.306580455820E+02  0.707106395444E+00
 -0.181843188000E+02 -0.395741668100E+01  0.306580455820E+02  0.100000000000E+01
 -0.181843188000E+02 -0.395741668100E+01  0.306580455820E+02  0.707106803885E+00
 -0.181843188000E+02 -0.395741668100E+01  0.306580455820E+02  0.100000000000E+01
 -0.181843188000E+02 -0.395741668100E+01  0.306580455820E+02  0.707107344572E+00
 -0.181843188000E+02 -0.395741668100E+01  0.306580455820E+02  0.100000000000E+01
 -0.181843188000E+02 -0.395741668100E+01  0.306580455820E+02  0.707106721552E+00
 -0.181843188000E+02 -0.395741668100E+01  0.306580455820E+02  0.100000000000E+01
 -0.181034882670E+02 -0.409703267400E+01  0.311195121270E+02  0.100000000000E+01
 -0.180635528050E+02 -0.334718118900E+01  0.317725177830E+02  0.707106395444E+00
 -0.182225509880E+02 -0.275995682200E+01  0.310270305250E+02  0.100000000000E+01
 -0.184304503540E+02 -0.237752143800E+01  0.298522270000E+02  0.707106803885E+00
 -0.183220587010E+02 -0.371950198900E+01  0.298716738620E+02  0.100000000000E+01
 -0.172903124390E+02 -0.395195337900E+01  0.296487584900E+02  0.707107344572E+00
 -0.176211871920E+02 -0.408067466400E+01  0.305221157660E+02  0.100000000000E+01
 -0.178598935720E+02 -0.409000053300E+01  0.308226378170E+02  0.707106721552E+00
 -0.181034882670E+02 -0.409703267400E+01  0.311195121270E+02  0.100000000000E+01
 -0.180050654310E+02 -0.372460203900E+01  0.306971423960E+02  0.100000000000E+01
 -0.180050654310E+02 -0.372460203900E+01  0.306971423960E+02  0.707106422212E+00
 -0.180050654310E+02 -0.372460203900E+01  0.306971423960E+02  0.100000000000E+01
 -0.180050654310E+02 -0.372460203900E+01  0.306971423960E+02  0.707106981481E+00
 -0.180050654310E+02 -0.372460203900E+01  0.306971423960E+02  0.100000000000E+01
 -0.180050654310E+02 -0.372460203900E+01  0.306971423960E+02  0.707107177154E+00
 -0.180050654310E+02 -0.372460203900E+01  0.306971423960E+02  0.100000000000E+01
 -0.180050654310E+02 -0.372460203900E+01  0.306971423960E+02  0.707106071930E+00
 -0.180050654310E+02 -0.372460203900E+01  0.306971423960E+02  0.100000000000E+01
 -0.179356642700E+02 -0.385392999500E+01  0.311077486880E+02  0.100000000000E+01
 -0.179551414480E+02 -0.325173662600E+01  0.316166555220E+02  0.707106422212E+00
 -0.180996334330E+02 -0.274758436400E+01  0.310208548500E+02  0.100000000000E+01
 -0.183080836840E+02 -0.222525553500E+01  0.299352505210E+02  0.707106981481E+00
 -0.181362278670E+02 -0.348018515200E+01  0.299211360900E+02  0.100000000000E+01
 -0.173678897010E+02 -0.374286958700E+01  0.298381399840E+02  0.707107177154E+00
 -0.174874230330E+02 -0.388114816800E+01  0.305603416130E+02  0.100000000000E+01
 -0.176826733980E+02 -0.388399473500E+01  0.308569996260E+02  0.707106071930E+00
 -0.179356642700E+02 -0.385392999500E+01  0.311077486880E+02  0.100000000000E+01
 -0.178170692810E+02 -0.349942613900E+01  0.307398063690E+02  0.100000000000E+01
 -0.178170692810E+02 -0.349942613900E+01  0.307398063690E+02  0.707107353010E+00
 -0.178170692810E+02 -0.349942613900E+01  0.307398063690E+02  0.100000000000E+01
 -0.178170692810E+02 -0.349942613900E+01  0.307398063690E+02  0.707106642257E+00
 -0.178170692810E+02 -0.349942613900E+01  0.307398063690E+02  0.100000000000E+01
 -0.178170692810E+02 -0.349942613900E+01  0.307398063690E+02  0.707106165629E+00
 -0.178170692810E+02 -0.349942613900E+01  0.307398063690E+02  0.100000000000E+01
 -0.178170692810E+02 -0.349942613900E+01  0.307398063690E+02  0.707106414281E+00
 -0.178170692810E+02 -0.349942613900E+01  0.307398063690E+02  0.100000000000E+01
 -0.177545644790E+02 -0.363316736300E+01  0.311388937660E+02  0.100000000000E+01
 -0.178268654760E+02 -0.312975647700E+01  0.314612066140E+02  0.707107353010E+00
 -0.179506446990E+02 -0.270679795100E+01  0.310263520160E+02  0.100000000000E+01
 -0.181554968110E+02 -0.210657643400E+01  0.300823882300E+02  0.707106642257E+00
 -0.179477316790E+02 -0.321985291400E+01  0.299055546400E+02  0.100000000000E+01
 -0.172339014240E+02 -0.352848377000E+01  0.298305904210E+02  0.707106165629E+00
 -0.172528712990E+02 -0.371656021300E+01  0.305786759080E+02  0.100000000000E+01
 -0.174148435750E+02 -0.373713057100E+01  0.309400765140E+02  0.707106414281E+00
 -0.177545644790E+02 -0.363316736300E+01  0.311388937660E+02  0.100000000000E+01
 -0.176218128600E+02 -0.328110178000E+01  0.307854031530E+02  0.100000000000E+01
 -0.176218128600E+02 -0.328110178000E+01  0.307854031530E+02  0.707106208797E+00
 -0.176218128600E+02 -0.328110178000E+01  0.307854031530E+02  0.100000000000E+01
 -0.176218128600E+02 -0.328110178000E+01  0.307854031530E+02  0.707107084135E+00
 -0.176218128600E+02 -0.328110178000E+01  0.307854031530E+02  0.100000000000E+01
 -0.176218128600E+02 -0.328110178000E+01  0.307854031530E+02  0.707107216737E+00
 -0.176218128600E+02 -0.328110178000E+01  0.307854031530E+02  0.100000000000E+01
 -0.176218128600E+02 -0.328110178000E+01  0.307854031530E+02  0.707106611492E+00
 -0.176218128600E+02 -0.328110178000E+01  0.307854031530E+02  0.100000000000E+01
 -0.175642119830E+02 -0.342039927500E+01  0.311807485160E+02  0.100000000000E+01
 -0.176750058420E+02 -0.297467867400E+01  0.313535098100E+02  0.707106208797E+00
 -0.177905563780E+02 -0.260211807900E+01  0.310492230960E+02  0.100000000000E+01
 -0.179865980140E+02 -0.202144231400E+01  0.302631424970E+02  0.707107084135E+00
 -0.177555246690E+02 -0.295774293900E+01  0.298676645180E+02  0.100000000000E+01
 -0.170433002960E+02 -0.333589903300E+01  0.298148921460E+02  0.707107216737E+00
 -0.169736291400E+02 -0.358363052800E+01  0.305843698140E+02  0.100000000000E+01
 -0.170930840500E+02 -0.364839148000E+01  0.310644078310E+02  0.707106611492E+00
 -0.175642119830E+02 -0.342039927500E+01  0.311807485160E+02  0.100000000000E+01
 -0.174204443430E+02 -0.306893097600E+01  0.308334220490E+02  0.100000000000E+01
 -0.174204443430E+02 -0.306893097600E+01  0.308334220490E+02  0.707106603962E+00
 -0.174204443430E+02 -0.306893097600E+01  0.308334220490E+02  0.100000000000E+01
 -0.174204443430E+02 -0.306893097600E+01  0.308334220490E+02  0.707106972021E+00
 -0.174204443430E+02 -0.306893097600E+01  0.308334220490E+02  0.100000000000E+01
 -0.174204443430E+02 -0.306893097600E+01  0.308334220490E+02  0.707106904308E+00
 -0.174204443430E+02 -0.306893097600E+01  0.308334220490E+02  0.100000000000E+01
 -0.174204443430E+02 -0.306893097600E+01  0.308334220490E+02  0.707106568605E+00
 -0.174204443430E+02 -0.306893097600E+01  0.308334220490E+02  0.100000000000E+01
 -0.173665110390E+02 -0.321445721000E+01  0.312297103320E+02  0.100000000000E+01
 -0.175095023100E+02 -0.279159512000E+01  0.313613775380E+02  0.707106603962E+00
 -0.176361863400E+02 -0.242886695100E+01  0.310978296420E+02  0.100000000000E+01
 -0.178207413000E+02 -0.191138404700E+01  0.303644994040E+02  0.707106972021E+00
 -0.175431895900E+02 -0.273773298600E+01  0.299315234260E+02  0.100000000000E+01
 -0.168564805530E+02 -0.315286934300E+01  0.298344465870E+02  0.707106904308E+00
 -0.167225940640E+02 -0.345245606700E+01  0.305976074920E+02  0.100000000000E+01
 -0.167755883790E+02 -0.358782775300E+01  0.312039054570E+02  0.707106568605E+00
 -0.173665110390E+02 -0.321445721000E+01  0.312297103320E+02  0.100000000000E+01
 -0.172138667080E+02 -0.286229948600E+01  0.308834421560E+02  0.100000000000E+01
 -0.172138667080E+02 -0.286229948600E+01  0.308834421560E+02  0.707106767451E+00
 -0.172138667080E+02 -0.286229948600E+01  0.308834421560E+02  0.100000000000E+01
 -0.172138667080E+02 -0.286229948600E+01  0.308834421560E+02  0.707106906996E+00
 -0.172138667080E+02 -0.286229948600E+01  0.308834421560E+02  0.100000000000E+01
 -0.172138667080E+02 -0.286229948600E+01  0.308834421560E+02  0.707106756641E+00
 -0.172138667080E+02 -0.286229948600E+01  0.308834421560E+02  0.100000000000E+01
 -0.172138667080E+02 -0.286229948600E+01  0.308834421560E+02  0.707106450183E+00
 -0.172138667080E+02 -0.286229948600E+01  0.308834421560E+02  0.100000000000E+01
 -0.171611785040E+02 -0.301917611800E+01  0.312960770480E+02  0.100000000000E+01
 -0.173475466040E+02 -0.259016615800E+01  0.314744983460E+02  0.707106767451E+00
 -0.174854968790E+02 -0.223794415800E+01  0.311554948990E+02  0.100000000000E+01
 -0.176606797650E+02 -0.176460942000E+01  0.304114643570E+02  0.707106906996E+00
 -0.173246873720E+02 -0.253234031800E+01  0.300155451670E+02  0.100000000000E+01
 -0.166849608770E+02 -0.297226880100E+01  0.298978522560E+02  0.707106756641E+00
 -0.164991778380E+02 -0.331599658600E+01  0.306196968520E+02  0.100000000000E+01
 -0.164714886870E+02 -0.353850365200E+01  0.313268608150E+02  0.707106450183E+00
 -0.171611785040E+02 -0.301917611800E+01  0.312960770480E+02  0.100000000000E+01
 -0.170028009650E+02 -0.266066637000E+01  0.309351068550E+02  0.100000000000E+01
 -0.170028009650E+02 -0.266066637000E+01  0.309351068550E+02  0.707106606760E+00
 -0.170028009650E+02 -0.266066637000E+01  0.309351068550E+02  0.100000000000E+01
 -0.170028009650E+02 -0.266066637000E+01  0.309351068550E+02  0.707107069789E+00
 -0.170028009650E+02 -0.266066637000E+01  0.309351068550E+02  0.100000000000E+01
 -0.170028009650E+02 -0.266066637000E+01  0.309351068550E+02  0.707106799858E+00
 -0.170028009650E+02 -0.266066637000E+01  0.309351068550E+02  0.100000000000E+01
 -0.170028009650E+02 -0.266066637000E+01  0.309351068550E+02  0.707106255697E+00
 -0.170028009650E+02 -0.266066637000E+01  0.309351068550E+02  0.100000000000E+01
 -0.169497949660E+02 -0.283308379600E+01  0.313754728450E+02  0.100000000000E+01
 -0.171890483980E+02 -0.239418314900E+01  0.315814840670E+02  0.707106606760E+00
 -0.173411052810E+02 -0.203895515700E+01  0.312192473860E+02  0.100000000000E+01
 -0.174890948850E+02 -0.163222447400E+01  0.304723213420E+02  0.707107069789E+00
 -0.171043827600E+02 -0.233025067900E+01  0.300912000350E+02  0.100000000000E+01
 -0.165223596260E+02 -0.279512561700E+01  0.300062612450E+02  0.707106799858E+00
 -0.162946841260E+02 -0.317325239300E+01  0.306491768410E+02  0.100000000000E+01
 -0.161444013320E+02 -0.353393658900E+01  0.314562437680E+02  0.707106255697E+00
 -0.169497949660E+02 -0.283308379600E+01  0.313754728450E+02  0.100000000000E+01
 -0.167878314740E+02 -0.246355193200E+01  0.309881038360E+02  0.100000000000E+01
 -0.167878314740E+02 -0.246355193200E+01  0.309881038360E+02  0.707107040288E+00
 -0.167878314740E+02 -0.246355193200E+01  0.309881038360E+02  0.100000000000E+01
 -0.167878314740E+02 -0.246355193200E+01  0.309881038360E+02  0.707106912114E+00
 -0.167878314740E+02 -0.246355193200E+01  0.309881038360E+02  0.100000000000E+01
 -0.167878314740E+02 -0.246355193200E+01  0.309881038360E+02  0.707106577953E+00
 -0.167878314740E+02 -0.246355193200E+01  0.309881038360E+02  0.100000000000E+01
 -0.167878314740E+02 -0.246355193200E+01  0.309881038360E+02  0.707106401086E+00
 -0.167878314740E+02 -0.246355193200E+01  0.309881038360E+02  0.100000000000E+01
 -0.167349524390E+02 -0.264967325300E+01  0.314516783780E+02  0.100000000000E+01
 -0.170267501100E+02 -0.221916135600E+01  0.316936547800E+02  0.707107040288E+00
 -0.171757094470E+02 -0.188193535900E+01  0.312658631240E+02  0.100000000000E+01
 -0.173465213220E+02 -0.143849274100E+01  0.305089579080E+02  0.707106912114E+00
 -0.168804739570E+02 -0.213748051300E+01  0.301759535880E+02  0.100000000000E+01
 -0.163686985650E+02 -0.261310381000E+01  0.301432408540E+02  0.707106577953E+00
 -0.160839077200E+02 -0.303955720200E+01  0.306765461970E+02  0.100000000000E+01
 -0.157852516770E+02 -0.358884897800E+01  0.315837944360E+02  0.707106401086E+00
 -0.167349524390E+02 -0.264967325300E+01  0.314516783780E+02  0.100000000000E+01
 -0.165694391650E+02 -0.227052543500E+01  0.310421483130E+02  0.100000000000E+01
 -0.165694391650E+02 -0.227052543500E+01  0.310421483130E+02  0.707106910502E+00
 -0.165694391650E+02 -0.227052543500E+01  0.310421483130E+02  0.100000000000E+01
 -0.165694391650E+02 -0.227052543500E+01  0.310421483130E+02  0.707106606306E+00
 -0.165694391650E+02 -0.227052543500E+01  0.310421483130E+02  0.100000000000E+01
 -0.165694391650E+02 -0.227052543500E+01  0.310421483130E+02  0.707106726704E+00
 -0.165694391650E+02 -0.227052543500E+01  0.310421483130E+02  0.100000000000E+01
 -0.165694391650E+02 -0.227052543500E+01  0.310421483130E+02  0.707106913705E+00
 -0.165694391650E+02 -0.227052543500E+01  0.310421483130E+02  0.100000000000E+01
 -0.165179481960E+02 -0.246475109700E+01  0.315156247620E+02  0.100000000000E+01
 -0.168472522720E+02 -0.206236185300E+01  0.317405694800E+02  0.707106910502E+00
 -0.169953398680E+02 -0.174283468000E+01  0.313049306820E+02  0.100000000000E+01
 -0.171521445020E+02 -0.133175723000E+01  0.305618660420E+02  0.707106606306E+00
 -0.166570023270E+02 -0.194023199500E+01  0.302369713050E+02  0.100000000000E+01
 -0.161947086930E+02 -0.243942066000E+01  0.302633848260E+02  0.707106726704E+00
 -0.158858060360E+02 -0.289931573700E+01  0.307098657780E+02  0.100000000000E+01
 -0.154914828940E+02 -0.359179656500E+01  0.316376078160E+02  0.707106913705E+00
 -0.165179481960E+02 -0.246475109700E+01  0.315156247620E+02  0.100000000000E+01
 -0.163480264720E+02 -0.208119246900E+01  0.310969673280E+02  0.100000000000E+01
 -0.163480264720E+02 -0.208119246900E+01  0.310969673280E+02  0.707106991758E+00
 -0.163480264720E+02 -0.208119246900E+01  0.310969673280E+02  0.100000000000E+01
 -0.163480264720E+02 -0.208119246900E+01  0.310969673280E+02  0.707106560604E+00
 -0.163480264720E+02 -0.208119246900E+01  0.310969673280E+02  0.100000000000E+01
 -0.163480264720E+02 -0.208119246900E+01  0.310969673280E+02  0.707106634044E+00
 -0.163480264720E+02 -0.208119246900E+01  0.310969673280E+02  0.100000000000E+01
 -0.163480264720E+02 -0.208119246900E+01  0.310969673280E+02  0.707106938340E+00
 -0.163480264720E+02 -0.208119246900E+01  0.310969673280E+02  0.100000000000E+01
 -0.162995247010E+02 -0.227524883000E+01  0.315614656100E+02  0.100000000000E+01
 -0.166618824860E+02 -0.191219966900E+01  0.317904917610E+02  0.707106991758E+00
 -0.168150762950E+02 -0.159992425600E+01  0.313467984290E+02  0.100000000000E+01
 -0.169481947200E+02 -0.123347338300E+01  0.306375363680E+02  0.707106560604E+00
 -0.164327096770E+02 -0.174237184400E+01  0.302859583460E+02  0.100000000000E+01
 -0.160186354090E+02 -0.225697770100E+01  0.303637655610E+02  0.707106634044E+00
 -0.157021069210E+02 -0.274677540000E+01  0.307514577160E+02  0.100000000000E+01
 -0.153238134100E+02 -0.347018035300E+01  0.316846611620E+02  0.707106938340E+00
 -0.162995247010E+02 -0.227524883000E+01  0.315614656100E+02  0.100000000000E+01
 -0.161239370490E+02 -0.189518119800E+01  0.311522827320E+02  0.100000000000E+01
 -0.161239370490E+02 -0.189518119800E+01  0.311522827320E+02  0.707106973168E+00
 -0.161239370490E+02 -0.189518119800E+01  0.311522827320E+02  0.100000000000E+01
 -0.161239370490E+02 -0.189518119800E+01  0.311522827320E+02  0.707106985195E+00
 -0.161239370490E+02 -0.189518119800E+01  0.311522827320E+02  0.100000000000E+01
 -0.161239370490E+02 -0.189518119800E+01  0.311522827320E+02  0.707106638130E+00
 -0.161239370490E+02 -0.189518119800E+01  0.311522827320E+02  0.100000000000E+01
 -0.161239370490E+02 -0.189518119800E+01  0.311522827320E+02  0.707106528254E+00
 -0.161239370490E+02 -0.189518119800E+01  0.311522827320E+02  0.100000000000E+01
 -0.160779243080E+02 -0.208818607800E+01  0.316072693430E+02  0.100000000000E+01
 -0.164355045150E+02 -0.172859548300E+01  0.318639558710E+02  0.707106973168E+00
 -0.165814463180E+02 -0.141190485600E+01  0.314035563670E+02  0.100000000000E+01
 -0.167130703130E+02 -0.103386436200E+01  0.306809496500E+02  0.707106985195E+00
 -0.162007874330E+02 -0.157283104400E+01  0.303923795850E+02  0.100000000000E+01
 -0.158167492600E+02 -0.206013195000E+01  0.304529600540E+02  0.707106638130E+00
 -0.155369717410E+02 -0.251520573400E+01  0.308299084810E+02  0.100000000000E+01
 -0.151593353340E+02 -0.319974494600E+01  0.315724877440E+02  0.707106528254E+00
 -0.160779243080E+02 -0.208818607800E+01  0.316072693430E+02  0.100000000000E+01
 -0.158974728880E+02 -0.171212554700E+01  0.312077892630E+02  0.100000000000E+01
 -0.158974728880E+02 -0.171212554700E+01  0.312077892630E+02  0.707106352438E+00
 -0.158974728880E+02 -0.171212554700E+01  0.312077892630E+02  0.100000000000E+01
 -0.158974728880E+02 -0.171212554700E+01  0.312077892630E+02  0.707107171156E+00
 -0.158974728880E+02 -0.171212554700E+01  0.312077892630E+02  0.100000000000E+01
 -0.158974728880E+02 -0.171212554700E+01  0.312077892630E+02  0.707107169670E+00
 -0.158974728880E+02 -0.171212554700E+01  0.312077892630E+02  0.100000000000E+01
 -0.158974728880E+02 -0.171212554700E+01  0.312077892630E+02  0.707106431483E+00
 -0.158974728880E+02 -0.171212554700E+01  0.312077892630E+02  0.100000000000E+01
 -0.158515339880E+02 -0.191130854700E+01  0.316716450870E+02  0.100000000000E+01
 -0.162058368810E+02 -0.154691183700E+01  0.319313881360E+02  0.707106352438E+00
 -0.163342556340E+02 -0.124020797900E+01  0.314536907840E+02  0.100000000000E+01
 -0.164379759680E+02 -0.900665084000E+00  0.307671668060E+02  0.707107171156E+00
 -0.159664874680E+02 -0.141289472100E+01  0.305109408560E+02  0.100000000000E+01
 -0.156166037540E+02 -0.185427511800E+01  0.305214160870E+02  0.707107169670E+00
 -0.154423943280E+02 -0.220381150200E+01  0.309515854050E+02  0.100000000000E+01
 -0.154620885420E+02 -0.232607414600E+01  0.314327209960E+02  0.707106431483E+00
 -0.158515339880E+02 -0.191130854700E+01  0.316716450870E+02  0.100000000000E+01
 -0.156689115340E+02 -0.153164092700E+01  0.312631212470E+02  0.100000000000E+01
 -0.156689115340E+02 -0.153164092700E+01  0.312631212470E+02  0.707106520816E+00
 -0.156689115340E+02 -0.153164092700E+01  0.312631212470E+02  0.100000000000E+01
 -0.156689115340E+02 -0.153164092700E+01  0.312631212470E+02  0.707107096795E+00
 -0.156689115340E+02 -0.153164092700E+01  0.312631212470E+02  0.100000000000E+01
 -0.156689115340E+02 -0.153164092700E+01  0.312631212470E+02  0.707107077475E+00
 -0.156689115340E+02 -0.153164092700E+01  0.312631212470E+02  0.100000000000E+01
 -0.156689115340E+02 -0.153164092700E+01  0.312631212470E+02  0.707106429661E+00
 -0.156689115340E+02 -0.153164092700E+01  0.312631212470E+02  0.100000000000E+01
 -0.156196469240E+02 -0.174846334400E+01  0.317636433100E+02  0.100000000000E+01
 -0.159762497180E+02 -0.137080772500E+01  0.320198956790E+02  0.707106520816E+00
 -0.160786620240E+02 -0.107976897200E+01  0.314991985600E+02  0.100000000000E+01
 -0.161592538750E+02 -0.787578817000E+00  0.308838559690E+02  0.707107096795E+00
 -0.157305870930E+02 -0.126019932400E+01  0.306365128020E+02  0.100000000000E+01
 -0.153897422140E+02 -0.167995335900E+01  0.305829315030E+02  0.707107077475E+00
 -0.152880441280E+02 -0.195166140200E+01  0.310436834280E+02  0.100000000000E+01
 -0.153180485450E+02 -0.205791761600E+01  0.315145315690E+02  0.707106429661E+00
 -0.156196469240E+02 -0.174846334400E+01  0.317636433100E+02  0.100000000000E+01
 -0.154385028050E+02 -0.135332284200E+01  0.313178134400E+02  0.100000000000E+01
 -0.154385028050E+02 -0.135332284200E+01  0.313178134400E+02  0.707107132639E+00
 -0.154385028050E+02 -0.135332284200E+01  0.313178134400E+02  0.100000000000E+01
 -0.154385028050E+02 -0.135332284200E+01  0.313178134400E+02  0.707106872207E+00
 -0.154385028050E+02 -0.135332284200E+01  0.313178134400E+02  0.100000000000E+01
 -0.154385028050E+02 -0.135332284200E+01  0.313178134400E+02  0.707106349127E+00
 -0.154385028050E+02 -0.135332284200E+01  0.313178134400E+02  0.100000000000E+01
 -0.154385028050E+02 -0.135332284200E+01  0.313178134400E+02  0.707106770773E+00
 -0.154385028050E+02 -0.135332284200E+01  0.313178134400E+02  0.100000000000E+01
 -0.153813996230E+02 -0.160323396400E+01  0.318917441390E+02  0.100000000000E+01
 -0.157533487570E+02 -0.117867804300E+01  0.320898587090E+02  0.707107132639E+00
 -0.158542470080E+02 -0.885942705000E+00  0.315626935820E+02  0.100000000000E+01
 -0.158699256340E+02 -0.692093991000E+00  0.309954177200E+02  0.707106872207E+00
 -0.154939165580E+02 -0.111080924700E+01  0.307608720840E+02  0.100000000000E+01
 -0.151565662130E+02 -0.151236100400E+01  0.306351268000E+02  0.707106349127E+00
 -0.150523917870E+02 -0.178739035500E+01  0.310903879360E+02  0.100000000000E+01
 -0.150453928910E+02 -0.195511222000E+01  0.316092256410E+02  0.707106770773E+00
 -0.153813996230E+02 -0.160323396400E+01  0.318917441390E+02  0.100000000000E+01
 -0.152063855170E+02 -0.117687970600E+01  0.313713500490E+02  0.100000000000E+01
 -0.152063855170E+02 -0.117687970600E+01  0.313713500490E+02  0.707106370569E+00
 -0.152063855170E+02 -0.117687970600E+01  0.313713500490E+02  0.100000000000E+01
 -0.152063855170E+02 -0.117687970600E+01  0.313713500490E+02  0.707106931763E+00
 -0.152063855170E+02 -0.117687970600E+01  0.313713500490E+02  0.100000000000E+01
 -0.152063855170E+02 -0.117687970600E+01  0.313713500490E+02  0.707107240897E+00
 -0.152063855170E+02 -0.117687970600E+01  0.313713500490E+02  0.100000000000E+01
 -0.152063855170E+02 -0.117687970600E+01  0.313713500490E+02  0.707106581517E+00
 -0.152063855170E+02 -0.117687970600E+01  0.313713500490E+02  0.100000000000E+01
 -0.151445686000E+02 -0.144040420900E+01  0.319755625950E+02  0.100000000000E+01
 -0.155250502520E+02 -0.992256567000E+00  0.321634701050E+02  0.707106370569E+00
 -0.156230189970E+02 -0.699670671000E+00  0.316221074160E+02  0.100000000000E+01
 -0.155907997750E+02 -0.584548458000E+00  0.310967360530E+02  0.707106931763E+00
 -0.152596221910E+02 -0.949933458000E+00  0.308510031620E+02  0.100000000000E+01
 -0.149206496070E+02 -0.134646937600E+01  0.306745409360E+02  0.707107240897E+00
 -0.147917898070E+02 -0.165175505900E+01  0.311218177040E+02  0.100000000000E+01
 -0.147776466910E+02 -0.184299773700E+01  0.316958930000E+02  0.707106581517E+00
 -0.151445686000E+02 -0.144040420900E+01  0.319755625950E+02  0.100000000000E+01
 -0.149727687440E+02 -0.100189732000E+01  0.314231299830E+02  0.100000000000E+01
 -0.149727687440E+02 -0.100189732000E+01  0.314231299830E+02  0.707106888705E+00
 -0.149727687440E+02 -0.100189732000E+01  0.314231299830E+02  0.100000000000E+01
 -0.149727687440E+02 -0.100189732000E+01  0.314231299830E+02  0.707106760560E+00
 -0.149727687440E+02 -0.100189732000E+01  0.314231299830E+02  0.100000000000E+01
 -0.149727687440E+02 -0.100189732000E+01  0.314231299830E+02  0.707106731350E+00
 -0.149727687440E+02 -0.100189732000E+01  0.314231299830E+02  0.100000000000E+01
 -0.149727687440E+02 -0.100189732000E+01  0.314231299830E+02  0.707106749659E+00
 -0.149727687440E+02 -0.100189732000E+01  0.314231299830E+02  0.100000000000E+01
 -0.149068537910E+02 -0.126853582600E+01  0.320363367450E+02  0.100000000000E+01
 -0.153159279790E+02 -0.845213393000E+00  0.322120021390E+02  0.707106888705E+00
 -0.154187901480E+02 -0.555911189000E+00  0.316650005930E+02  0.100000000000E+01
 -0.153871171720E+02 -0.427799468000E+00  0.311312525700E+02  0.707106760560E+00
 -0.150286471240E+02 -0.775859190000E+00  0.309032948240E+02  0.100000000000E+01
 -0.147005557410E+02 -0.119729791700E+01  0.306884540200E+02  0.707106731350E+00
 -0.145659233410E+02 -0.152336825200E+01  0.311526478570E+02  0.100000000000E+01
 -0.145659680280E+02 -0.168449298800E+01  0.317340649710E+02  0.707106749659E+00
 -0.149068537910E+02 -0.126853582600E+01  0.320363367450E+02  0.100000000000E+01
 -0.147380416720E+02 -0.827698070000E+00  0.314724708240E+02  0.100000000000E+01
 -0.147380416720E+02 -0.827698070000E+00  0.314724708240E+02  0.707107052449E+00
 -0.147380416720E+02 -0.827698070000E+00  0.314724708240E+02  0.100000000000E+01
 -0.147380416720E+02 -0.827698070000E+00  0.314724708240E+02  0.707106832567E+00
 -0.147380416720E+02 -0.827698070000E+00  0.314724708240E+02  0.100000000000E+01
 -0.147380416720E+02 -0.827698070000E+00  0.314724708240E+02  0.707106450391E+00
 -0.147380416720E+02 -0.827698070000E+00  0.314724708240E+02  0.100000000000E+01
 -0.147380416720E+02 -0.827698070000E+00  0.314724708240E+02  0.707106812368E+00
 -0.147380416720E+02 -0.827698070000E+00  0.314724708240E+02  0.100000000000E+01
 -0.146638832610E+02 -0.110438206000E+01  0.321142726050E+02  0.100000000000E+01
 -0.151091623010E+02 -0.699431242000E+00  0.322763243380E+02  0.707107052449E+00
 -0.151996582230E+02 -0.426173712000E+00  0.316989090600E+02  0.100000000000E+01
 -0.151900147730E+02 -0.270858492000E+00  0.311709413600E+02  0.707106832567E+00
 -0.147952948120E+02 -0.614088725000E+00  0.309769789730E+02  0.100000000000E+01
 -0.144857796390E+02 -0.105583061700E+01  0.307411760680E+02  0.707106450391E+00
 -0.143488491480E+02 -0.138582848500E+01  0.311868879400E+02  0.100000000000E+01
 -0.143395160730E+02 -0.154635918800E+01  0.317814763120E+02  0.707106812368E+00
 -0.146638832610E+02 -0.110438206000E+01  0.321142726050E+02  0.100000000000E+01
 -0.145027852570E+02 -0.653359250000E+00  0.315186961070E+02  0.100000000000E+01
 -0.145027852570E+02 -0.653359250000E+00  0.315186961070E+02  0.707106688788E+00
 -0.145027852570E+02 -0.653359250000E+00  0.315186961070E+02  0.100000000000E+01
 -0.145027852570E+02 -0.653359250000E+00  0.315186961070E+02  0.707107135426E+00
 -0.145027852570E+02 -0.653359250000E+00  0.315186961070E+02  0.100000000000E+01
 -0.145027852570E+02 -0.653359250000E+00  0.315186961070E+02  0.707106857005E+00
 -0.145027852570E+02 -0.653359250000E+00  0.315186961070E+02  0.100000000000E+01
 -0.145027852570E+02 -0.653359250000E+00  0.315186961070E+02  0.707106582202E+00
 -0.145027852570E+02 -0.653359250000E+00  0.315186961070E+02  0.100000000000E+01
 -0.144201613690E+02 -0.930672501000E+00  0.321713465290E+02  0.100000000000E+01
 -0.149146900160E+02 -0.537900453000E+00  0.323217322150E+02  0.707106688788E+00
 -0.149986861600E+02 -0.281371784000E+00  0.317395343790E+02  0.100000000000E+01
 -0.149530717400E+02 -0.167419873000E+00  0.312448243840E+02  0.707107135426E+00
 -0.145623663460E+02 -0.453387563000E+00  0.310480669150E+02  0.100000000000E+01
 -0.142878281030E+02 -0.887155904000E+00  0.307958964980E+02  0.707106857005E+00
 -0.141362087720E+02 -0.124075071900E+01  0.312227034770E+02  0.100000000000E+01
 -0.140856454760E+02 -0.145822388700E+01  0.318592140870E+02  0.707106582202E+00
 -0.144201613690E+02 -0.930672501000E+00  0.321713465290E+02  0.100000000000E+01
 -0.142677271150E+02 -0.477826484000E+00  0.315612615220E+02  0.100000000000E+01
 -0.142677271150E+02 -0.477826484000E+00  0.315612615220E+02  0.707107033948E+00
 -0.142677271150E+02 -0.477826484000E+00  0.315612615220E+02  0.100000000000E+01
 -0.142677271150E+02 -0.477826484000E+00  0.315612615220E+02  0.707106549389E+00
 -0.142677271150E+02 -0.477826484000E+00  0.315612615220E+02  0.100000000000E+01
 -0.142677271150E+02 -0.477826484000E+00  0.315612615220E+02  0.707106414229E+00
 -0.142677271150E+02 -0.477826484000E+00  0.315612615220E+02  0.100000000000E+01
 -0.142677271150E+02 -0.477826484000E+00  0.315612615220E+02  0.707106973411E+00
 -0.142677271150E+02 -0.477826484000E+00  0.315612615220E+02  0.100000000000E+01
 -0.141755125070E+02 -0.751836684000E+00  0.322190360220E+02  0.100000000000E+01
 -0.146933063190E+02 -0.393657981000E+00  0.323390120260E+02  0.707107033948E+00
 -0.147866009220E+02 -0.146876857000E+00  0.317718681240E+02  0.100000000000E+01
 -0.146863721680E+02 -0.875225100000E-01  0.313329111320E+02  0.707106549389E+00
 -0.143268524300E+02 -0.302138050000E+00  0.311395140810E+02  0.100000000000E+01
 -0.140876650210E+02 -0.719530198000E+00  0.308611073260E+02  0.707106414229E+00
 -0.139317585200E+02 -0.107799168800E+01  0.312641501150E+02  0.100000000000E+01
 -0.138413665920E+02 -0.135085059600E+01  0.319377710550E+02  0.707106973411E+00
 -0.141755125070E+02 -0.751836684000E+00  0.322190360220E+02  0.100000000000E+01
 -0.140336352700E+02 -0.300103283000E+00  0.315998727410E+02  0.100000000000E+01
 -0.140336352700E+02 -0.300103283000E+00  0.315998727410E+02  0.707106601520E+00
 -0.140336352700E+02 -0.300103283000E+00  0.315998727410E+02  0.100000000000E+01
 -0.140336352700E+02 -0.300103283000E+00  0.315998727410E+02  0.707106755273E+00
 -0.140336352700E+02 -0.300103283000E+00  0.315998727410E+02  0.100000000000E+01
 -0.140336352700E+02 -0.300103283000E+00  0.315998727410E+02  0.707106911489E+00
 -0.140336352700E+02 -0.300103283000E+00  0.315998727410E+02  0.100000000000E+01
 -0.140336352700E+02 -0.300103283000E+00  0.315998727410E+02  0.707106802601E+00
 -0.140336352700E+02 -0.300103283000E+00  0.315998727410E+02  0.100000000000E+01
 -0.139324212190E+02 -0.565173054000E+00  0.322513813300E+02  0.100000000000E+01
 -0.144307097180E+02 -0.257446608000E+00  0.322966110020E+02  0.707106601520E+00
 -0.145245013400E+02 -0.392219560000E-01  0.317822710820E+02  0.100000000000E+01
 -0.144300007520E+02  0.220295240000E-01  0.313835583580E+02  0.707106755273E+00
 -0.140960677760E+02 -0.136598067000E+00  0.311979969620E+02  0.100000000000E+01
 -0.138830092280E+02 -0.552362932000E+00  0.309034821710E+02  0.707106911489E+00
 -0.137322293450E+02 -0.899037514000E+00  0.313093687540E+02  0.100000000000E+01
 -0.136191778940E+02 -0.118977374100E+01  0.319745773780E+02  0.707106802601E+00
 -0.139324212190E+02 -0.565173054000E+00  0.322513813300E+02  0.100000000000E+01
 -0.138011862210E+02 -0.119435339000E+00  0.316345359690E+02  0.100000000000E+01
 -0.138011862210E+02 -0.119435339000E+00  0.316345359690E+02  0.707107430846E+00
 -0.138011862210E+02 -0.119435339000E+00  0.316345359690E+02  0.100000000000E+01
 -0.138011862210E+02 -0.119435339000E+00  0.316345359690E+02  0.707106803141E+00
 -0.138011862210E+02 -0.119435339000E+00  0.316345359690E+02  0.100000000000E+01
 -0.138011862210E+02 -0.119435339000E+00  0.316345359690E+02  0.707106115717E+00
 -0.138011862210E+02 -0.119435339000E+00  0.316345359690E+02  0.100000000000E+01
 -0.138011862210E+02 -0.119435339000E+00  0.316345359690E+02  0.707106893916E+00
 -0.138011862210E+02 -0.119435339000E+00  0.316345359690E+02  0.100000000000E+01
 -0.136940820760E+02 -0.368027915000E+00  0.322612421850E+02  0.100000000000E+01
 -0.141641756160E+02 -0.115723678000E+00  0.322583885470E+02  0.707107430846E+00
 -0.142603073840E+02  0.782413130000E-01  0.317914123210E+02  0.100000000000E+01
 -0.142089396190E+02  0.169448627000E+00  0.314026209770E+02  0.707106803141E+00
 -0.138682957850E+02  0.363271660000E-01  0.312418571690E+02  0.100000000000E+01
 -0.136812342060E+02 -0.375786678000E+00  0.309793076490E+02  0.707106115717E+00
 -0.135296868700E+02 -0.719147310000E+00  0.313502520590E+02  0.100000000000E+01
 -0.133793866460E+02 -0.106494414500E+01  0.320418234310E+02  0.707106893916E+00
 -0.136940820760E+02 -0.368027915000E+00  0.322612421850E+02  0.100000000000E+01
 -0.135708657730E+02  0.645959750000E-01  0.316655186490E+02  0.100000000000E+01
 -0.135708657730E+02  0.645959750000E-01  0.316655186490E+02  0.707106103591E+00
 -0.135708657730E+02  0.645959750000E-01  0.316655186490E+02  0.100000000000E+01
 -0.135708657730E+02  0.645959750000E-01  0.316655186490E+02  0.707106982461E+00
 -0.135708657730E+02  0.645959750000E-01  0.316655186490E+02  0.100000000000E+01
 -0.135708657730E+02  0.645959750000E-01  0.316655186490E+02  0.707107475632E+00
 -0.135708657730E+02  0.645959750000E-01  0.316655186490E+02  0.100000000000E+01
 -0.135708657730E+02  0.645959750000E-01  0.316655186490E+02  0.707106593083E+00
 -0.135708657730E+02  0.645959750000E-01  0.316655186490E+02  0.100000000000E+01
 -0.134537424790E+02 -0.179215751000E+00  0.322958189340E+02  0.100000000000E+01
 -0.139141371490E+02  0.321787420000E-01  0.322543164600E+02  0.707106103591E+00
 -0.140365846890E+02  0.220530401000E+00  0.318123764300E+02  0.100000000000E+01
 -0.139985452230E+02  0.319720777000E+00  0.314353616530E+02  0.707106982461E+00
 -0.136393769510E+02  0.207213839000E+00  0.312968226980E+02  0.100000000000E+01
 -0.134731946230E+02 -0.204128700000E+00  0.310653292400E+02  0.707107475632E+00
 -0.133191653290E+02 -0.554689360000E+00  0.313791959530E+02  0.100000000000E+01
 -0.131189087920E+02 -0.991293316000E+00  0.321171693740E+02  0.707106593083E+00
 -0.134537424790E+02 -0.179215751000E+00  0.322958189340E+02  0.100000000000E+01
 -0.133429378860E+02  0.252092402000E+00  0.316932520400E+02  0.100000000000E+01
 -0.133429378860E+02  0.252092402000E+00  0.316932520400E+02  0.707106933161E+00
 -0.133429378860E+02  0.252092402000E+00  0.316932520400E+02  0.100000000000E+01
 -0.133429378860E+02  0.252092402000E+00  0.316932520400E+02  0.707106296484E+00
 -0.133429378860E+02  0.252092402000E+00  0.316932520400E+02  0.100000000000E+01
 -0.133429378860E+02  0.252092402000E+00  0.316932520400E+02  0.707106516539E+00
 -0.133429378860E+02  0.252092402000E+00  0.316932520400E+02  0.100000000000E+01
 -0.133429378860E+02  0.252092402000E+00  0.316932520400E+02  0.707106971489E+00
 -0.133429378860E+02  0.252092402000E+00  0.316932520400E+02  0.100000000000E+01
 -0.132152322940E+02  0.101818520000E-01  0.323334567820E+02  0.100000000000E+01
 -0.137110040470E+02  0.189746530000E+00  0.322895306390E+02  0.707106933161E+00
 -0.138898186160E+02  0.385473937000E+00  0.318527421160E+02  0.100000000000E+01
 -0.138838741960E+02  0.523289628000E+00  0.314033746940E+02  0.707106296484E+00
 -0.134174072890E+02  0.393159707000E+00  0.313199248570E+02  0.100000000000E+01
 -0.132613425940E+02 -0.399752700000E-01  0.311043036890E+02  0.707106516539E+00
 -0.130964784500E+02 -0.427139184000E+00  0.313874323110E+02  0.100000000000E+01
 -0.128880044890E+02 -0.858388786000E+00  0.321687901260E+02  0.707106971489E+00
 -0.132152322940E+02  0.101818520000E-01  0.323334567820E+02  0.100000000000E+01
 -0.131174733970E+02  0.442926068000E+00  0.317182282320E+02  0.100000000000E+01
 -0.131174733970E+02  0.442926068000E+00  0.317182282320E+02  0.707106385027E+00
 -0.131174733970E+02  0.442926068000E+00  0.317182282320E+02  0.100000000000E+01
 -0.131174733970E+02  0.442926068000E+00  0.317182282320E+02  0.707107138292E+00
 -0.131174733970E+02  0.442926068000E+00  0.317182282320E+02  0.100000000000E+01
 -0.131174733970E+02  0.442926068000E+00  0.317182282320E+02  0.707107299788E+00
 -0.131174733970E+02  0.442926068000E+00  0.317182282320E+02  0.100000000000E+01
 -0.131174733970E+02  0.442926068000E+00  0.317182282320E+02  0.707106603266E+00
 -0.131174733970E+02  0.442926068000E+00  0.317182282320E+02  0.100000000000E+01
 -0.129866817850E+02  0.216220312000E+00  0.323363397640E+02  0.100000000000E+01
 -0.135424396050E+02  0.350414656000E+00  0.323377079190E+02  0.707106385027E+00
 -0.137982707540E+02  0.549999203000E+00  0.319015546020E+02  0.100000000000E+01
 -0.137674599500E+02  0.703693134000E+00  0.313907765230E+02  0.707107138292E+00
 -0.131960408820E+02  0.579109395000E+00  0.313469241940E+02  0.100000000000E+01
 -0.130491170850E+02  0.103058619000E+00  0.310667074170E+02  0.707107299788E+00
 -0.128693327690E+02 -0.329889267000E+00  0.313822747940E+02  0.100000000000E+01
 -0.126533543330E+02 -0.742167852000E+00  0.322360596870E+02  0.707106603266E+00
 -0.129866817850E+02  0.216220312000E+00  0.323363397640E+02  0.100000000000E+01
           1
           2
           3
           4
           5
           6
           7
           8
           9
          10
          11
          12
          13
          14
          15
          16
          17
          18
          19
          20
          21
          22
          23
          24
          25
          26
          27
          28
          29
          30
          31
          32
          33
          34
          35
          36
          37
          38
          39
          40
          41
          42
          43
          44
          45
          46
          47
          48
          49
          50
          51
          52
          53
          54
          55
          56
          57
          58
          59
          60
          61
          62
          63
          64
          65
          66
          67
          68
          69
          70
          71
          72
          73
          74
          75
          76
          77
          78
          79
          80
          81
          82
          83
          84
          85
          86
          87
          88
          89
          90
          91
          92
          93
          94
          95
          96
          97
          98
          99
         100
         101
         102
         103
         104
         105
         106
         107
         108
         109
         110
         111
         112
         113
         114
         115
         116
         117
         118
         119
         120
         121
         122
         123
         124
         125
         126
         127
         128
         129
         130
         131
         132
         133
         134
         135
         136
         137
         138
         139
         140
         141
         142
         143
         144
         145
         146
         147
         148
         149
         150
         151
         152
         153
         154
         155
         156
         157
         158
         159
         160
         161
         162
         163
         164
         165
         166
         167
         168
         169
         170
         171
         172
         173
         174
         175
         176
         177
         178
         179
         180
         181
         182
         183
         184
         185
         186
         187
         188
         189
         190
         191
         192
         193
         194
         195
         196
         197
         198
         199
         200
         201
         202
         203
         204
         205
         206
         207
         208
         209
         210
         211
         212
         213
         214
         215
         216
         217
         218
         219
         220
         221
         222
         223
         224
         225
         226
         227
         228
         229
         230
         231
         232
         233
         234
         235
         236
         237
         238
         239
         240
         241
         242
         243
         244
         245
         246
         247
         248
         249
         250
         251
         252
         253
         254
         255
         256
         257
         258
         259
         260
         261
         262
         263
         264
         265
         266
         267
         268
         269
         270
         271
         272
         273
         274
         275
         276
         277
         278
         279
         280
         281
         282
         283
         284
         285
         286
         287
         288
         289
         290
         291
         292
         293
         294
         295
         296
         297
         298
         299
         300
         301
         302
         303
         304
         305
         306
         307
         308
         309
         310
         311
         312
         313
         314
         315
         316
         317
         318
         319
         320
         321
         322
         323
         324
         325
         326
         327
         328
         329
         330
         331
         332
         333
         334
         335
         336
         337
         338
         339
         340
         341
         342
         343
         344
         345
         346
         347
         348
         349
         350
         351
         352
         353
         354
         355
         356
         357
         358
         359
         360
         361
         362
         363
         364
         365
         366
         367
         368
         369
         370
         371
         372
         373
         374
         375
         376
         377
         378
         379
         380
         381
         382
         383
         384
         385
         386
         387
         388
         389
         390
         391
         392
         393
         394
         395
         396
         397
         398
         399
         400
         401
         402
         403
         404
         405
         406
         407
         408
         409
         410
         411
         412
         413
         414
         415
         416
         417
         418
         419
         420
         421
         422
         423
         424
         425
         426
         427
         428
         429
         430
         431
         432
 1 0 0
 0 0 0
 0 0 0
 0 0 0
 0 0 0
 0 0 0
 0 0 0
 0 0 0
 0 0 0
 0 0 0
 0 0 0
 0 0 0
 0 0 0
 0 0 0
 0 0 0
 0 0 0
 0 0 0
 0 0 0
 0 0 0
 0 0 0
 0 0 0
 0 0 0
 0 0 0
 0 0 0
 0 0 0
 0 0 0
 0 0 0
 0 0 0
 0 0 0
 0 0 0
 0 0 0
 0 0 0
 0 0 0
 0 0 0
 0 0 0
 0 0 0
 0 0 0
 0 0 0
 0 0 0
 0 0 0
 0 0 0
 0 0 0
 0 0 0
 0 0 0
 0 0 0
 0 0 0
 0 0 0
 0 0 0
 0 0 0
 0 0 0
 0 0 0
 0 0 0
 0 0 0
 0 0 0
 0 0 0
 0 0 0
 0 0 0
 0 0 0
 0 0 0
 0 0 0
 0 0 0
 0 0 0
 0 0 0
 0 0 0
 0 0 0
 0 0 0
 0 0 0
 0 0 0
 0 0 0
 0 0 0
 0 0 0
 0 0 0
 0 0 0
 0 0 0
 0 0 0
 0 0 0
 0 0 0
 0 0 0
 0 0 0
 0 0 0
 0 0 0
 0 0 0
 0 0 0
 0 0 0
 0 0 0
 0 0 0
 0 0 0
 0 0 0
 0 0 0
 0 0 0
 0 0 0
 0 0 0
 0 0 0
 0 0 0
 0 0 0
 0 0 0
 0 0 0
 0 0 0
 0 0 0
 0 0 0
 0 0 0
 0 0 0
 0 0 0
 0 0 0
 0 0 0
 0 0 0
 0 0 0
 0 0 0
 0 0 0
 0 0 0
 0 0 0
 0 0 0
 0 0 0
 0 0 0
 0 0 0
 0 0 0
 0 0 0
 0 0 0
 0 0 0
 0 0 0
 0 0 0
 0 0 0
 0 0 0
 0 0 0
 0 0 0
 0 0 0
 0 0 0
 0 0 0
 0 0 0
 0 0 0
 0 0 0
 0 0 0
 0 0 0
 0 0 0
 0 0 0
 0 0 0
 0 0 0
 0 0 0
 0 0 0
 0 0 0
 0 0 0
 0 0 0
 0 0 0
 0 0 0
 0 0 0
 0 0 0
 0 0 0
 0 0 0
 0 0 0
 0 0 0
 0 0 0
 0 0 0
 0 0 0
 0 0 0
 0 0 0
 0 0 0
 0 0 0
 0 0 0
 0 0 0
 0 0 0
 0 0 0
 0 0 0
 0 0 0
 0 0 0
 0 0 0
 0 0 0
 0 0 0
 0 0 0
 0 0 0
 0 0 0
 0 0 0
 0 0 0
 0 0 0
 0 0 0
 0 0 0
 0 0 0
 0 0 0
 0 0 0
 0 0 0
 0 0 0
 0 0 0
 0 0 0
 0 0 0
 0 0 0
 0 0 0
 0 0 0
 0 0 0
 0 0 0
 0 0 0
 0 0 0
 0 0 0
 0 0 0
 0 0 0
 0 0 0
 0 0 0
 0 0 0
 0 0 0
 0 0 0
 0 0 0
 0 0 0
 0 0 0
 0 0 0
 0 0 0
 0 0 0
 0 0 0
 0 0 0
 0 0 0
 0 0 0
 0 0 0
 0 0 0
 0 0 0
 0 0 0
 0 0 0
 0 0 0
 0 0 0
 0 0 0
 0 0 0
 0 0 0
 0 0 0
 0 0 0
 0 0 0
 0 0 0
 0 0 0
 0 0 0
 0 0 0
 0 0 0
 0 0 0
 0 0 0
 0 0 0
 0 0 0
 0 0 0
 0 0 0
 0 0 0
 0 0 0
 0 0 0
 0 0 0
 0 0 0
 0 0 0
 0 0 0
 0 0 0
 0 0 0
 0 0 0
 0 0 0
 0 0 0
 0 0 0
 0 0 0
 0 0 0
 0 0 0
 0 0 0
 0 0 0
 0 0 0
 0 0 0
 0 0 0
 0 0 0
 0 0 0
 0 0 0
 0 0 0
 0 0 0
 0 0 0
 0 0 0
 0 0 0
 0 0 0
 0 0 0
 0 0 0
 0 0 0
 0 0 0
 0 0 0
 0 0 0
 0 0 0
 0 0 0
 0 0 0
 0 0 0
 0 0 0
 0 0 0
 0 0 0
 0 0 0
 0 0 0
 0 0 0
 0 0 0
 0 0 0
 0 0 0
 0 0 0
 0 0 0
 0 0 0
 0 0 0
 0 0 0
 0 0 0
 0 0 0
 0 0 0
 0 0 0
 0 0 0
 0 0 0
 0 0 0
 0 0 0
 0 0 0
 0 0 0
 0 0 0
 0 0 0
 0 0 0
 0 0 0
 0 0 0
 0 0 0
 0 0 0
 0 0 0
 0 0 0
 0 0 0
 0 0 0
 0 0 0
 0 0 0
 0 0 0
 0 0 0
 0 0 0
 0 0 0
 0 0 0
 0 0 0
 0 0 0
 0 0 0
 0 0 0
 0 0 0
 0 0 0
 0 0 0
 0 0 0
 0 0 0
 0 0 0
 0 0 0
 0 0 0
 0 0 0
 0 0 0
 0 0 0
 0 0 0
 0 0 0
 0 0 0
 0 0 0
 0 0 0
 0 0 0
 0 0 0
 0 0 0
 0 0 0
 0 0 0
 0 0 0
 0 0 0
 0 0 0
 0 0 0
 0 0 0
 0 0 0
 0 0 0
 0 0 0
 0 0 0
 0 0 0
 0 0 0
 0 0 0
 0 0 0
 0 0 0
 0 0 0
 0 0 0
 0 0 0
 0 0 0
 0 0 0
 0 0 0
 0 0 0
 0 0 0
 0 0 0
 0 0 0
 0 0 0
 0 0 0
 0 0 0
 0 0 0
 0 0 0
 0 0 0
 0 0 0
 0 0 0
 0 0 0
 0 0 0
 0 0 0
 0 0 0
 0 0 0
 0 0 0
 0 0 0
 0 0 0
 0 0 0
 0 0 0
 0 0 0
 0 0 0
 0 0 0
 0 0 0
 0 0 0
 0 0 0
 0 0 0
 0 0 0
 0 0 0
 0 0 0
 0 0 0
 0 0 0
 0 0 0
 0 0 0
 0 0 0
 0 0 0
 0 0 0
 0 0 0
 0 0 0
 0 0 0
 0 0 0
 0 0 0
 0 0 0
 0 0 0
 0 0 0
 0 0 0
 0 0 0
 0 0 0
 0 0 0
 0 0 0
 0 0 0
 0 0 0
 0 0 0
 0 0 0
 0 0 0
 0 0 0
 0 0 0
 0 0 0
 0 0 0
 0 0 0
 0 0 0
 0 0 0
 0 0 0
 0 0 0
 0 0 0
 0 0 0
 0 0 0
 0 0 0
 0 0 0
 0 0 0
 0 0 0
 0 0 0
  0.000000000  0.000000000  0.000000000
  0.000000000  0.000000000  0.000000000
  0.000000000  0.000000000  0.000000000
  0.000000000  0.000000000  0.000000000
  0.000000000  0.000000000  0.000000000
  0.000000000  0.000000000  0.000000000
  0.000000000  0.000000000  0.000000000
  0.000000000  0.000000000  0.000000000
  0.000000000  0.000000000  0.000000000
  0.000000000  0.000000000  0.000000000
  0.000000000  0.000000000  0.000000000
  0.000000000  0.000000000  0.000000000
  0.000000000  0.000000000  0.000000000
  0.000000000  0.000000000  0.000000000
  0.000000000  0.000000000  0.000000000
  0.000000000  0.000000000  0.000000000
  0.000000000  0.000000000  0.000000000
  0.000000000  0.000000000  0.000000000
  0.000000000  0.000000000  0.000000000
  0.000000000  0.000000000  0.000000000
  0.000000000  0.000000000  0.000000000
  0.000000000  0.000000000  0.000000000
  0.000000000  0.000000000  0.000000000
  0.000000000  0.000000000  0.000000000
  0.000000000  0.000000000  0.000000000
  0.000000000  0.000000000  0.000000000
  0.000000000  0.000000000  0.000000000
  0.000000000  0.000000000  0.000000000
  0.000000000  0.000000000  0.000000000
  0.000000000  0.000000000  0.000000000
  0.000000000  0.000000000  0.000000000
  0.000000000  0.000000000  0.000000000
  0.000000000  0.000000000  0.000000000
  0.000000000  0.000000000  0.000000000
  0.000000000  0.000000000  0.000000000
  0.000000000  0.000000000  0.000000000
  0.000000000  0.000000000  0.000000000
  0.000000000  0.000000000  0.000000000
  0.000000000  0.000000000  0.000000000
  0.000000000  0.000000000  0.000000000
  0.000000000  0.000000000  0.000000000
  0.000000000  0.000000000  0.000000000
  0.000000000  0.000000000  0.000000000
  0.000000000  0.000000000  0.000000000
  0.000000000  0.000000000  0.000000000
  0.000000000  0.000000000  0.000000000
  0.000000000  0.000000000  0.000000000
  0.000000000  0.000000000  0.000000000
  0.000000000  0.000000000  0.000000000
  0.000000000  0.000000000  0.000000000
  0.000000000  0.000000000  0.000000000
  0.000000000  0.000000000  0.000000000
  0.000000000  0.000000000  0.000000000
  0.000000000  0.000000000  0.000000000
  0.000000000  0.000000000  0.000000000
  0.000000000  0.000000000  0.000000000
  0.000000000  0.000000000  0.000000000
  0.000000000  0.000000000  0.000000000
  0.000000000  0.000000000  0.000000000
  0.000000000  0.000000000  0.000000000
  0.000000000  0.000000000  0.000000000
  0.000000000  0.000000000  0.000000000
  0.000000000  0.000000000  0.000000000
  0.000000000  0.000000000  0.000000000
  0.000000000  0.000000000  0.000000000
  0.000000000  0.000000000  0.000000000
  0.000000000  0.000000000  0.000000000
  0.000000000  0.000000000  0.000000000
  0.000000000  0.000000000  0.000000000
  0.000000000  0.000000000  0.000000000
  0.000000000  0.000000000  0.000000000
  0.000000000  0.000000000  0.000000000
  0.000000000  0.000000000  0.000000000
  0.000000000  0.000000000  0.000000000
  0.000000000  0.000000000  0.000000000
  0.000000000  0.000000000  0.000000000
  0.000000000  0.000000000  0.000000000
  0.000000000  0.000000000  0.000000000
  0.000000000  0.000000000  0.000000000
  0.000000000  0.000000000  0.000000000
  0.000000000  0.000000000  0.000000000
  0.000000000  0.000000000  0.000000000
  0.000000000  0.000000000  0.000000000
  0.000000000  0.000000000  0.000000000
  0.000000000  0.000000000  0.000000000
  0.000000000  0.000000000  0.000000000
  0.000000000  0.000000000  0.000000000
  0.000000000  0.000000000  0.000000000
  0.000000000  0.000000000  0.000000000
  0.000000000  0.000000000  0.000000000
  0.000000000  0.000000000  0.000000000
  0.000000000  0.000000000  0.000000000
  0.000000000  0.000000000  0.000000000
  0.000000000  0.000000000  0.000000000
  0.000000000  0.000000000  0.000000000
  0.000000000  0.000000000  0.000000000
  0.000000000  0.000000000  0.000000000
  0.000000000  0.000000000  0.000000000
  0.000000000  0.000000000  0.000000000
  0.000000000  0.000000000  0.000000000
  0.000000000  0.000000000  0.000000000
  0.000000000  0.000000000  0.000000000
  0.000000000  0.000000000  0.000000000
  0.000000000  0.000000000  0.000000000
  0.000000000  0.000000000  0.000000000
  0.000000000  0.000000000  0.000000000
  0.000000000  0.000000000  0.000000000
  0.000000000  0.000000000  0.000000000
  0.000000000  0.000000000  0.000000000
  0.000000000  0.000000000  0.000000000
  0.000000000  0.000000000  0.000000000
  0.000000000  0.000000000  0.000000000
  0.000000000  0.000000000  0.000000000
  0.000000000  0.000000000  0.000000000
  0.000000000  0.000000000  0.000000000
  0.000000000  0.000000000  0.000000000
  0.000000000  0.000000000  0.000000000
  0.000000000  0.000000000  0.000000000
  0.000000000  0.000000000  0.000000000
  0.000000000  0.000000000  0.000000000
  0.000000000  0.000000000  0.000000000
  0.000000000  0.000000000  0.000000000
  0.000000000  0.000000000  0.000000000
  0.000000000  0.000000000  0.000000000
  0.000000000  0.000000000  0.000000000
  0.000000000  0.000000000  0.000000000
  0.000000000  0.000000000  0.000000000
  0.000000000  0.000000000  0.000000000
  0.000000000  0.000000000  0.000000000
  0.000000000  0.000000000  0.000000000
  0.000000000  0.000000000  0.000000000
  0.000000000  0.000000000  0.000000000
  0.000000000  0.000000000  0.000000000
  0.000000000  0.000000000  0.000000000
  0.000000000  0.000000000  0.000000000
  0.000000000  0.000000000  0.000000000
  0.000000000  0.000000000  0.000000000
  0.000000000  0.000000000  0.000000000
  0.000000000  0.000000000  0.000000000
  0.000000000  0.000000000  0.000000000
  0.000000000  0.000000000  0.000000000
  0.000000000  0.000000000  0.000000000
  0.000000000  0.000000000  0.000000000
  0.000000000  0.000000000  0.000000000
  0.000000000  0.000000000  0.000000000
  0.000000000  0.000000000  0.000000000
  0.000000000  0.000000000  0.000000000
  0.000000000  0.000000000  0.000000000
  0.000000000  0.000000000  0.000000000
  0.000000000  0.000000000  0.000000000
  0.000000000  0.000000000  0.000000000
  0.000000000  0.000000000  0.000000000
  0.000000000  0.000000000  0.000000000
  0.000000000  0.000000000  0.000000000
  0.000000000  0.000000000  0.000000000
  0.000000000  0.000000000  0.000000000
  0.000000000  0.000000000  0.000000000
  0.000000000  0.000000000  0.000000000
  0.000000000  0.000000000  0.000000000
  0.000000000  0.000000000  0.000000000
  0.000000000  0.000000000  0.000000000
  0.000000000  0.000000000  0.000000000
  0.000000000  0.000000000  0.000000000
  0.000000000  0.000000000  0.000000000
  0.000000000  0.000000000  0.000000000
  0.000000000  0.000000000  0.000000000
  0.000000000  0.000000000  0.000000000
  0.000000000  0.000000000  0.000000000
  0.000000000  0.000000000  0.000000000
  0.000000000  0.000000000  0.000000000
  0.000000000  0.000000000  0.000000000
  0.000000000  0.000000000  0.000000000
  0.000000000  0.000000000  0.000000000
  0.000000000  0.000000000  0.000000000
  0.000000000  0.000000000  0.000000000
  0.000000000  0.000000000  0.000000000
  0.000000000  0.000000000  0.000000000
  0.000000000  0.000000000  0.000000000
  0.000000000  0.000000000  0.000000000
  0.000000000  0.000000000  0.000000000
  0.000000000  0.000000000  0.000000000
  0.000000000  0.000000000  0.000000000
  0.000000000  0.000000000  0.000000000
  0.000000000  0.000000000  0.000000000
  0.000000000  0.000000000  0.000000000
  0.000000000  0.000000000  0.000000000
  0.000000000  0.000000000  0.000000000
  0.000000000  0.000000000  0.000000000
  0.000000000  0.000000000  0.000000000
  0.000000000  0.000000000  0.000000000
  0.000000000  0.000000000  0.000000000
  0.000000000  0.000000000  0.000000000
  0.000000000  0.000000000  0.000000000
  0.000000000  0.000000000  0.000000000
  0.000000000  0.000000000  0.000000000
  0.000000000  0.000000000  0.000000000
  0.000000000  0.000000000  0.000000000
  0.000000000  0.000000000  0.000000000
  0.000000000  0.000000000  0.000000000
  0.000000000  0.000000000  0.000000000
  0.000000000  0.000000000  0.000000000
  0.000000000  0.000000000  0.000000000
  0.000000000  0.000000000  0.000000000
  0.000000000  0.000000000  0.000000000
  0.000000000  0.000000000  0.000000000
  0.000000000  0.000000000  0.000000000
  0.000000000  0.000000000  0.000000000
  0.000000000  0.000000000  0.000000000
  0.000000000  0.000000000  0.000000000
  0.000000000  0.000000000  0.000000000
  0.000000000  0.000000000  0.000000000
  0.000000000  0.000000000  0.000000000
  0.000000000  0.000000000  0.000000000
  0.000000000  0.000000000  0.000000000
  0.000000000  0.000000000  0.000000000
  0.000000000  0.000000000  0.000000000
  0.000000000  0.000000000  0.000000000
  0.000000000  0.000000000  0.000000000
  0.000000000  0.000000000  0.000000000
  0.000000000  0.000000000  0.000000000
  0.000000000  0.000000000  0.000000000
  0.000000000  0.000000000  0.000000000
  0.000000000  0.000000000  0.000000000
  0.000000000  0.000000000  0.000000000
  0.000000000  0.000000000  0.000000000
  0.000000000  0.000000000  0.000000000
  0.000000000  0.000000000  0.000000000
  0.000000000  0.000000000  0.000000000
  0.000000000  0.000000000  0.000000000
  0.000000000  0.000000000  0.000000000
  0.000000000  0.000000000  0.000000000
  0.000000000  0.000000000  0.000000000
  0.000000000  0.000000000  0.000000000
  0.000000000  0.000000000  0.000000000
  0.000000000  0.000000000  0.000000000
  0.000000000  0.000000000  0.000000000
  0.000000000  0.000000000  0.000000000
  0.000000000  0.000000000  0.000000000
  0.000000000  0.000000000  0.000000000
  0.000000000  0.000000000  0.000000000
  0.000000000  0.000000000  0.000000000
  0.000000000  0.000000000  0.000000000
  0.000000000  0.000000000  0.000000000
  0.000000000  0.000000000  0.000000000
  0.000000000  0.000000000  0.000000000
  0.000000000  0.000000000  0.000000000
  0.000000000  0.000000000  0.000000000
  0.000000000  0.000000000  0.000000000
  0.000000000  0.000000000  0.000000000
  0.000000000  0.000000000  0.000000000
  0.000000000  0.000000000  0.000000000
  0.000000000  0.000000000  0.000000000
  0.000000000  0.000000000  0.000000000
  0.000000000  0.000000000  0.000000000
  0.000000000  0.000000000  0.000000000
  0.000000000  0.000000000  0.000000000
  0.000000000  0.000000000  0.000000000
  0.000000000  0.000000000  0.000000000
  0.000000000  0.000000000  0.000000000
  0.000000000  0.000000000  0.000000000
  0.000000000  0.000000000  0.000000000
  0.000000000  0.000000000  0.000000000
  0.000000000  0.000000000  0.000000000
  0.000000000  0.000000000  0.000000000
  0.000000000  0.000000000  0.000000000
  0.000000000  0.000000000  0.000000000
  0.000000000  0.000000000  0.000000000
  0.000000000  0.000000000  0.000000000
  0.000000000  0.000000000  0.000000000
  0.000000000  0.000000000  0.000000000
  0.000000000  0.000000000  0.000000000
  0.000000000  0.000000000  0.000000000
  0.000000000  0.000000000  0.000000000
  0.000000000  0.000000000  0.000000000
  0.000000000  0.000000000  0.000000000
  0.000000000  0.000000000  0.000000000
  0.000000000  0.000000000  0.000000000
  0.000000000  0.000000000  0.000000000
  0.000000000  0.000000000  0.000000000
  0.000000000  0.000000000  0.000000000
  0.000000000  0.000000000  0.000000000
  0.000000000  0.000000000  0.000000000
  0.000000000  0.000000000  0.000000000
  0.000000000  0.000000000  0.000000000
  0.000000000  0.000000000  0.000000000
  0.000000000  0.000000000  0.000000000
  0.000000000  0.000000000  0.000000000
  0.000000000  0.000000000  0.000000000
  0.000000000  0.000000000  0.000000000
  0.000000000  0.000000000  0.000000000
  0.000000000  0.000000000  0.000000000
  0.000000000  0.000000000  0.000000000
  0.000000000  0.000000000  0.000000000
  0.000000000  0.000000000  0.000000000
  0.000000000  0.000000000  0.000000000
  0.000000000  0.000000000  0.000000000
  0.000000000  0.000000000  0.000000000
  0.000000000  0.000000000  0.000000000
  0.000000000  0.000000000  0.000000000
  0.000000000  0.000000000  0.000000000
  0.000000000  0.000000000  0.000000000
  0.000000000  0.000000000  0.000000000
  0.000000000  0.000000000  0.000000000
  0.000000000  0.000000000  0.000000000
  0.000000000  0.000000000  0.000000000
  0.000000000  0.000000000  0.000000000
  0.000000000  0.000000000  0.000000000
  0.000000000  0.000000000  0.000000000
  0.000000000  0.000000000  0.000000000
  0.000000000  0.000000000  0.000000000
  0.000000000  0.000000000  0.000000000
  0.000000000  0.000000000  0.000000000
  0.000000000  0.000000000  0.000000000
  0.000000000  0.000000000  0.000000000
  0.000000000  0.000000000  0.000000000
  0.000000000  0.000000000  0.000000000
  0.000000000  0.000000000  0.000000000
  0.000000000  0.000000000  0.000000000
  0.000000000  0.000000000  0.000000000
  0.000000000  0.000000000  0.000000000
  0.000000000  0.000000000  0.000000000
  0.000000000  0.000000000  0.000000000
  0.000000000  0.000000000  0.000000000
  0.000000000  0.000000000  0.000000000
  0.000000000  0.000000000  0.000000000
  0.000000000  0.000000000  0.000000000
  0.000000000  0.000000000  0.000000000
  0.000000000  0.000000000  0.000000000
  0.000000000  0.000000000  0.000000000
  0.000000000  0.000000000  0.000000000
  0.000000000  0.000000000  0.000000000
  0.000000000  0.000000000  0.000000000
  0.000000000  0.000000000  0.000000000
  0.000000000  0.000000000  0.000000000
  0.000000000  0.000000000  0.000000000
  0.000000000  0.000000000  0.000000000
  0.000000000  0.000000000  0.000000000
  0.000000000  0.000000000  0.000000000
  0.000000000  0.000000000  0.000000000
  0.000000000  0.000000000  0.000000000
  0.000000000  0.000000000  0.000000000
  0.000000000  0.000000000  0.000000000
  0.000000000  0.000000000  0.000000000
  0.000000000  0.000000000  0.000000000
  0.000000000  0.000000000  0.000000000
  0.000000000  0.000000000  0.000000000
  0.000000000  0.000000000  0.000000000
  0.000000000  0.000000000  0.000000000
  0.000000000  0.000000000  0.000000000
  0.000000000  0.000000000  0.000000000
  0.000000000  0.000000000  0.000000000
  0.000000000  0.000000000  0.000000000
  0.000000000  0.000000000  0.000000000
  0.000000000  0.000000000  0.000000000
  0.000000000  0.000000000  0.000000000
  0.000000000  0.000000000  0.000000000
  0.000000000  0.000000000  0.000000000
  0.000000000  0.000000000  0.000000000
  0.000000000  0.000000000  0.000000000
  0.000000000  0.000000000  0.000000000
  0.000000000  0.000000000  0.000000000
  0.000000000  0.000000000  0.000000000
  0.000000000  0.000000000  0.000000000
  0.000000000  0.000000000  0.000000000
  0.000000000  0.000000000  0.000000000
  0.000000000  0.000000000  0.000000000
  0.000000000  0.000000000  0.000000000
  0.000000000  0.000000000  0.000000000
  0.000000000  0.000000000  0.000000000
  0.000000000  0.000000000  0.000000000
  0.000000000  0.000000000  0.000000000
  0.000000000  0.000000000  0.000000000
  0.000000000  0.000000000  0.000000000
  0.000000000  0.000000000  0.000000000
  0.000000000  0.000000000  0.000000000
  0.000000000  0.000000000  0.000000000
  0.000000000  0.000000000  0.000000000
  0.000000000  0.000000000  0.000000000
  0.000000000  0.000000000  0.000000000
  0.000000000  0.000000000  0.000000000
  0.000000000  0.000000000  0.000000000
  0.000000000  0.000000000  0.000000000
  0.000000000  0.000000000  0.000000000
  0.000000000  0.000000000  0.000000000
  0.000000000  0.000000000  0.000000000
  0.000000000  0.000000000  0.000000000
  0.000000000  0.000000000  0.000000000
  0.000000000  0.000000000  0.000000000
  0.000000000  0.000000000  0.000000000
  0.000000000  0.000000000  0.000000000
  0.000000000  0.000000000  0.000000000
  0.000000000  0.000000000  0.000000000
  0.000000000  0.000000000  0.000000000
  0.000000000  0.000000000  0.000000000
  0.000000000  0.000000000  0.000000000
  0.000000000  0.000000000  0.000000000
  0.000000000  0.000000000  0.000000000
  0.000000000  0.000000000  0.000000000
  0.000000000  0.000000000  0.000000000
  0.000000000  0.000000000  0.000000000
  0.000000000  0.000000000  0.000000000
  0.000000000  0.000000000  0.000000000
  0.000000000  0.000000000  0.000000000
  0.000000000  0.000000000  0.000000000
  0.000000000  0.000000000  0.000000000
  0.000000000  0.000000000  0.000000000
  0.000000000  0.000000000  0.000000000
  0.000000000  0.000000000  0.000000000
  0.000000000  0.000000000  0.000000000
  0.000000000  0.000000000  0.000000000
  0.000000000  0.000000000  0.000000000
  0.000000000  0.000000000  0.000000000
  0.000000000  0.000000000  0.000000000
  0.000000000  0.000000000  0.000000000
  0.000000000  0.000000000  0.000000000
  0.000000000  0.000000000  0.000000000
  0.000000000  0.000000000  0.000000000
  0.000000000  0.000000000  0.000000000
  0.000000000  0.000000000  0.000000000
  0.000000000  0.000000000  0.000000000
  0.000000000  0.000000000  0.000000000
  0.000000000  0.000000000  0.000000000
  0.000000000  0.000000000  0.000000000
  0.000000000  0.000000000  0.000000000
  0.000000000  0.000000000  0.000000000
  0.000000000  0.000000000  0.000000000
  0.000000000  0.000000000  0.000000000
  0.000000000  0.000000000  0.000000000
  0.000000000  0.000000000  0.000000000
  0.000000000  0.000000000  0.000000000
  0.000000000  0.000000000  0.000000000
  0.000000000  0.000000000  0.000000000
 0 0 0
 0 0 0
 0 0 0
 0 0 0
 0 0 0
 0 0 0
 0 0 0
 0 0 0
 0 0 0
 0 0 0
 0 0 0
 0 0 0
 0 0 0
 0 0 0
 0 0 0
 0 0 0
 0 0 0
 0 0 0
 0 0 0
 0 0 0
 0 0 0
 0 0 0
 0 0 0
 0 0 0
 0 0 0
 0 0 0
 0 0 0
 0 0 0
 0 0 0
 0 0 0
 0 0 0
 0 0 0
 0 0 0
 0 0 0
 0 0 0
 0 0 0
 0 0 0
 0 0 0
 0 0 0
 0 0 0
 0 0 0
 0 0 0
 0 0 0
 0 0 0
 0 0 0
 0 0 0
 0 0 0
 0 0 0
 0 0 0
 0 0 0
 0 0 0
 0 0 0
 0 0 0
 0 0 0
 0 0 0
 0 0 0
 0 0 0
 0 0 0
 0 0 0
 0 0 0
 0 0 0
 0 0 0
 0 0 0
 0 0 0
 0 0 0
 0 0 0
 0 0 0
 0 0 0
 0 0 0
 0 0 0
 0 0 0
 0 0 0
 0 0 0
 0 0 0
 0 0 0
 0 0 0
 0 0 0
 0 0 0
 0 0 0
 0 0 0
 0 0 0
 0 0 0
 0 0 0
 0 0 0
 0 0 0
 0 0 0
 0 0 0
 0 0 0
 0 0 0
 0 0 0
 0 0 0
 0 0 0
 0 0 0
 0 0 0
 0 0 0
 0 0 0
 0 0 0
 0 0 0
 0 0 0
 0 0 0
 0 0 0
 0 0 0
 0 0 0
 0 0 0
 0 0 0
 0 0 0
 0 0 0
 0 0 0
 0 0 0
 0 0 0
 0 0 0
 0 0 0
 0 0 0
 0 0 0
 0 0 0
 0 0 0
 0 0 0
 0 0 0
 0 0 0
 0 0 0
 0 0 0
 0 0 0
 0 0 0
 0 0 0
 0 0 0
 0 0 0
 0 0 0
 0 0 0
 0 0 0
 0 0 0
 0 0 0
 0 0 0
 0 0 0
 0 0 0
 0 0 0
 0 0 0
 0 0 0
 0 0 0
 0 0 0
 0 0 0
 0 0 0
 0 0 0
 0 0 0
 0 0 0
 0 0 0
 0 0 0
 0 0 0
 0 0 0
 0 0 0
 0 0 0
 0 0 0
 0 0 0
 0 0 0
 0 0 0
 0 0 0
 0 0 0
 0 0 0
 0 0 0
 0 0 0
 0 0 0
 0 0 0
 0 0 0
 0 0 0
 0 0 0
 0 0 0
 0 0 0
 0 0 0
 0 0 0
 0 0 0
 0 0 0
 0 0 0
 0 0 0
 0 0 0
 0 0 0
 0 0 0
 0 0 0
 0 0 0
 0 0 0
 0 0 0
 0 0 0
 0 0 0
 0 0 0
 0 0 0
 0 0 0
 0 0 0
 0 0 0
 0 0 0
 0 0 0
 0 0 0
 0 0 0
 0 0 0
 0 0 0
 0 0 0
 0 0 0
 0 0 0
 0 0 0
 0 0 0
 0 0 0
 0 0 0
 0 0 0
 0 0 0
 0 0 0
 0 0 0
 0 0 0
 0 0 0
 0 0 0
 0 0 0
 0 0 0
 0 0 0
 0 0 0
 0 0 0
 0 0 0
 0 0 0
 0 0 0
 0 0 0
 0 0 0
 0 0 0
 0 0 0
 0 0 0
 0 0 0
 0 0 0
 0 0 0
 0 0 0
 0 0 0
 0 0 0
 0 0 0
 0 0 0
 0 0 0
 0 0 0
 0 0 0
 0 0 0
 0 0 0
 0 0 0
 0 0 0
 0 0 0
 0 0 0
 0 0 0
 0 0 0
 0 0 0
 0 0 0
 0 0 0
 0 0 0
 0 0 0
 0 0 0
 0 0 0
 0 0 0
 0 0 0
 0 0 0
 0 0 0
 0 0 0
 0 0 0
 0 0 0
 0 0 0
 0 0 0
 0 0 0
 0 0 0
 0 0 0
 0 0 0
 0 0 0
 0 0 0
 0 0 0
 0 0 0
 0 0 0
 0 0 0
 0 0 0
 0 0 0
 0 0 0
 0 0 0
 0 0 0
 0 0 0
 0 0 0
 0 0 0
 0 0 0
 0 0 0
 0 0 0
 0 0 0
 0 0 0
 0 0 0
 0 0 0
 0 0 0
 0 0 0
 0 0 0
 0 0 0
 0 0 0
 0 0 0
 0 0 0
 0 0 0
 0 0 0
 0 0 0
 0 0 0
 0 0 0
 0 0 0
 0 0 0
 0 0 0
 0 0 0
 0 0 0
 0 0 0
 0 0 0
 0 0 0
 0 0 0
 0 0 0
 0 0 0
 0 0 0
 0 0 0
 0 0 0
 0 0 0
 0 0 0
 0 0 0
 0 0 0
 0 0 0
 0 0 0
 0 0 0
 0 0 0
 0 0 0
 0 0 0
 0 0 0
 0 0 0
 0 0 0
 0 0 0
 0 0 0
 0 0 0
 0 0 0
  0.000000000  0.000000000  0.000000000
  0.000000000  0.000000000  0.000000000
  0.000000000  0.000000000  0.000000000
  0.000000000  0.000000000  0.000000000
  0.000000000  0.000000000  0.000000000
  0.000000000  0.000000000  0.000000000
  0.000000000  0.000000000  0.000000000
  0.000000000  0.000000000  0.000000000
  0.000000000  0.000000000  0.000000000
  0.000000000  0.000000000  0.000000000
  0.000000000  0.000000000  0.000000000
  0.000000000  0.000000000  0.000000000
  0.000000000  0.000000000  0.000000000
  0.000000000  0.000000000  0.000000000
  0.000000000  0.000000000  0.000000000
  0.000000000  0.000000000  0.000000000
  0.000000000  0.000000000  0.000000000
  0.000000000  0.000000000  0.000000000
  0.000000000  0.000000000  0.000000000
  0.000000000  0.000000000  0.000000000
  0.000000000  0.000000000  0.000000000
  0.000000000  0.000000000  0.000000000
  0.000000000  0.000000000  0.000000000
  0.000000000  0.000000000  0.000000000
  0.000000000  0.000000000  0.000000000
  0.000000000  0.000000000  0.000000000
  0.000000000  0.000000000  0.000000000
  0.000000000  0.000000000  0.000000000
  0.000000000  0.000000000  0.000000000
  0.000000000  0.000000000  0.000000000
  0.000000000  0.000000000  0.000000000
  0.000000000  0.000000000  0.000000000
  0.000000000  0.000000000  0.000000000
  0.000000000  0.000000000  0.000000000
  0.000000000  0.000000000  0.000000000
  0.000000000  0.000000000  0.000000000
  0.000000000  0.000000000  0.000000000
  0.000000000  0.000000000  0.000000000
  0.000000000  0.000000000  0.000000000
  0.000000000  0.000000000  0.000000000
  0.000000000  0.000000000  0.000000000
  0.000000000  0.000000000  0.000000000
  0.000000000  0.000000000  0.000000000
  0.000000000  0.000000000  0.000000000
  0.000000000  0.000000000  0.000000000
  0.000000000  0.000000000  0.000000000
  0.000000000  0.000000000  0.000000000
  0.000000000  0.000000000  0.000000000
  0.000000000  0.000000000  0.000000000
  0.000000000  0.000000000  0.000000000
  0.000000000  0.000000000  0.000000000
  0.000000000  0.000000000  0.000000000
  0.000000000  0.000000000  0.000000000
  0.000000000  0.000000000  0.000000000
  0.000000000  0.000000000  0.000000000
  0.000000000  0.000000000  0.000000000
  0.000000000  0.000000000  0.000000000
  0.000000000  0.000000000  0.000000000
  0.000000000  0.000000000  0.000000000
  0.000000000  0.000000000  0.000000000
  0.000000000  0.000000000  0.000000000
  0.000000000  0.000000000  0.000000000
  0.000000000  0.000000000  0.000000000
  0.000000000  0.000000000  0.000000000
  0.000000000  0.000000000  0.000000000
  0.000000000  0.000000000  0.000000000
  0.000000000  0.000000000  0.000000000
  0.000000000  0.000000000  0.000000000
  0.000000000  0.000000000  0.000000000
  0.000000000  0.000000000  0.000000000
  0.000000000  0.000000000  0.000000000
  0.000000000  0.000000000  0.000000000
  0.000000000  0.000000000  0.000000000
  0.000000000  0.000000000  0.000000000
  0.000000000  0.000000000  0.000000000
  0.000000000  0.000000000  0.000000000
  0.000000000  0.000000000  0.000000000
  0.000000000  0.000000000  0.000000000
  0.000000000  0.000000000  0.000000000
  0.000000000  0.000000000  0.000000000
  0.000000000  0.000000000  0.000000000
  0.000000000  0.000000000  0.000000000
  0.000000000  0.000000000  0.000000000
  0.000000000  0.000000000  0.000000000
  0.000000000  0.000000000  0.000000000
  0.000000000  0.000000000  0.000000000
  0.000000000  0.000000000  0.000000000
  0.000000000  0.000000000  0.000000000
  0.000000000  0.000000000  0.000000000
  0.000000000  0.000000000  0.000000000
  0.000000000  0.000000000  0.000000000
  0.000000000  0.000000000  0.000000000
  0.000000000  0.000000000  0.000000000
  0.000000000  0.000000000  0.000000000
  0.000000000  0.000000000  0.000000000
  0.000000000  0.000000000  0.000000000
  0.000000000  0.000000000  0.000000000
  0.000000000  0.000000000  0.000000000
  0.000000000  0.000000000  0.000000000
  0.000000000  0.000000000  0.000000000
  0.000000000  0.000000000  0.000000000
  0.000000000  0.000000000  0.000000000
  0.000000000  0.000000000  0.000000000
  0.000000000  0.000000000  0.000000000
  0.000000000  0.000000000  0.000000000
  0.000000000  0.000000000  0.000000000
  0.000000000  0.000000000  0.000000000
  0.000000000  0.000000000  0.000000000
  0.000000000  0.000000000  0.000000000
  0.000000000  0.000000000  0.000000000
  0.000000000  0.000000000  0.000000000
  0.000000000  0.000000000  0.000000000
  0.000000000  0.000000000  0.000000000
  0.000000000  0.000000000  0.000000000
  0.000000000  0.000000000  0.000000000
  0.000000000  0.000000000  0.000000000
  0.000000000  0.000000000  0.000000000
  0.000000000  0.000000000  0.000000000
  0.000000000  0.000000000  0.000000000
  0.000000000  0.000000000  0.000000000
  0.000000000  0.000000000  0.000000000
  0.000000000  0.000000000  0.000000000
  0.000000000  0.000000000  0.000000000
  0.000000000  0.000000000  0.000000000
  0.000000000  0.000000000  0.000000000
  0.000000000  0.000000000  0.000000000
  0.000000000  0.000000000  0.000000000
  0.000000000  0.000000000  0.000000000
  0.000000000  0.000000000  0.000000000
  0.000000000  0.000000000  0.000000000
  0.000000000  0.000000000  0.000000000
  0.000000000  0.000000000  0.000000000
  0.000000000  0.000000000  0.000000000
  0.000000000  0.000000000  0.000000000
  0.000000000  0.000000000  0.000000000
  0.000000000  0.000000000  0.000000000
  0.000000000  0.000000000  0.000000000
  0.000000000  0.000000000  0.000000000
  0.000000000  0.000000000  0.000000000
  0.000000000  0.000000000  0.000000000
  0.000000000  0.000000000  0.000000000
  0.000000000  0.000000000  0.000000000
  0.000000000  0.000000000  0.000000000
  0.000000000  0.000000000  0.000000000
  0.000000000  0.000000000  0.000000000
  0.000000000  0.000000000  0.000000000
  0.000000000  0.000000000  0.000000000
  0.000000000  0.000000000  0.000000000
  0.000000000  0.000000000  0.000000000
  0.000000000  0.000000000  0.000000000
  0.000000000  0.000000000  0.000000000
  0.000000000  0.000000000  0.000000000
  0.000000000  0.000000000  0.000000000
  0.000000000  0.000000000  0.000000000
  0.000000000  0.000000000  0.000000000
  0.000000000  0.000000000  0.000000000
  0.000000000  0.000000000  0.000000000
  0.000000000  0.000000000  0.000000000
  0.000000000  0.000000000  0.000000000
  0.000000000  0.000000000  0.000000000
  0.000000000  0.000000000  0.000000000
  0.000000000  0.000000000  0.000000000
  0.000000000  0.000000000  0.000000000
  0.000000000  0.000000000  0.000000000
  0.000000000  0.000000000  0.000000000
  0.000000000  0.000000000  0.000000000
  0.000000000  0.000000000  0.000000000
  0.000000000  0.000000000  0.000000000
  0.000000000  0.000000000  0.000000000
  0.000000000  0.000000000  0.000000000
  0.000000000  0.000000000  0.000000000
  0.000000000  0.000000000  0.000000000
  0.000000000  0.000000000  0.000000000
  0.000000000  0.000000000  0.000000000
  0.000000000  0.000000000  0.000000000
  0.000000000  0.000000000  0.000000000
  0.000000000  0.000000000  0.000000000
  0.000000000  0.000000000  0.000000000
  0.000000000  0.000000000  0.000000000
  0.000000000  0.000000000  0.000000000
  0.000000000  0.000000000  0.000000000
  0.000000000  0.000000000  0.000000000
  0.000000000  0.000000000  0.000000000
  0.000000000  0.000000000  0.000000000
  0.000000000  0.000000000  0.000000000
  0.000000000  0.000000000  0.000000000
  0.000000000  0.000000000  0.000000000
  0.000000000  0.000000000  0.000000000
  0.000000000  0.000000000  0.000000000
  0.000000000  0.000000000  0.000000000
  0.000000000  0.000000000  0.000000000
  0.000000000  0.000000000  0.000000000
  0.000000000  0.000000000  0.000000000
  0.000000000  0.000000000  0.000000000
  0.000000000  0.000000000  0.000000000
  0.000000000  0.000000000  0.000000000
  0.000000000  0.000000000  0.000000000
  0.000000000  0.000000000  0.000000000
  0.000000000  0.000000000  0.000000000
  0.000000000  0.000000000  0.000000000
  0.000000000  0.000000000  0.000000000
  0.000000000  0.000000000  0.000000000
  0.000000000  0.000000000  0.000000000
  0.000000000  0.000000000  0.000000000
  0.000000000  0.000000000  0.000000000
  0.000000000  0.000000000  0.000000000
  0.000000000  0.000000000  0.000000000
  0.000000000  0.000000000  0.000000000
  0.000000000  0.000000000  0.000000000
  0.000000000  0.000000000  0.000000000
  0.000000000  0.000000000  0.000000000
  0.000000000  0.000000000  0.000000000
  0.000000000  0.000000000  0.000000000
  0.000000000  0.000000000  0.000000000
  0.000000000  0.000000000  0.000000000
  0.000000000  0.000000000  0.000000000
  0.000000000  0.000000000  0.000000000
  0.000000000  0.000000000  0.000000000
  0.000000000  0.000000000  0.000000000
  0.000000000  0.000000000  0.000000000
  0.000000000  0.000000000  0.000000000
  0.000000000  0.000000000  0.000000000
  0.000000000  0.000000000  0.000000000
  0.000000000  0.000000000  0.000000000
  0.000000000  0.000000000  0.000000000
  0.000000000  0.000000000  0.000000000
  0.000000000  0.000000000  0.000000000
  0.000000000  0.000000000  0.000000000
  0.000000000  0.000000000  0.000000000
  0.000000000  0.000000000  0.000000000
  0.000000000  0.000000000  0.000000000
  0.000000000  0.000000000  0.000000000
  0.000000000  0.000000000  0.000000000
  0.000000000  0.000000000  0.000000000
  0.000000000  0.000000000  0.000000000
  0.000000000  0.000000000  0.000000000
  0.000000000  0.000000000  0.000000000
  0.000000000  0.000000000  0.000000000
  0.000000000  0.000000000  0.000000000
  0.000000000  0.000000000  0.000000000
  0.000000000  0.000000000  0.000000000
  0.000000000  0.000000000  0.000000000
  0.000000000  0.000000000  0.000000000
  0.000000000  0.000000000  0.000000000
  0.000000000  0.000000000  0.000000000
  0.000000000  0.000000000  0.000000000
  0.000000000  0.000000000  0.000000000
  0.000000000  0.000000000  0.000000000
  0.000000000  0.000000000  0.000000000
  0.000000000  0.000000000  0.000000000
  0.000000000  0.000000000  0.000000000
  0.000000000  0.000000000  0.000000000
  0.000000000  0.000000000  0.000000000
  0.000000000  0.000000000  0.000000000
  0.000000000  0.000000000  0.000000000
  0.000000000  0.000000000  0.000000000
  0.000000000  0.000000000  0.000000000
  0.000000000  0.000000000  0.000000000
  0.000000000  0.000000000  0.000000000
  0.000000000  0.000000000  0.000000000
  0.000000000  0.000000000  0.000000000
  0.000000000  0.000000000  0.000000000
  0.000000000  0.000000000  0.000000000
  0.000000000  0.000000000  0.000000000
  0.000000000  0.000000000  0.000000000
  0.000000000  0.000000000  0.000000000
  0.000000000  0.000000000  0.000000000
  0.000000000  0.000000000  0.000000000
  0.000000000  0.000000000  0.000000000
  0.000000000  0.000000000  0.000000000
  0.000000000  0.000000000  0.000000000
  0.000000000  0.000000000  0.000000000
  0.000000000  0.000000000  0.000000000
  0.000000000  0.000000000  0.000000000
  0.000000000  0.000000000  0.000000000
  0.000000000  0.000000000  0.000000000
  0.000000000  0.000000000  0.000000000
  0.000000000  0.000000000  0.000000000
  0.000000000  0.000000000  0.000000000
  0.000000000  0.000000000  0.000000000
  0.000000000  0.000000000  0.000000000
  0.000000000  0.000000000  0.000000000
  0.000000000  0.000000000  0.000000000
  0.000000000  0.000000000  0.000000000
  0.000000000  0.000000000  0.000000000
  0.000000000  0.000000000  0.000000000
  0.000000000  0.000000000  0.000000000
  0.000000000  0.000000000  0.000000000
  0.000000000  0.000000000  0.000000000
  0.000000000  0.000000000  0.000000000
  0.000000000  0.000000000  0.000000000
  0.000000000  0.000000000  0.000000000
  0.000000000  0.000000000  0.000000000
  0.000000000  0.000000000  0.000000000
  0.000000000  0.000000000  0.000000000
  0.000000000  0.000000000  0.000000000
  0.000000000  0.000000000  0.000000000
  0.000000000  0.000000000  0.000000000
  0.000000000  0.000000000  0.000000000
  0.000000000  0.000000000  0.000000000
  0.000000000  0.000000000  0.000000000
  0.000000000  0.000000000  0.000000000
  0.000000000  0.000000000  0.000000000
  0.000000000  0.000000000  0.000000000
  0.000000000  0.000000000  0.000000000
  0.000000000  0.000000000  0.000000000
  0.000000000  0.000000000  0.000000000
  0.000000000  0.000000000  0.000000000
  0.000000000  0.000000000  0.000000000
  0.000000000  0.000000000  0.000000000
  0.000000000  0.000000000  0.000000000
  0.000000000  0.000000000  0.000000000
  0.000000000  0.000000000  0.000000000
  0.000000000  0.000000000  0.000000000
  0.000000000  0.000000000  0.000000000
  0.000000000  0.000000000  0.000000000
  0.000000000  0.000000000  0.000000000
  0.000000000  0.000000000  0.000000000
  0.000000000  0.000000000  0.000000000
  0.000000000  0.000000000  0.000000000
  0.000000000  0.000000000  0.000000000
  0.000000000  0.000000000  0.000000000
  0.000000000  0.000000000  0.000000000
  0.000000000  0.000000000  0.000000000
  0.000000000  0.000000000  0.000000000
  0.000000000  0.000000000  0.000000000
  0.000000000  0.000000000  0.000000000
  0.000000000  0.000000000  0.000000000
  0.000000000  0.000000000  0.000000000
  0.000000000  0.000000000  0.000000000
  0.000000000  0.000000000  0.000000000
  0.000000000  0.000000000  0.000000000
  0.000000000  0.000000000  0.000000000
  0.000000000  0.000000000  0.000000000
  0.000000000  0.000000000  0.000000000
  0.000000000  0.000000000  0.000000000
  0.000000000  0.000000000  0.000000000
  0.000000000  0.000000000  0.000000000
  0.000000000  0.000000000  0.000000000
  0.000000000  0.000000000  0.000000000
  0.000000000  0.000000000  0.000000000
  0.000000000  0.000000000  0.000000000
  0.000000000  0.000000000  0.000000000
  0.000000000  0.000000000  0.000000000
  0.000000000  0.000000000  0.000000000
  0.000000000  0.000000000  0.000000000
  0.000000000  0.000000000  0.000000000
  0.000000000  0.000000000  0.000000000
  0.000000000  0.000000000  0.000000000
  0.000000000  0.000000000  0.000000000
  0.000000000  0.000000000  0.000000000
  0.000000000  0.000000000  0.000000000
  0.000000000  0.000000000  0.000000000
  0.000000000  0.000000000  0.000000000
  0.000000000  0.000000000  0.000000000
  0.000000000  0.000000000  0.000000000
  0.000000000  0.000000000  0.000000000
  0.000000000  0.000000000  0.000000000
  0.000000000  0.000000000  0.000000000
  0.000000000  0.000000000  0.000000000
  0.000000000  0.000000000  0.000000000
  0.000000000  0.000000000  0.000000000
  0.000000000  0.000000000  0.000000000
  0.000000000  0.000000000  0.000000000
  0.000000000  0.000000000  0.000000000
  0.000000000  0.000000000  0.000000000
  0.000000000  0.000000000  0.000000000
  0.000000000  0.000000000  0.000000000
  0.000000000  0.000000000  0.000000000
  0.000000000  0.000000000  0.000000000
  0.000000000  0.000000000  0.000000000
  0.000000000  0.000000000  0.000000000
  0.000000000  0.000000000  0.000000000
  0.000000000  0.000000000  0.000000000
  0.000000000  0.000000000  0.000000000
  0.000000000  0.000000000  0.000000000
  0.000000000  0.000000000  0.000000000
  0.000000000  0.000000000  0.000000000
  0.000000000  0.000000000  0.000000000
  0.000000000  0.000000000  0.000000000
  0.000000000  0.000000000  0.000000000
  0.000000000  0.000000000  0.000000000
  0.000000000  0.000000000  0.000000000
  0.000000000  0.000000000  0.000000000
  0.000000000  0.000000000  0.000000000
  0.000000000  0.000000000  0.000000000
  0.000000000  0.000000000  0.000000000
  0.000000000  0.000000000  0.000000000
  0.000000000  0.000000000  0.000000000
  0.000000000  0.000000000  0.000000000
  0.000000000  0.000000000  0.000000000
  0.000000000  0.000000000  0.000000000
  0.000000000  0.000000000  0.000000000
  0.000000000  0.000000000  0.000000000
  0.000000000  0.000000000  0.000000000
  0.000000000  0.000000000  0.000000000
  0.000000000  0.000000000  0.000000000
  0.000000000  0.000000000  0.000000000
  0.000000000  0.000000000  0.000000000
  0.000000000  0.000000000  0.000000000
  0.000000000  0.000000000  0.000000000
  0.000000000  0.000000000  0.000000000
  0.000000000  0.000000000  0.000000000
  0.000000000  0.000000000  0.000000000
  0.000000000  0.000000000  0.000000000
  0.000000000  0.000000000  0.000000000
  0.000000000  0.000000000  0.000000000
  0.000000000  0.000000000  0.000000000
  0.000000000  0.000000000  0.000000000
  0.000000000  0.000000000  0.000000000
  0.000000000  0.000000000  0.000000000
  0.000000000  0.000000000  0.000000000
  0.000000000  0.000000000  0.000000000
  0.000000000  0.000000000  0.000000000
  0.000000000  0.000000000  0.000000000
  0.000000000  0.000000000  0.000000000
  0.000000000  0.000000000  0.000000000
  0.000000000  0.000000000  0.000000000
  0.000000000  0.000000000  0.000000000
  0.000000000  0.000000000  0.000000000
  0.000000000  0.000000000  0.000000000
  0.000000000  0.000000000  0.000000000
  0.000000000  0.000000000  0.000000000
  0.000000000  0.000000000  0.000000000
  0.000000000  0.000000000  0.000000000
  0.000000000  0.000000000  0.000000000
  0.000000000  0.000000000  0.000000000
  0.000000000  0.000000000  0.000000000
  0.000000000  0.000000000  0.000000000
  0.000000000  0.000000000  0.000000000
  0.000000000  0.000000000  0.000000000
  0.000000000  0.000000000  0.000000000
  0.000000000  0.000000000  0.000000000
  0.000000000  0.000000000  0.000000000
  0.000000000  0.000000000  0.000000000
  0.000000000  0.000000000  0.000000000
  0.000000000  0.000000000  0.000000000
  0.000000000  0.000000000  0.000000000
  0.000000000  0.000000000  0.000000000
  0.000000000  0.000000000  0.000000000
  0.000000000  0.000000000  0.000000000
  0.000000000  0.000000000  0.000000000
  0.000000000  0.000000000  0.000000000
  0.000000000  0.000000000  0.000000000
  0.000000000  0.000000000  0.000000000
  0.000000000  0.000000000  0.000000000
  0.000000000  0.000000000  0.000000000
  0.000000000  0.000000000  0.000000000
  0.000000000  0.000000000  0.000000000
  0.000000000  0.000000000  0.000000000
  0.000000000  0.000000000  0.000000000
  0.000000000  0.000000000  0.000000000
  0.000000000  0.000000000  0.000000000
  0.000000000  0.000000000  0.000000000
  0.000000000  0.000000000  0.000000000
  0.000000000  0.000000000  0.000000000
  0.000000000  0.000000000  0.000000000
  0.000000000  0.000000000  0.000000000
  0.000000000  0.000000000  0.000000000
  0.000000000  0.000000000  0.000000000
  0.000000000  0.000000000  0.000000000
  0.000000000  0.000000000  0.000000000
  0.000000000  0.000000000  0.000000000
  0.000000000  0.000000000  0.000000000
  0.000000000  0.000000000  0.000000000
  0.000000000  0.000000000  0.000000000
  0.000000000  0.000000000  0.000000000
  0.000000000  0.000000000  0.000000000
  0.000000000  0.000000000  0.000000000
  0.000000000  0.000000000  0.000000000
  0.000000000  0.000000000  0.000000000
  0.000000000  0.000000000  0.000000000
  0.000000000  0.000000000  0.000000000
  0.000000000  0.000000000  0.000000000
  0.000000000  0.000000000  0.000000000
  0.000000000  0.000000000  0.000000000
   1.06000000000000     
   1.06000000000000     
   1.06000000000000     
   1.06000000000000     
   1.06000000000000     
   1.06000000000000     
   1.06000000000000     
   1.06000000000000     
   1.06000000000000     
   1.06000000000000     
   1.06000000000000     
   1.06000000000000     
   1.06000000000000     
   1.06000000000000     
   1.06000000000000     
   1.06000000000000     
   1.06000000000000     
   1.06000000000000     
   1.06000000000000     
   1.06000000000000     
   1.06000000000000     
   1.06000000000000     
   1.06000000000000     
   1.06000000000000     
   1.06000000000000     
   1.06000000000000     
   1.06000000000000     
   1.06000000000000     
   1.06000000000000     
   1.06000000000000     
   1.06000000000000     
   1.06000000000000     
   1.06000000000000     
   1.06000000000000     
   1.06000000000000     
   1.06000000000000     
   1.06000000000000     
   1.06000000000000     
   1.06000000000000     
   1.06000000000000     
   1.06000000000000     
   1.06000000000000     
   1.06000000000000     
   1.06000000000000     
   1.06000000000000     
   1.06000000000000     
   1.06000000000000     
   1.06000000000000     
   1.06000000000000     
   1.06000000000000     
   1.06000000000000     
   1.06000000000000     
   1.06000000000000     
   1.06000000000000     
   1.06000000000000     
   1.06000000000000     
   1.06000000000000     
   1.06000000000000     
   1.06000000000000     
   1.06000000000000     
   1.06000000000000     
   1.06000000000000     
   1.06000000000000     
   1.06000000000000     
   1.06000000000000     
   1.06000000000000     
   1.06000000000000     
   1.06000000000000     
   1.06000000000000     
   1.06000000000000     
   1.06000000000000     
   1.06000000000000     
   1.06000000000000     
   1.06000000000000     
   1.06000000000000     
   1.06000000000000     
   1.06000000000000     
   1.06000000000000     
   1.06000000000000     
   1.06000000000000     
   1.06000000000000     
   1.06000000000000     
   1.06000000000000     
   1.06000000000000     
   1.06000000000000     
   1.06000000000000     
   1.06000000000000     
   1.06000000000000     
   1.06000000000000     
   1.06000000000000     
   1.06000000000000     
   1.06000000000000     
   1.06000000000000     
   1.06000000000000     
   1.06000000000000     
   1.06000000000000     
   1.06000000000000     
   1.06000000000000     
   1.06000000000000     
   1.06000000000000     
   1.06000000000000     
   1.06000000000000     
   1.06000000000000     
   1.06000000000000     
   1.06000000000000     
   1.06000000000000     
   1.06000000000000     
   1.06000000000000     
   1.06000000000000     
   1.06000000000000     
   1.06000000000000     
   1.06000000000000     
   1.06000000000000     
   1.06000000000000     
   1.06000000000000     
   1.06000000000000     
   1.06000000000000     
   1.06000000000000     
   1.06000000000000     
   1.06000000000000     
   1.06000000000000     
   1.06000000000000     
   1.06000000000000     
   1.06000000000000     
   1.06000000000000     
   1.06000000000000     
   1.06000000000000     
   1.06000000000000     
   1.06000000000000     
   1.06000000000000     
   1.06000000000000     
   1.06000000000000     
   1.06000000000000     
   1.06000000000000     
   1.06000000000000     
   1.06000000000000     
   1.06000000000000     
   1.06000000000000     
   1.06000000000000     
   1.06000000000000     
   1.06000000000000     
   1.06000000000000     
   1.06000000000000     
   1.06000000000000     
   1.06000000000000     
   1.06000000000000     
   1.06000000000000     
   1.06000000000000     
   1.06000000000000     
   1.06000000000000     
   1.06000000000000     
   1.06000000000000     
   1.06000000000000     
   1.06000000000000     
  3.000000000000000E-002
  3.000000000000000E-002
  3.000000000000000E-002
  3.000000000000000E-002
  3.000000000000000E-002
  3.000000000000000E-002
  3.000000000000000E-002
  3.000000000000000E-002
  3.000000000000000E-002
  3.000000000000000E-002
  3.000000000000000E-002
  3.000000000000000E-002
  3.000000000000000E-002
  3.000000000000000E-002
  3.000000000000000E-002
  3.000000000000000E-002
  3.000000000000000E-002
  3.000000000000000E-002
  3.000000000000000E-002
  3.000000000000000E-002
  3.000000000000000E-002
  3.000000000000000E-002
  3.000000000000000E-002
  3.000000000000000E-002
  3.000000000000000E-002
  3.000000000000000E-002
  3.000000000000000E-002
  3.000000000000000E-002
  3.000000000000000E-002
  3.000000000000000E-002
  3.000000000000000E-002
  3.000000000000000E-002
  3.000000000000000E-002
  3.000000000000000E-002
  3.000000000000000E-002
  3.000000000000000E-002
  3.000000000000000E-002
  3.000000000000000E-002
  3.000000000000000E-002
  3.000000000000000E-002
  3.000000000000000E-002
  3.000000000000000E-002
  3.000000000000000E-002
  3.000000000000000E-002
  3.000000000000000E-002
  3.000000000000000E-002
  3.000000000000000E-002
  3.000000000000000E-002
  3.000000000000000E-002
  3.000000000000000E-002
  3.000000000000000E-002
  3.000000000000000E-002
  3.000000000000000E-002
  3.000000000000000E-002
  3.000000000000000E-002
  3.000000000000000E-002
  3.000000000000000E-002
  3.000000000000000E-002
  3.000000000000000E-002
  3.000000000000000E-002
  3.000000000000000E-002
  3.000000000000000E-002
  3.000000000000000E-002
  3.000000000000000E-002
  3.000000000000000E-002
  3.000000000000000E-002
  3.000000000000000E-002
  3.000000000000000E-002
  3.000000000000000E-002
  3.000000000000000E-002
  3.000000000000000E-002
  3.000000000000000E-002
  3.000000000000000E-002
  3.000000000000000E-002
  3.000000000000000E-002
  3.000000000000000E-002
  3.000000000000000E-002
  3.000000000000000E-002
  3.000000000000000E-002
  3.000000000000000E-002
  3.000000000000000E-002
  3.000000000000000E-002
  3.000000000000000E-002
  3.000000000000000E-002
  3.000000000000000E-002
  3.000000000000000E-002
  3.000000000000000E-002
  3.000000000000000E-002
  3.000000000000000E-002
  3.000000000000000E-002
  3.000000000000000E-002
  3.000000000000000E-002
  3.000000000000000E-002
  3.000000000000000E-002
  3.000000000000000E-002
  3.000000000000000E-002
  3.000000000000000E-002
  3.000000000000000E-002
  3.000000000000000E-002
  3.000000000000000E-002
  3.000000000000000E-002
  3.000000000000000E-002
  3.000000000000000E-002
  3.000000000000000E-002
  3.000000000000000E-002
  3.000000000000000E-002
  3.000000000000000E-002
  3.000000000000000E-002
  3.000000000000000E-002
  3.000000000000000E-002
  3.000000000000000E-002
  3.000000000000000E-002
  3.000000000000000E-002
  3.000000000000000E-002
  3.000000000000000E-002
  3.000000000000000E-002
  3.000000000000000E-002
  3.000000000000000E-002
  3.000000000000000E-002
  3.000000000000000E-002
  3.000000000000000E-002
  3.000000000000000E-002
  3.000000000000000E-002
  3.000000000000000E-002
  3.000000000000000E-002
  3.000000000000000E-002
  3.000000000000000E-002
  3.000000000000000E-002
  3.000000000000000E-002
  3.000000000000000E-002
  3.000000000000000E-002
  3.000000000000000E-002
  3.000000000000000E-002
  3.000000000000000E-002
  3.000000000000000E-002
  3.000000000000000E-002
  3.000000000000000E-002
  3.000000000000000E-002
  3.000000000000000E-002
  3.000000000000000E-002
  3.000000000000000E-002
  3.000000000000000E-002
  3.000000000000000E-002
  3.000000000000000E-002
  3.000000000000000E-002
  3.000000000000000E-002
  3.000000000000000E-002
  3.000000000000000E-002
  3.000000000000000E-002
  3.000000000000000E-002
  3.000000000000000E-002
  3.000000000000000E-002
  3.000000000000000E-002
  3.000000000000000E-002
