           3
 2 1 2
   9   2  12
  0.000000000  0.000000000  0.000000000  0.250000000  0.250000000  0.500000000  0.500000000  0.750000000  0.750000000  1.000000000  1.000000000  1.000000000
  0.000000000  0.000000000  1.000000000  1.000000000
  0.485835095  0.485835095  0.485835095  0.486342495  0.486849894  0.487357294  0.487864694  0.488372093  0.488879493  0.489386892  0.489894292  0.490401692  0.490909091  0.490909091  0.490909091
 -0.395570219700E+01 -0.366446789040E+02  0.228211097030E+02  0.100000000000E+01
 -0.395570219700E+01 -0.366446789040E+02  0.228211097030E+02  0.707106773869E+00
 -0.395570219700E+01 -0.366446789040E+02  0.228211097030E+02  0.100000000000E+01
 -0.395570219700E+01 -0.366446789040E+02  0.228211097030E+02  0.707105895603E+00
 -0.395570219700E+01 -0.366446789040E+02  0.228211097030E+02  0.100000000000E+01
 -0.395570219700E+01 -0.366446789040E+02  0.228211097030E+02  0.707106241423E+00
 -0.395570219700E+01 -0.366446789040E+02  0.228211097030E+02  0.100000000000E+01
 -0.395570219700E+01 -0.366446789040E+02  0.228211097030E+02  0.707107085110E+00
 -0.395570219700E+01 -0.366446789040E+02  0.228211097030E+02  0.100000000000E+01
 -0.392708128300E+01 -0.370078091100E+02  0.232450586720E+02  0.100000000000E+01
 -0.405781842400E+01 -0.365731901500E+02  0.235401585410E+02  0.707106773869E+00
 -0.410573295000E+01 -0.361827503960E+02  0.232268995900E+02  0.100000000000E+01
 -0.409131758300E+01 -0.360099468850E+02  0.227919617240E+02  0.707105895603E+00
 -0.398263797400E+01 -0.363029336810E+02  0.224221251670E+02  0.100000000000E+01
 -0.345810632300E+01 -0.363076978520E+02  0.224666254310E+02  0.707106241423E+00
 -0.327612307200E+01 -0.365969324510E+02  0.228161287520E+02  0.100000000000E+01
 -0.340675406400E+01 -0.369190692040E+02  0.231806291990E+02  0.707107085110E+00
 -0.392708128300E+01 -0.370078091100E+02  0.232450586720E+02  0.100000000000E+01
 -0.386737875500E+01 -0.365459368380E+02  0.228980966220E+02  0.100000000000E+01
 -0.386737875500E+01 -0.365459368380E+02  0.228980966220E+02  0.707106299753E+00
 -0.386737875500E+01 -0.365459368380E+02  0.228980966220E+02  0.100000000000E+01
 -0.386737875500E+01 -0.365459368380E+02  0.228980966220E+02  0.707106981266E+00
 -0.386737875500E+01 -0.365459368380E+02  0.228980966220E+02  0.100000000000E+01
 -0.386737875500E+01 -0.365459368380E+02  0.228980966220E+02  0.707107167607E+00
 -0.386737875500E+01 -0.365459368380E+02  0.228980966220E+02  0.100000000000E+01
 -0.386737875500E+01 -0.365459368380E+02  0.228980966220E+02  0.707106538584E+00
 -0.386737875500E+01 -0.365459368380E+02  0.228980966220E+02  0.100000000000E+01
 -0.383770930700E+01 -0.368610386070E+02  0.232756795650E+02  0.100000000000E+01
 -0.392954029000E+01 -0.364604936110E+02  0.235190596810E+02  0.707106299753E+00
 -0.396836381300E+01 -0.361382397990E+02  0.232462634700E+02  0.100000000000E+01
 -0.395935681400E+01 -0.360371402200E+02  0.228774840250E+02  0.707106981266E+00
 -0.389489883600E+01 -0.362536610240E+02  0.225478652300E+02  0.100000000000E+01
 -0.342744983600E+01 -0.363084741060E+02  0.225090578250E+02  0.707107167607E+00
 -0.327532270300E+01 -0.365884363430E+02  0.228161070920E+02  0.100000000000E+01
 -0.337781731200E+01 -0.368575020270E+02  0.231674185500E+02  0.707106538584E+00
 -0.383770930700E+01 -0.368610386070E+02  0.232756795650E+02  0.100000000000E+01
 -0.376434925600E+01 -0.364543027970E+02  0.229649837420E+02  0.100000000000E+01
 -0.376434925600E+01 -0.364543027970E+02  0.229649837420E+02  0.707105791144E+00
 -0.376434925600E+01 -0.364543027970E+02  0.229649837420E+02  0.100000000000E+01
 -0.376434925600E+01 -0.364543027970E+02  0.229649837420E+02  0.707105686551E+00
 -0.376434925600E+01 -0.364543027970E+02  0.229649837420E+02  0.100000000000E+01
 -0.376434925600E+01 -0.364543027970E+02  0.229649837420E+02  0.707107147561E+00
 -0.376434925600E+01 -0.364543027970E+02  0.229649837420E+02  0.100000000000E+01
 -0.376434925600E+01 -0.364543027970E+02  0.229649837420E+02  0.707107117287E+00
 -0.376434925600E+01 -0.364543027970E+02  0.229649837420E+02  0.100000000000E+01
 -0.373472002800E+01 -0.367207633460E+02  0.232914694550E+02  0.100000000000E+01
 -0.380579069800E+01 -0.363447117840E+02  0.235476937260E+02  0.707105791144E+00
 -0.383976818500E+01 -0.360679648380E+02  0.232871351360E+02  0.100000000000E+01
 -0.383585659000E+01 -0.360080532350E+02  0.229545907320E+02  0.707105686551E+00
 -0.379102435500E+01 -0.362144105020E+02  0.226710476990E+02  0.100000000000E+01
 -0.339668638200E+01 -0.362960338310E+02  0.225652331810E+02  0.707107147561E+00
 -0.327068190800E+01 -0.365585197930E+02  0.228351266320E+02  0.100000000000E+01
 -0.334872975300E+01 -0.367809589520E+02  0.231625869790E+02  0.707107117287E+00
 -0.373472002800E+01 -0.367207633460E+02  0.232914694550E+02  0.100000000000E+01
 -0.364992479500E+01 -0.363698407710E+02  0.230221366200E+02  0.100000000000E+01
 -0.364992479500E+01 -0.363698407710E+02  0.230221366200E+02  0.707106308840E+00
 -0.364992479500E+01 -0.363698407710E+02  0.230221366200E+02  0.100000000000E+01
 -0.364992479500E+01 -0.363698407710E+02  0.230221366200E+02  0.707104651499E+00
 -0.364992479500E+01 -0.363698407710E+02  0.230221366200E+02  0.100000000000E+01
 -0.364992479500E+01 -0.363698407710E+02  0.230221366200E+02  0.707106481052E+00
 -0.364992479500E+01 -0.363698407710E+02  0.230221366200E+02  0.100000000000E+01
 -0.364992479500E+01 -0.363698407710E+02  0.230221366200E+02  0.707108193660E+00
 -0.364992479500E+01 -0.363698407710E+02  0.230221366200E+02  0.100000000000E+01
 -0.361999568400E+01 -0.366013956690E+02  0.233112832600E+02  0.100000000000E+01
 -0.367805031600E+01 -0.362558537700E+02  0.236004533340E+02  0.707106308840E+00
 -0.371423409000E+01 -0.359862797430E+02  0.233359563020E+02  0.100000000000E+01
 -0.372135492900E+01 -0.358994327140E+02  0.230066401360E+02  0.707104651499E+00
 -0.367616011600E+01 -0.361668665730E+02  0.227686753100E+02  0.100000000000E+01
 -0.335501262400E+01 -0.362728743120E+02  0.226347740880E+02  0.707106481052E+00
 -0.325289299300E+01 -0.365099171540E+02  0.228688665830E+02  0.100000000000E+01
 -0.330883959800E+01 -0.366902052440E+02  0.231626344990E+02  0.707108193660E+00
 -0.361999568400E+01 -0.366013956690E+02  0.233112832600E+02  0.100000000000E+01
 -0.352699607600E+01 -0.362920217690E+02  0.230704271900E+02  0.100000000000E+01
 -0.352699607600E+01 -0.362920217690E+02  0.230704271900E+02  0.707106092160E+00
 -0.352699607600E+01 -0.362920217690E+02  0.230704271900E+02  0.100000000000E+01
 -0.352699607600E+01 -0.362920217690E+02  0.230704271900E+02  0.707105531128E+00
 -0.352699607600E+01 -0.362920217690E+02  0.230704271900E+02  0.100000000000E+01
 -0.352699607600E+01 -0.362920217690E+02  0.230704271900E+02  0.707106988819E+00
 -0.352699607600E+01 -0.362920217690E+02  0.230704271900E+02  0.100000000000E+01
 -0.352699607600E+01 -0.362920217690E+02  0.230704271900E+02  0.707107547467E+00
 -0.352699607600E+01 -0.362920217690E+02  0.230704271900E+02  0.100000000000E+01
 -0.349651280700E+01 -0.364984101950E+02  0.233323159020E+02  0.100000000000E+01
 -0.354634083100E+01 -0.361970793810E+02  0.236809382820E+02  0.707106092160E+00
 -0.359023723500E+01 -0.359035935760E+02  0.233838983270E+02  0.100000000000E+01
 -0.360859692900E+01 -0.357705130200E+02  0.230369763090E+02  0.707105531128E+00
 -0.355445045600E+01 -0.361061431280E+02  0.228345608560E+02  0.100000000000E+01
 -0.328767024500E+01 -0.362396455460E+02  0.226971975560E+02  0.707106988819E+00
 -0.320063821100E+01 -0.364559402560E+02  0.229032606050E+02  0.100000000000E+01
 -0.324431711100E+01 -0.366021187880E+02  0.231697917040E+02  0.707107547467E+00
 -0.349651280700E+01 -0.364984101950E+02  0.233323159020E+02  0.100000000000E+01
 -0.339785303700E+01 -0.362200068860E+02  0.231109186720E+02  0.100000000000E+01
 -0.339785303700E+01 -0.362200068860E+02  0.231109186720E+02  0.707106740140E+00
 -0.339785303700E+01 -0.362200068860E+02  0.231109186720E+02  0.100000000000E+01
 -0.339785303700E+01 -0.362200068860E+02  0.231109186720E+02  0.707109067999E+00
 -0.339785303700E+01 -0.362200068860E+02  0.231109186720E+02  0.100000000000E+01
 -0.339785303700E+01 -0.362200068860E+02  0.231109186720E+02  0.707107462727E+00
 -0.339785303700E+01 -0.362200068860E+02  0.231109186720E+02  0.100000000000E+01
 -0.339785303700E+01 -0.362200068860E+02  0.231109186720E+02  0.707104656657E+00
 -0.339785303700E+01 -0.362200068860E+02  0.231109186720E+02  0.100000000000E+01
 -0.336543017900E+01 -0.364149735900E+02  0.233617399880E+02  0.100000000000E+01
 -0.341481982800E+01 -0.361405006880E+02  0.236970522200E+02  0.707106740140E+00
 -0.346410179100E+01 -0.358470910830E+02  0.234093547150E+02  0.100000000000E+01
 -0.348855030800E+01 -0.356950779720E+02  0.230610477710E+02  0.707109067999E+00
 -0.342931482100E+01 -0.360308170340E+02  0.228675324430E+02  0.100000000000E+01
 -0.319444820000E+01 -0.361967387400E+02  0.227307115320E+02  0.707107462727E+00
 -0.311355854500E+01 -0.364092232660E+02  0.229270855000E+02  0.100000000000E+01
 -0.314860107200E+01 -0.365363098170E+02  0.231855131150E+02  0.707104656657E+00
 -0.336543017900E+01 -0.364149735900E+02  0.233617399880E+02  0.100000000000E+01
 -0.326422594000E+01 -0.361528416830E+02  0.231446725210E+02  0.100000000000E+01
 -0.326422594000E+01 -0.361528416830E+02  0.231446725210E+02  0.707105976909E+00
 -0.326422594000E+01 -0.361528416830E+02  0.231446725210E+02  0.100000000000E+01
 -0.326422594000E+01 -0.361528416830E+02  0.231446725210E+02  0.707104489710E+00
 -0.326422594000E+01 -0.361528416830E+02  0.231446725210E+02  0.100000000000E+01
 -0.326422594000E+01 -0.361528416830E+02  0.231446725210E+02  0.707107049038E+00
 -0.326422594000E+01 -0.361528416830E+02  0.231446725210E+02  0.100000000000E+01
 -0.326422594000E+01 -0.361528416830E+02  0.231446725210E+02  0.707108736205E+00
 -0.326422594000E+01 -0.361528416830E+02  0.231446725210E+02  0.100000000000E+01
 -0.322829566200E+01 -0.363469350820E+02  0.233973985500E+02  0.100000000000E+01
 -0.328544593300E+01 -0.360784207410E+02  0.236893224660E+02  0.707105976909E+00
 -0.333480461400E+01 -0.358159223750E+02  0.234134592650E+02  0.100000000000E+01
 -0.336625521500E+01 -0.356398692120E+02  0.230859196490E+02  0.707104489710E+00
 -0.330127441500E+01 -0.359527116010E+02  0.228840813330E+02  0.100000000000E+01
 -0.307934506300E+01 -0.361495567640E+02  0.227216787190E+02  0.707107049038E+00
 -0.300935287700E+01 -0.363695267580E+02  0.229420257680E+02  0.100000000000E+01
 -0.302400338600E+01 -0.365050939110E+02  0.232082694310E+02  0.707108736205E+00
 -0.322829566200E+01 -0.363469350820E+02  0.233973985500E+02  0.100000000000E+01
 -0.312740504900E+01 -0.360895530540E+02  0.231726615640E+02  0.100000000000E+01
 -0.312740504900E+01 -0.360895530540E+02  0.231726615640E+02  0.707105597889E+00
 -0.312740504900E+01 -0.360895530540E+02  0.231726615640E+02  0.100000000000E+01
 -0.312740504900E+01 -0.360895530540E+02  0.231726615640E+02  0.707105873145E+00
 -0.312740504900E+01 -0.360895530540E+02  0.231726615640E+02  0.100000000000E+01
 -0.312740504900E+01 -0.360895530540E+02  0.231726615640E+02  0.707107705727E+00
 -0.312740504900E+01 -0.360895530540E+02  0.231726615640E+02  0.100000000000E+01
 -0.312740504900E+01 -0.360895530540E+02  0.231726615640E+02  0.707107513687E+00
 -0.312740504900E+01 -0.360895530540E+02  0.231726615640E+02  0.100000000000E+01
 -0.308829469700E+01 -0.362808419530E+02  0.234244857640E+02  0.100000000000E+01
 -0.315520936000E+01 -0.360212413650E+02  0.236458750320E+02  0.707105597889E+00
 -0.319864274600E+01 -0.358117687170E+02  0.233947323760E+02  0.100000000000E+01
 -0.323337716600E+01 -0.356354019780E+02  0.231086161620E+02  0.707105873145E+00
 -0.316878505200E+01 -0.358871659420E+02  0.229062235780E+02  0.100000000000E+01
 -0.295414698200E+01 -0.361040998630E+02  0.226763122430E+02  0.707107705727E+00
 -0.289347312900E+01 -0.363388448560E+02  0.229469658460E+02  0.100000000000E+01
 -0.289036516200E+01 -0.364921681380E+02  0.232343021530E+02  0.707107513687E+00
 -0.308829469700E+01 -0.362808419530E+02  0.234244857640E+02  0.100000000000E+01
 -0.298836557500E+01 -0.360291767460E+02  0.231957476090E+02  0.100000000000E+01
 -0.298836557500E+01 -0.360291767460E+02  0.231957476090E+02  0.707106150093E+00
 -0.298836557500E+01 -0.360291767460E+02  0.231957476090E+02  0.100000000000E+01
 -0.298836557500E+01 -0.360291767460E+02  0.231957476090E+02  0.707104158280E+00
 -0.298836557500E+01 -0.360291767460E+02  0.231957476090E+02  0.100000000000E+01
 -0.298836557500E+01 -0.360291767460E+02  0.231957476090E+02  0.707107448923E+00
 -0.298836557500E+01 -0.360291767460E+02  0.231957476090E+02  0.100000000000E+01
 -0.298836557500E+01 -0.360291767460E+02  0.231957476090E+02  0.707108906483E+00
 -0.298836557500E+01 -0.360291767460E+02  0.231957476090E+02  0.100000000000E+01
 -0.294630825800E+01 -0.362162650480E+02  0.234446188740E+02  0.100000000000E+01
 -0.301838065900E+01 -0.359812625850E+02  0.235738431980E+02  0.707106150093E+00
 -0.306141815100E+01 -0.357993224400E+02  0.233808845980E+02  0.100000000000E+01
 -0.309558663100E+01 -0.356413296770E+02  0.231397503210E+02  0.707104158280E+00
 -0.303382960700E+01 -0.358269384110E+02  0.229267177240E+02  0.100000000000E+01
 -0.283886076200E+01 -0.360657099160E+02  0.226552610850E+02  0.707107448923E+00
 -0.276493923500E+01 -0.363251999950E+02  0.229354590470E+02  0.100000000000E+01
 -0.276144019100E+01 -0.364721425040E+02  0.232540625380E+02  0.707108906483E+00
 -0.294630825800E+01 -0.362162650480E+02  0.234446188740E+02  0.100000000000E+01
 -0.284787535400E+01 -0.359707401940E+02  0.232146920960E+02  0.100000000000E+01
 -0.284787535400E+01 -0.359707401940E+02  0.232146920960E+02  0.707104951428E+00
 -0.284787535400E+01 -0.359707401940E+02  0.232146920960E+02  0.100000000000E+01
 -0.284787535400E+01 -0.359707401940E+02  0.232146920960E+02  0.707105482311E+00
 -0.284787535400E+01 -0.359707401940E+02  0.232146920960E+02  0.100000000000E+01
 -0.284787535400E+01 -0.359707401940E+02  0.232146920960E+02  0.707108191669E+00
 -0.284787535400E+01 -0.359707401940E+02  0.232146920960E+02  0.100000000000E+01
 -0.284787535400E+01 -0.359707401940E+02  0.232146920960E+02  0.707108341234E+00
 -0.284787535400E+01 -0.359707401940E+02  0.232146920960E+02  0.100000000000E+01
 -0.280695542300E+01 -0.361364943170E+02  0.234374852600E+02  0.100000000000E+01
 -0.287914386300E+01 -0.359390590630E+02  0.235158000730E+02  0.707104951428E+00
 -0.292268932200E+01 -0.357809857410E+02  0.233696052570E+02  0.100000000000E+01
 -0.295983463000E+01 -0.356302626890E+02  0.231660735280E+02  0.707105482311E+00
 -0.289461714600E+01 -0.357814057500E+02  0.229601992290E+02  0.100000000000E+01
 -0.273314751000E+01 -0.360257299350E+02  0.226722198080E+02  0.707108191669E+00
 -0.264300154100E+01 -0.363077785590E+02  0.229263155830E+02  0.100000000000E+01
 -0.262532426900E+01 -0.364699986240E+02  0.232806773160E+02  0.707108341234E+00
 -0.280695542300E+01 -0.361364943170E+02  0.234374852600E+02  0.100000000000E+01
 -0.270658757500E+01 -0.359132108540E+02  0.232301836760E+02  0.100000000000E+01
 -0.270658757500E+01 -0.359132108540E+02  0.232301836760E+02  0.707108637348E+00
 -0.270658757500E+01 -0.359132108540E+02  0.232301836760E+02  0.100000000000E+01
 -0.270658757500E+01 -0.359132108540E+02  0.232301836760E+02  0.707104438774E+00
 -0.270658757500E+01 -0.359132108540E+02  0.232301836760E+02  0.100000000000E+01
 -0.270658757500E+01 -0.359132108540E+02  0.232301836760E+02  0.707106107697E+00
 -0.270658757500E+01 -0.359132108540E+02  0.232301836760E+02  0.100000000000E+01
 -0.270658757500E+01 -0.359132108540E+02  0.232301836760E+02  0.707107940920E+00
 -0.270658757500E+01 -0.359132108540E+02  0.232301836760E+02  0.100000000000E+01
 -0.266898894300E+01 -0.360515674130E+02  0.234182068130E+02  0.100000000000E+01
 -0.273805006300E+01 -0.358934848890E+02  0.234674512110E+02  0.707108637348E+00
 -0.277961573200E+01 -0.357637061390E+02  0.233548011840E+02  0.100000000000E+01
 -0.281866909300E+01 -0.356264715290E+02  0.231861022400E+02  0.707104438774E+00
 -0.275029752500E+01 -0.357523675700E+02  0.230116007060E+02  0.100000000000E+01
 -0.262737464300E+01 -0.359784199780E+02  0.226966712870E+02  0.707106107697E+00
 -0.253174268100E+01 -0.362711599830E+02  0.229318259660E+02  0.100000000000E+01
 -0.249747469200E+01 -0.364467526370E+02  0.233065279640E+02  0.707107940920E+00
 -0.266898894300E+01 -0.360515674130E+02  0.234182068130E+02  0.100000000000E+01
 -0.256513369000E+01 -0.358554030790E+02  0.232428789240E+02  0.100000000000E+01
 -0.256513369000E+01 -0.358554030790E+02  0.232428789240E+02  0.707109278900E+00
 -0.256513369000E+01 -0.358554030790E+02  0.232428789240E+02  0.100000000000E+01
 -0.256513369000E+01 -0.358554030790E+02  0.232428789240E+02  0.707104050031E+00
 -0.256513369000E+01 -0.358554030790E+02  0.232428789240E+02  0.100000000000E+01
 -0.256513369000E+01 -0.358554030790E+02  0.232428789240E+02  0.707105996502E+00
 -0.256513369000E+01 -0.358554030790E+02  0.232428789240E+02  0.100000000000E+01
 -0.256513369000E+01 -0.358554030790E+02  0.232428789240E+02  0.707107799303E+00
 -0.256513369000E+01 -0.358554030790E+02  0.232428789240E+02  0.100000000000E+01
 -0.253100674300E+01 -0.359687160000E+02  0.233988039690E+02  0.100000000000E+01
 -0.258634271900E+01 -0.358405156860E+02  0.234275670080E+02  0.707109278900E+00
 -0.262279751600E+01 -0.357355632560E+02  0.233425904270E+02  0.100000000000E+01
 -0.266060175500E+01 -0.356161490860E+02  0.232008365850E+02  0.707104050031E+00
 -0.260773830400E+01 -0.357139424360E+02  0.230482205680E+02  0.100000000000E+01
 -0.249479990000E+01 -0.359288396970E+02  0.227524398900E+02  0.707105996502E+00
 -0.239640896100E+01 -0.362060574340E+02  0.229511268520E+02  0.100000000000E+01
 -0.235950153600E+01 -0.363683223130E+02  0.233211659290E+02  0.707107799303E+00
 -0.253100674300E+01 -0.359687160000E+02  0.233988039690E+02  0.100000000000E+01
           1
           2
           3
           4
           5
           6
           7
           8
           9
          10
          11
          12
          13
          14
          15
          16
          17
          18
          19
          20
          21
          22
          23
          24
          25
          26
          27
          28
          29
          30
          31
          32
          33
          34
          35
          36
          37
          38
          39
          40
          41
          42
          43
          44
          45
          46
          47
          48
          49
          50
          51
          52
          53
          54
          55
          56
          57
          58
          59
          60
          61
          62
          63
          64
          65
          66
          67
          68
          69
          70
          71
          72
          73
          74
          75
          76
          77
          78
          79
          80
          81
          82
          83
          84
          85
          86
          87
          88
          89
          90
          91
          92
          93
          94
          95
          96
          97
          98
          99
         100
         101
         102
         103
         104
         105
         106
         107
         108
         109
         110
         111
         112
         113
         114
         115
         116
         117
         118
         119
         120
         121
         122
         123
         124
         125
         126
         127
         128
         129
         130
         131
         132
         133
         134
         135
         136
         137
         138
         139
         140
         141
         142
         143
         144
         145
         146
         147
         148
         149
         150
         151
         152
         153
         154
         155
         156
         157
         158
         159
         160
         161
         162
         163
         164
         165
         166
         167
         168
         169
         170
         171
         172
         173
         174
         175
         176
         177
         178
         179
         180
         181
         182
         183
         184
         185
         186
         187
         188
         189
         190
         191
         192
         193
         194
         195
         196
         197
         198
         199
         200
         201
         202
         203
         204
         205
         206
         207
         208
         209
         210
         211
         212
         213
         214
         215
         216
 1 0 0
 0 0 0
 0 0 0
 0 0 0
 0 0 0
 0 0 0
 0 0 0
 0 0 0
 0 0 0
 0 0 0
 0 0 0
 0 0 0
 0 0 0
 0 0 0
 0 0 0
 0 0 0
 0 0 0
 0 0 0
 0 0 0
 0 0 0
 0 0 0
 0 0 0
 0 0 0
 0 0 0
 0 0 0
 0 0 0
 0 0 0
 0 0 0
 0 0 0
 0 0 0
 0 0 0
 0 0 0
 0 0 0
 0 0 0
 0 0 0
 0 0 0
 0 0 0
 0 0 0
 0 0 0
 0 0 0
 0 0 0
 0 0 0
 0 0 0
 0 0 0
 0 0 0
 0 0 0
 0 0 0
 0 0 0
 0 0 0
 0 0 0
 0 0 0
 0 0 0
 0 0 0
 0 0 0
 0 0 0
 0 0 0
 0 0 0
 0 0 0
 0 0 0
 0 0 0
 0 0 0
 0 0 0
 0 0 0
 0 0 0
 0 0 0
 0 0 0
 0 0 0
 0 0 0
 0 0 0
 0 0 0
 0 0 0
 0 0 0
 0 0 0
 0 0 0
 0 0 0
 0 0 0
 0 0 0
 0 0 0
 0 0 0
 0 0 0
 0 0 0
 0 0 0
 0 0 0
 0 0 0
 0 0 0
 0 0 0
 0 0 0
 0 0 0
 0 0 0
 0 0 0
 0 0 0
 0 0 0
 0 0 0
 0 0 0
 0 0 0
 0 0 0
 0 0 0
 0 0 0
 0 0 0
 0 0 0
 0 0 0
 0 0 0
 0 0 0
 0 0 0
 0 0 0
 0 0 0
 0 0 0
 0 0 0
 0 0 0
 0 0 0
 0 0 0
 0 0 0
 0 0 0
 0 0 0
 0 0 0
 0 0 0
 0 0 0
 0 0 0
 0 0 0
 0 0 0
 0 0 0
 0 0 0
 0 0 0
 0 0 0
 0 0 0
 0 0 0
 0 0 0
 0 0 0
 0 0 0
 0 0 0
 0 0 0
 0 0 0
 0 0 0
 0 0 0
 0 0 0
 0 0 0
 0 0 0
 0 0 0
 0 0 0
 0 0 0
 0 0 0
 0 0 0
 0 0 0
 0 0 0
 0 0 0
 0 0 0
 0 0 0
 0 0 0
 0 0 0
 0 0 0
 0 0 0
 0 0 0
 0 0 0
 0 0 0
 0 0 0
 0 0 0
 0 0 0
 0 0 0
 0 0 0
 0 0 0
 0 0 0
 0 0 0
 0 0 0
 0 0 0
 0 0 0
 0 0 0
 0 0 0
 0 0 0
 0 0 0
 0 0 0
 0 0 0
 0 0 0
 0 0 0
 0 0 0
 0 0 0
 0 0 0
 0 0 0
 0 0 0
 0 0 0
 0 0 0
 0 0 0
 0 0 0
 0 0 0
 0 0 0
 0 0 0
 0 0 0
 0 0 0
 0 0 0
 0 0 0
 0 0 0
 0 0 0
 0 0 0
 0 0 0
 0 0 0
 0 0 0
 0 0 0
 0 0 0
 0 0 0
 0 0 0
 0 0 0
 0 0 0
 0 0 0
 0 0 0
 0 0 0
 0 0 0
 0 0 0
 0 0 0
 0 0 0
 0 0 0
 0 0 0
 0 0 0
 0 0 0
 0 0 0
 0 0 0
 0 0 0
 0 0 0
 0 0 0
  0.000000000  0.000000000  0.000000000
  0.000000000  0.000000000  0.000000000
  0.000000000  0.000000000  0.000000000
  0.000000000  0.000000000  0.000000000
  0.000000000  0.000000000  0.000000000
  0.000000000  0.000000000  0.000000000
  0.000000000  0.000000000  0.000000000
  0.000000000  0.000000000  0.000000000
  0.000000000  0.000000000  0.000000000
  0.000000000  0.000000000  0.000000000
  0.000000000  0.000000000  0.000000000
  0.000000000  0.000000000  0.000000000
  0.000000000  0.000000000  0.000000000
  0.000000000  0.000000000  0.000000000
  0.000000000  0.000000000  0.000000000
  0.000000000  0.000000000  0.000000000
  0.000000000  0.000000000  0.000000000
  0.000000000  0.000000000  0.000000000
  0.000000000  0.000000000  0.000000000
  0.000000000  0.000000000  0.000000000
  0.000000000  0.000000000  0.000000000
  0.000000000  0.000000000  0.000000000
  0.000000000  0.000000000  0.000000000
  0.000000000  0.000000000  0.000000000
  0.000000000  0.000000000  0.000000000
  0.000000000  0.000000000  0.000000000
  0.000000000  0.000000000  0.000000000
  0.000000000  0.000000000  0.000000000
  0.000000000  0.000000000  0.000000000
  0.000000000  0.000000000  0.000000000
  0.000000000  0.000000000  0.000000000
  0.000000000  0.000000000  0.000000000
  0.000000000  0.000000000  0.000000000
  0.000000000  0.000000000  0.000000000
  0.000000000  0.000000000  0.000000000
  0.000000000  0.000000000  0.000000000
  0.000000000  0.000000000  0.000000000
  0.000000000  0.000000000  0.000000000
  0.000000000  0.000000000  0.000000000
  0.000000000  0.000000000  0.000000000
  0.000000000  0.000000000  0.000000000
  0.000000000  0.000000000  0.000000000
  0.000000000  0.000000000  0.000000000
  0.000000000  0.000000000  0.000000000
  0.000000000  0.000000000  0.000000000
  0.000000000  0.000000000  0.000000000
  0.000000000  0.000000000  0.000000000
  0.000000000  0.000000000  0.000000000
  0.000000000  0.000000000  0.000000000
  0.000000000  0.000000000  0.000000000
  0.000000000  0.000000000  0.000000000
  0.000000000  0.000000000  0.000000000
  0.000000000  0.000000000  0.000000000
  0.000000000  0.000000000  0.000000000
  0.000000000  0.000000000  0.000000000
  0.000000000  0.000000000  0.000000000
  0.000000000  0.000000000  0.000000000
  0.000000000  0.000000000  0.000000000
  0.000000000  0.000000000  0.000000000
  0.000000000  0.000000000  0.000000000
  0.000000000  0.000000000  0.000000000
  0.000000000  0.000000000  0.000000000
  0.000000000  0.000000000  0.000000000
  0.000000000  0.000000000  0.000000000
  0.000000000  0.000000000  0.000000000
  0.000000000  0.000000000  0.000000000
  0.000000000  0.000000000  0.000000000
  0.000000000  0.000000000  0.000000000
  0.000000000  0.000000000  0.000000000
  0.000000000  0.000000000  0.000000000
  0.000000000  0.000000000  0.000000000
  0.000000000  0.000000000  0.000000000
  0.000000000  0.000000000  0.000000000
  0.000000000  0.000000000  0.000000000
  0.000000000  0.000000000  0.000000000
  0.000000000  0.000000000  0.000000000
  0.000000000  0.000000000  0.000000000
  0.000000000  0.000000000  0.000000000
  0.000000000  0.000000000  0.000000000
  0.000000000  0.000000000  0.000000000
  0.000000000  0.000000000  0.000000000
  0.000000000  0.000000000  0.000000000
  0.000000000  0.000000000  0.000000000
  0.000000000  0.000000000  0.000000000
  0.000000000  0.000000000  0.000000000
  0.000000000  0.000000000  0.000000000
  0.000000000  0.000000000  0.000000000
  0.000000000  0.000000000  0.000000000
  0.000000000  0.000000000  0.000000000
  0.000000000  0.000000000  0.000000000
  0.000000000  0.000000000  0.000000000
  0.000000000  0.000000000  0.000000000
  0.000000000  0.000000000  0.000000000
  0.000000000  0.000000000  0.000000000
  0.000000000  0.000000000  0.000000000
  0.000000000  0.000000000  0.000000000
  0.000000000  0.000000000  0.000000000
  0.000000000  0.000000000  0.000000000
  0.000000000  0.000000000  0.000000000
  0.000000000  0.000000000  0.000000000
  0.000000000  0.000000000  0.000000000
  0.000000000  0.000000000  0.000000000
  0.000000000  0.000000000  0.000000000
  0.000000000  0.000000000  0.000000000
  0.000000000  0.000000000  0.000000000
  0.000000000  0.000000000  0.000000000
  0.000000000  0.000000000  0.000000000
  0.000000000  0.000000000  0.000000000
  0.000000000  0.000000000  0.000000000
  0.000000000  0.000000000  0.000000000
  0.000000000  0.000000000  0.000000000
  0.000000000  0.000000000  0.000000000
  0.000000000  0.000000000  0.000000000
  0.000000000  0.000000000  0.000000000
  0.000000000  0.000000000  0.000000000
  0.000000000  0.000000000  0.000000000
  0.000000000  0.000000000  0.000000000
  0.000000000  0.000000000  0.000000000
  0.000000000  0.000000000  0.000000000
  0.000000000  0.000000000  0.000000000
  0.000000000  0.000000000  0.000000000
  0.000000000  0.000000000  0.000000000
  0.000000000  0.000000000  0.000000000
  0.000000000  0.000000000  0.000000000
  0.000000000  0.000000000  0.000000000
  0.000000000  0.000000000  0.000000000
  0.000000000  0.000000000  0.000000000
  0.000000000  0.000000000  0.000000000
  0.000000000  0.000000000  0.000000000
  0.000000000  0.000000000  0.000000000
  0.000000000  0.000000000  0.000000000
  0.000000000  0.000000000  0.000000000
  0.000000000  0.000000000  0.000000000
  0.000000000  0.000000000  0.000000000
  0.000000000  0.000000000  0.000000000
  0.000000000  0.000000000  0.000000000
  0.000000000  0.000000000  0.000000000
  0.000000000  0.000000000  0.000000000
  0.000000000  0.000000000  0.000000000
  0.000000000  0.000000000  0.000000000
  0.000000000  0.000000000  0.000000000
  0.000000000  0.000000000  0.000000000
  0.000000000  0.000000000  0.000000000
  0.000000000  0.000000000  0.000000000
  0.000000000  0.000000000  0.000000000
  0.000000000  0.000000000  0.000000000
  0.000000000  0.000000000  0.000000000
  0.000000000  0.000000000  0.000000000
  0.000000000  0.000000000  0.000000000
  0.000000000  0.000000000  0.000000000
  0.000000000  0.000000000  0.000000000
  0.000000000  0.000000000  0.000000000
  0.000000000  0.000000000  0.000000000
  0.000000000  0.000000000  0.000000000
  0.000000000  0.000000000  0.000000000
  0.000000000  0.000000000  0.000000000
  0.000000000  0.000000000  0.000000000
  0.000000000  0.000000000  0.000000000
  0.000000000  0.000000000  0.000000000
  0.000000000  0.000000000  0.000000000
  0.000000000  0.000000000  0.000000000
  0.000000000  0.000000000  0.000000000
  0.000000000  0.000000000  0.000000000
  0.000000000  0.000000000  0.000000000
  0.000000000  0.000000000  0.000000000
  0.000000000  0.000000000  0.000000000
  0.000000000  0.000000000  0.000000000
  0.000000000  0.000000000  0.000000000
  0.000000000  0.000000000  0.000000000
  0.000000000  0.000000000  0.000000000
  0.000000000  0.000000000  0.000000000
  0.000000000  0.000000000  0.000000000
  0.000000000  0.000000000  0.000000000
  0.000000000  0.000000000  0.000000000
  0.000000000  0.000000000  0.000000000
  0.000000000  0.000000000  0.000000000
  0.000000000  0.000000000  0.000000000
  0.000000000  0.000000000  0.000000000
  0.000000000  0.000000000  0.000000000
  0.000000000  0.000000000  0.000000000
  0.000000000  0.000000000  0.000000000
  0.000000000  0.000000000  0.000000000
  0.000000000  0.000000000  0.000000000
  0.000000000  0.000000000  0.000000000
  0.000000000  0.000000000  0.000000000
  0.000000000  0.000000000  0.000000000
  0.000000000  0.000000000  0.000000000
  0.000000000  0.000000000  0.000000000
  0.000000000  0.000000000  0.000000000
  0.000000000  0.000000000  0.000000000
  0.000000000  0.000000000  0.000000000
  0.000000000  0.000000000  0.000000000
  0.000000000  0.000000000  0.000000000
  0.000000000  0.000000000  0.000000000
  0.000000000  0.000000000  0.000000000
  0.000000000  0.000000000  0.000000000
  0.000000000  0.000000000  0.000000000
  0.000000000  0.000000000  0.000000000
  0.000000000  0.000000000  0.000000000
  0.000000000  0.000000000  0.000000000
  0.000000000  0.000000000  0.000000000
  0.000000000  0.000000000  0.000000000
  0.000000000  0.000000000  0.000000000
  0.000000000  0.000000000  0.000000000
  0.000000000  0.000000000  0.000000000
  0.000000000  0.000000000  0.000000000
  0.000000000  0.000000000  0.000000000
  0.000000000  0.000000000  0.000000000
  0.000000000  0.000000000  0.000000000
  0.000000000  0.000000000  0.000000000
  0.000000000  0.000000000  0.000000000
  0.000000000  0.000000000  0.000000000
  0.000000000  0.000000000  0.000000000
  0.000000000  0.000000000  0.000000000
  0.000000000  0.000000000  0.000000000
  0.000000000  0.000000000  0.000000000
 0 0 0
 0 0 0
 0 0 0
 0 0 0
 0 0 0
 0 0 0
 0 0 0
 0 0 0
 0 0 0
 0 0 0
 0 0 0
 0 0 0
 0 0 0
 0 0 0
 0 0 0
 0 0 0
 0 0 0
 0 0 0
 0 0 0
 0 0 0
 0 0 0
 0 0 0
 0 0 0
 0 0 0
 0 0 0
 0 0 0
 0 0 0
 0 0 0
 0 0 0
 0 0 0
 0 0 0
 0 0 0
 0 0 0
 0 0 0
 0 0 0
 0 0 0
 0 0 0
 0 0 0
 0 0 0
 0 0 0
 0 0 0
 0 0 0
 0 0 0
 0 0 0
 0 0 0
 0 0 0
 0 0 0
 0 0 0
 0 0 0
 0 0 0
 0 0 0
 0 0 0
 0 0 0
 0 0 0
 0 0 0
 0 0 0
 0 0 0
 0 0 0
 0 0 0
 0 0 0
 0 0 0
 0 0 0
 0 0 0
 0 0 0
 0 0 0
 0 0 0
 0 0 0
 0 0 0
 0 0 0
 0 0 0
 0 0 0
 0 0 0
 0 0 0
 0 0 0
 0 0 0
 0 0 0
 0 0 0
 0 0 0
 0 0 0
 0 0 0
 0 0 0
 0 0 0
 0 0 0
 0 0 0
 0 0 0
 0 0 0
 0 0 0
 0 0 0
 0 0 0
 0 0 0
 0 0 0
 0 0 0
 0 0 0
 0 0 0
 0 0 0
 0 0 0
 0 0 0
 0 0 0
 0 0 0
 0 0 0
 0 0 0
 0 0 0
 0 0 0
 0 0 0
 0 0 0
 0 0 0
 0 0 0
 0 0 0
 0 0 0
 0 0 0
 0 0 0
 0 0 0
 0 0 0
 0 0 0
 0 0 0
 0 0 0
 0 0 0
 0 0 0
 0 0 0
 0 0 0
 0 0 0
 0 0 0
 0 0 0
 0 0 0
 0 0 0
 0 0 0
 0 0 0
 0 0 0
 0 0 0
 0 0 0
 0 0 0
 0 0 0
 0 0 0
 0 0 0
 0 0 0
 0 0 0
 0 0 0
 0 0 0
 0 0 0
 0 0 0
 0 0 0
 0 0 0
 0 0 0
 0 0 0
 0 0 0
 0 0 0
 0 0 0
 0 0 0
 0 0 0
 0 0 0
 0 0 0
 0 0 0
 0 0 0
 0 0 0
  0.000000000  0.000000000  0.000000000
  0.000000000  0.000000000  0.000000000
  0.000000000  0.000000000  0.000000000
  0.000000000  0.000000000  0.000000000
  0.000000000  0.000000000  0.000000000
  0.000000000  0.000000000  0.000000000
  0.000000000  0.000000000  0.000000000
  0.000000000  0.000000000  0.000000000
  0.000000000  0.000000000  0.000000000
  0.000000000  0.000000000  0.000000000
  0.000000000  0.000000000  0.000000000
  0.000000000  0.000000000  0.000000000
  0.000000000  0.000000000  0.000000000
  0.000000000  0.000000000  0.000000000
  0.000000000  0.000000000  0.000000000
  0.000000000  0.000000000  0.000000000
  0.000000000  0.000000000  0.000000000
  0.000000000  0.000000000  0.000000000
  0.000000000  0.000000000  0.000000000
  0.000000000  0.000000000  0.000000000
  0.000000000  0.000000000  0.000000000
  0.000000000  0.000000000  0.000000000
  0.000000000  0.000000000  0.000000000
  0.000000000  0.000000000  0.000000000
  0.000000000  0.000000000  0.000000000
  0.000000000  0.000000000  0.000000000
  0.000000000  0.000000000  0.000000000
  0.000000000  0.000000000  0.000000000
  0.000000000  0.000000000  0.000000000
  0.000000000  0.000000000  0.000000000
  0.000000000  0.000000000  0.000000000
  0.000000000  0.000000000  0.000000000
  0.000000000  0.000000000  0.000000000
  0.000000000  0.000000000  0.000000000
  0.000000000  0.000000000  0.000000000
  0.000000000  0.000000000  0.000000000
  0.000000000  0.000000000  0.000000000
  0.000000000  0.000000000  0.000000000
  0.000000000  0.000000000  0.000000000
  0.000000000  0.000000000  0.000000000
  0.000000000  0.000000000  0.000000000
  0.000000000  0.000000000  0.000000000
  0.000000000  0.000000000  0.000000000
  0.000000000  0.000000000  0.000000000
  0.000000000  0.000000000  0.000000000
  0.000000000  0.000000000  0.000000000
  0.000000000  0.000000000  0.000000000
  0.000000000  0.000000000  0.000000000
  0.000000000  0.000000000  0.000000000
  0.000000000  0.000000000  0.000000000
  0.000000000  0.000000000  0.000000000
  0.000000000  0.000000000  0.000000000
  0.000000000  0.000000000  0.000000000
  0.000000000  0.000000000  0.000000000
  0.000000000  0.000000000  0.000000000
  0.000000000  0.000000000  0.000000000
  0.000000000  0.000000000  0.000000000
  0.000000000  0.000000000  0.000000000
  0.000000000  0.000000000  0.000000000
  0.000000000  0.000000000  0.000000000
  0.000000000  0.000000000  0.000000000
  0.000000000  0.000000000  0.000000000
  0.000000000  0.000000000  0.000000000
  0.000000000  0.000000000  0.000000000
  0.000000000  0.000000000  0.000000000
  0.000000000  0.000000000  0.000000000
  0.000000000  0.000000000  0.000000000
  0.000000000  0.000000000  0.000000000
  0.000000000  0.000000000  0.000000000
  0.000000000  0.000000000  0.000000000
  0.000000000  0.000000000  0.000000000
  0.000000000  0.000000000  0.000000000
  0.000000000  0.000000000  0.000000000
  0.000000000  0.000000000  0.000000000
  0.000000000  0.000000000  0.000000000
  0.000000000  0.000000000  0.000000000
  0.000000000  0.000000000  0.000000000
  0.000000000  0.000000000  0.000000000
  0.000000000  0.000000000  0.000000000
  0.000000000  0.000000000  0.000000000
  0.000000000  0.000000000  0.000000000
  0.000000000  0.000000000  0.000000000
  0.000000000  0.000000000  0.000000000
  0.000000000  0.000000000  0.000000000
  0.000000000  0.000000000  0.000000000
  0.000000000  0.000000000  0.000000000
  0.000000000  0.000000000  0.000000000
  0.000000000  0.000000000  0.000000000
  0.000000000  0.000000000  0.000000000
  0.000000000  0.000000000  0.000000000
  0.000000000  0.000000000  0.000000000
  0.000000000  0.000000000  0.000000000
  0.000000000  0.000000000  0.000000000
  0.000000000  0.000000000  0.000000000
  0.000000000  0.000000000  0.000000000
  0.000000000  0.000000000  0.000000000
  0.000000000  0.000000000  0.000000000
  0.000000000  0.000000000  0.000000000
  0.000000000  0.000000000  0.000000000
  0.000000000  0.000000000  0.000000000
  0.000000000  0.000000000  0.000000000
  0.000000000  0.000000000  0.000000000
  0.000000000  0.000000000  0.000000000
  0.000000000  0.000000000  0.000000000
  0.000000000  0.000000000  0.000000000
  0.000000000  0.000000000  0.000000000
  0.000000000  0.000000000  0.000000000
  0.000000000  0.000000000  0.000000000
  0.000000000  0.000000000  0.000000000
  0.000000000  0.000000000  0.000000000
  0.000000000  0.000000000  0.000000000
  0.000000000  0.000000000  0.000000000
  0.000000000  0.000000000  0.000000000
  0.000000000  0.000000000  0.000000000
  0.000000000  0.000000000  0.000000000
  0.000000000  0.000000000  0.000000000
  0.000000000  0.000000000  0.000000000
  0.000000000  0.000000000  0.000000000
  0.000000000  0.000000000  0.000000000
  0.000000000  0.000000000  0.000000000
  0.000000000  0.000000000  0.000000000
  0.000000000  0.000000000  0.000000000
  0.000000000  0.000000000  0.000000000
  0.000000000  0.000000000  0.000000000
  0.000000000  0.000000000  0.000000000
  0.000000000  0.000000000  0.000000000
  0.000000000  0.000000000  0.000000000
  0.000000000  0.000000000  0.000000000
  0.000000000  0.000000000  0.000000000
  0.000000000  0.000000000  0.000000000
  0.000000000  0.000000000  0.000000000
  0.000000000  0.000000000  0.000000000
  0.000000000  0.000000000  0.000000000
  0.000000000  0.000000000  0.000000000
  0.000000000  0.000000000  0.000000000
  0.000000000  0.000000000  0.000000000
  0.000000000  0.000000000  0.000000000
  0.000000000  0.000000000  0.000000000
  0.000000000  0.000000000  0.000000000
  0.000000000  0.000000000  0.000000000
  0.000000000  0.000000000  0.000000000
  0.000000000  0.000000000  0.000000000
  0.000000000  0.000000000  0.000000000
  0.000000000  0.000000000  0.000000000
  0.000000000  0.000000000  0.000000000
  0.000000000  0.000000000  0.000000000
  0.000000000  0.000000000  0.000000000
  0.000000000  0.000000000  0.000000000
  0.000000000  0.000000000  0.000000000
  0.000000000  0.000000000  0.000000000
  0.000000000  0.000000000  0.000000000
  0.000000000  0.000000000  0.000000000
  0.000000000  0.000000000  0.000000000
  0.000000000  0.000000000  0.000000000
  0.000000000  0.000000000  0.000000000
  0.000000000  0.000000000  0.000000000
  0.000000000  0.000000000  0.000000000
  0.000000000  0.000000000  0.000000000
  0.000000000  0.000000000  0.000000000
  0.000000000  0.000000000  0.000000000
  0.000000000  0.000000000  0.000000000
  0.000000000  0.000000000  0.000000000
  0.000000000  0.000000000  0.000000000
  0.000000000  0.000000000  0.000000000
  0.000000000  0.000000000  0.000000000
  0.000000000  0.000000000  0.000000000
  0.000000000  0.000000000  0.000000000
  0.000000000  0.000000000  0.000000000
  0.000000000  0.000000000  0.000000000
  0.000000000  0.000000000  0.000000000
  0.000000000  0.000000000  0.000000000
  0.000000000  0.000000000  0.000000000
  0.000000000  0.000000000  0.000000000
  0.000000000  0.000000000  0.000000000
  0.000000000  0.000000000  0.000000000
  0.000000000  0.000000000  0.000000000
  0.000000000  0.000000000  0.000000000
  0.000000000  0.000000000  0.000000000
  0.000000000  0.000000000  0.000000000
  0.000000000  0.000000000  0.000000000
  0.000000000  0.000000000  0.000000000
  0.000000000  0.000000000  0.000000000
  0.000000000  0.000000000  0.000000000
  0.000000000  0.000000000  0.000000000
  0.000000000  0.000000000  0.000000000
  0.000000000  0.000000000  0.000000000
  0.000000000  0.000000000  0.000000000
  0.000000000  0.000000000  0.000000000
  0.000000000  0.000000000  0.000000000
  0.000000000  0.000000000  0.000000000
  0.000000000  0.000000000  0.000000000
  0.000000000  0.000000000  0.000000000
  0.000000000  0.000000000  0.000000000
  0.000000000  0.000000000  0.000000000
  0.000000000  0.000000000  0.000000000
  0.000000000  0.000000000  0.000000000
  0.000000000  0.000000000  0.000000000
  0.000000000  0.000000000  0.000000000
  0.000000000  0.000000000  0.000000000
  0.000000000  0.000000000  0.000000000
  0.000000000  0.000000000  0.000000000
  0.000000000  0.000000000  0.000000000
  0.000000000  0.000000000  0.000000000
  0.000000000  0.000000000  0.000000000
  0.000000000  0.000000000  0.000000000
  0.000000000  0.000000000  0.000000000
  0.000000000  0.000000000  0.000000000
  0.000000000  0.000000000  0.000000000
  0.000000000  0.000000000  0.000000000
  0.000000000  0.000000000  0.000000000
  0.000000000  0.000000000  0.000000000
  0.000000000  0.000000000  0.000000000
  0.000000000  0.000000000  0.000000000
  0.000000000  0.000000000  0.000000000
  0.000000000  0.000000000  0.000000000
  0.000000000  0.000000000  0.000000000
  0.000000000  0.000000000  0.000000000
  0.000000000  0.000000000  0.000000000
  0.000000000  0.000000000  0.000000000
  0.000000000  0.000000000  0.000000000
  0.000000000  0.000000000  0.000000000
  0.000000000  0.000000000  0.000000000
  0.000000000  0.000000000  0.000000000
  0.000000000  0.000000000  0.000000000
   1.06000000000000     
   1.06000000000000     
   1.06000000000000     
   1.06000000000000     
   1.06000000000000     
   1.06000000000000     
   1.06000000000000     
   1.06000000000000     
   1.06000000000000     
   1.06000000000000     
   1.06000000000000     
   1.06000000000000     
   1.06000000000000     
   1.06000000000000     
   1.06000000000000     
   1.06000000000000     
   1.06000000000000     
   1.06000000000000     
   1.06000000000000     
   1.06000000000000     
   1.06000000000000     
   1.06000000000000     
   1.06000000000000     
   1.06000000000000     
   1.06000000000000     
   1.06000000000000     
   1.06000000000000     
   1.06000000000000     
   1.06000000000000     
   1.06000000000000     
   1.06000000000000     
   1.06000000000000     
   1.06000000000000     
   1.06000000000000     
   1.06000000000000     
   1.06000000000000     
   1.06000000000000     
   1.06000000000000     
   1.06000000000000     
   1.06000000000000     
   1.06000000000000     
   1.06000000000000     
   1.06000000000000     
   1.06000000000000     
   1.06000000000000     
   1.06000000000000     
   1.06000000000000     
   1.06000000000000     
   1.06000000000000     
   1.06000000000000     
   1.06000000000000     
   1.06000000000000     
   1.06000000000000     
   1.06000000000000     
   1.06000000000000     
   1.06000000000000     
   1.06000000000000     
   1.06000000000000     
   1.06000000000000     
   1.06000000000000     
   1.06000000000000     
   1.06000000000000     
   1.06000000000000     
   1.06000000000000     
   1.06000000000000     
   1.06000000000000     
   1.06000000000000     
   1.06000000000000     
   1.06000000000000     
   1.06000000000000     
  3.000000000000000E-002
  3.000000000000000E-002
  3.000000000000000E-002
  3.000000000000000E-002
  3.000000000000000E-002
  3.000000000000000E-002
  3.000000000000000E-002
  3.000000000000000E-002
  3.000000000000000E-002
  3.000000000000000E-002
  3.000000000000000E-002
  3.000000000000000E-002
  3.000000000000000E-002
  3.000000000000000E-002
  3.000000000000000E-002
  3.000000000000000E-002
  3.000000000000000E-002
  3.000000000000000E-002
  3.000000000000000E-002
  3.000000000000000E-002
  3.000000000000000E-002
  3.000000000000000E-002
  3.000000000000000E-002
  3.000000000000000E-002
  3.000000000000000E-002
  3.000000000000000E-002
  3.000000000000000E-002
  3.000000000000000E-002
  3.000000000000000E-002
  3.000000000000000E-002
  3.000000000000000E-002
  3.000000000000000E-002
  3.000000000000000E-002
  3.000000000000000E-002
  3.000000000000000E-002
  3.000000000000000E-002
  3.000000000000000E-002
  3.000000000000000E-002
  3.000000000000000E-002
  3.000000000000000E-002
  3.000000000000000E-002
  3.000000000000000E-002
  3.000000000000000E-002
  3.000000000000000E-002
  3.000000000000000E-002
  3.000000000000000E-002
  3.000000000000000E-002
  3.000000000000000E-002
  3.000000000000000E-002
  3.000000000000000E-002
  3.000000000000000E-002
  3.000000000000000E-002
  3.000000000000000E-002
  3.000000000000000E-002
  3.000000000000000E-002
  3.000000000000000E-002
  3.000000000000000E-002
  3.000000000000000E-002
  3.000000000000000E-002
  3.000000000000000E-002
  3.000000000000000E-002
  3.000000000000000E-002
  3.000000000000000E-002
  3.000000000000000E-002
  3.000000000000000E-002
  3.000000000000000E-002
  3.000000000000000E-002
  3.000000000000000E-002
  3.000000000000000E-002
  3.000000000000000E-002
