           3
 2 1 2
   9   2  20
  0.000000000  0.000000000  0.000000000  0.250000000  0.250000000  0.500000000  0.500000000  0.750000000  0.750000000  1.000000000  1.000000000  1.000000000
  0.000000000  0.000000000  1.000000000  1.000000000
  0.341226216  0.341226216  0.341226216  0.341696030  0.342165845  0.342635659  0.343105473  0.343575288  0.344045102  0.344514917  0.344984731  0.345454546  0.345924360  0.346394175  0.346863989  0.347333803  0.347803618  0.348273432  0.348743247  0.349213061  0.349682875  0.349682875  0.349682875
 -0.167503350180E+02 -0.200010371190E+02  0.422099295270E+02  0.100000000000E+01
 -0.167503350180E+02 -0.200010371190E+02  0.422099295270E+02  0.707106536150E+00
 -0.167503350180E+02 -0.200010371190E+02  0.422099295270E+02  0.100000000000E+01
 -0.167503350180E+02 -0.200010371190E+02  0.422099295270E+02  0.707107547118E+00
 -0.167503350180E+02 -0.200010371190E+02  0.422099295270E+02  0.100000000000E+01
 -0.167503350180E+02 -0.200010371190E+02  0.422099295270E+02  0.707107299834E+00
 -0.167503350180E+02 -0.200010371190E+02  0.422099295270E+02  0.100000000000E+01
 -0.167503350180E+02 -0.200010371190E+02  0.422099295270E+02  0.707106379743E+00
 -0.167503350180E+02 -0.200010371190E+02  0.422099295270E+02  0.100000000000E+01
 -0.165720978640E+02 -0.199843431090E+02  0.418505087160E+02  0.100000000000E+01
 -0.169680484150E+02 -0.202247528630E+02  0.414657666490E+02  0.707106536150E+00
 -0.172594089360E+02 -0.202706615480E+02  0.419449564930E+02  0.100000000000E+01
 -0.174630247190E+02 -0.202688660870E+02  0.424769837000E+02  0.707107547118E+00
 -0.170228421790E+02 -0.200265615890E+02  0.427594475790E+02  0.100000000000E+01
 -0.165574104550E+02 -0.203873330990E+02  0.428741654960E+02  0.707107299834E+00
 -0.162425581830E+02 -0.204355087740E+02  0.424415575900E+02  0.100000000000E+01
 -0.162070631070E+02 -0.202878560770E+02  0.419940413860E+02  0.707106379743E+00
 -0.165720978640E+02 -0.199843431090E+02  0.418505087160E+02  0.100000000000E+01
 -0.167274569960E+02 -0.202948262490E+02  0.422031574990E+02  0.100000000000E+01
 -0.167274569960E+02 -0.202948262490E+02  0.422031574990E+02  0.707105256823E+00
 -0.167274569960E+02 -0.202948262490E+02  0.422031574990E+02  0.100000000000E+01
 -0.167274569960E+02 -0.202948262490E+02  0.422031574990E+02  0.707107409935E+00
 -0.167274569960E+02 -0.202948262490E+02  0.422031574990E+02  0.100000000000E+01
 -0.167274569960E+02 -0.202948262490E+02  0.422031574990E+02  0.707108247739E+00
 -0.167274569960E+02 -0.202948262490E+02  0.422031574990E+02  0.100000000000E+01
 -0.167274569960E+02 -0.202948262490E+02  0.422031574990E+02  0.707106385430E+00
 -0.167274569960E+02 -0.202948262490E+02  0.422031574990E+02  0.100000000000E+01
 -0.165552625050E+02 -0.202701239400E+02  0.418549125920E+02  0.100000000000E+01
 -0.169008534500E+02 -0.204606528050E+02  0.416520132320E+02  0.707105256823E+00
 -0.171861365870E+02 -0.205438213580E+02  0.419586976840E+02  0.100000000000E+01
 -0.173836364300E+02 -0.205582438080E+02  0.424471220060E+02  0.707107409935E+00
 -0.169728380440E+02 -0.203300282080E+02  0.426994183090E+02  0.100000000000E+01
 -0.165564627480E+02 -0.205819254780E+02  0.427825788900E+02  0.707108247739E+00
 -0.163183416920E+02 -0.205762217300E+02  0.423854904280E+02  0.100000000000E+01
 -0.162590155240E+02 -0.204835116700E+02  0.420155185290E+02  0.707106385430E+00
 -0.165552625050E+02 -0.202701239400E+02  0.418549125920E+02  0.100000000000E+01
 -0.166902688470E+02 -0.205871635430E+02  0.421976274310E+02  0.100000000000E+01
 -0.166902688470E+02 -0.205871635430E+02  0.421976274310E+02  0.707106743625E+00
 -0.166902688470E+02 -0.205871635430E+02  0.421976274310E+02  0.100000000000E+01
 -0.166902688470E+02 -0.205871635430E+02  0.421976274310E+02  0.707107446810E+00
 -0.166902688470E+02 -0.205871635430E+02  0.421976274310E+02  0.100000000000E+01
 -0.166902688470E+02 -0.205871635430E+02  0.421976274310E+02  0.707107426867E+00
 -0.166902688470E+02 -0.205871635430E+02  0.421976274310E+02  0.100000000000E+01
 -0.166902688470E+02 -0.205871635430E+02  0.421976274310E+02  0.707105917072E+00
 -0.166902688470E+02 -0.205871635430E+02  0.421976274310E+02  0.100000000000E+01
 -0.165256818330E+02 -0.205559755380E+02  0.418629765290E+02  0.100000000000E+01
 -0.168667467990E+02 -0.207594741770E+02  0.416108815040E+02  0.707106743625E+00
 -0.171642058800E+02 -0.208564118130E+02  0.419394444320E+02  0.100000000000E+01
 -0.173339607470E+02 -0.208679247710E+02  0.424252417390E+02  0.707107446810E+00
 -0.169088327390E+02 -0.206285803050E+02  0.426420267530E+02  0.100000000000E+01
 -0.165489699710E+02 -0.207844955060E+02  0.426805813650E+02  0.707107426867E+00
 -0.163697888390E+02 -0.207572730420E+02  0.423393925590E+02  0.100000000000E+01
 -0.162944884670E+02 -0.206985772600E+02  0.420335918540E+02  0.707105917072E+00
 -0.165256818330E+02 -0.205559755380E+02  0.418629765290E+02  0.100000000000E+01
 -0.166358522270E+02 -0.208767945420E+02  0.421934278880E+02  0.100000000000E+01
 -0.166358522270E+02 -0.208767945420E+02  0.421934278880E+02  0.707107029579E+00
 -0.166358522270E+02 -0.208767945420E+02  0.421934278880E+02  0.100000000000E+01
 -0.166358522270E+02 -0.208767945420E+02  0.421934278880E+02  0.707107432160E+00
 -0.166358522270E+02 -0.208767945420E+02  0.421934278880E+02  0.100000000000E+01
 -0.166358522270E+02 -0.208767945420E+02  0.421934278880E+02  0.707106967499E+00
 -0.166358522270E+02 -0.208767945420E+02  0.421934278880E+02  0.100000000000E+01
 -0.166358522270E+02 -0.208767945420E+02  0.421934278880E+02  0.707105969587E+00
 -0.166358522270E+02 -0.208767945420E+02  0.421934278880E+02  0.100000000000E+01
 -0.164774425880E+02 -0.208375121420E+02  0.418680265150E+02  0.100000000000E+01
 -0.168116785980E+02 -0.210613912860E+02  0.415342689970E+02  0.707107029579E+00
 -0.171226890440E+02 -0.211734097370E+02  0.419206215320E+02  0.100000000000E+01
 -0.173411265410E+02 -0.212139644210E+02  0.424678464700E+02  0.707107432160E+00
 -0.168355226360E+02 -0.209263090790E+02  0.426035837880E+02  0.100000000000E+01
 -0.165053535380E+02 -0.210177970060E+02  0.426169238340E+02  0.707106967499E+00
 -0.163613103660E+02 -0.209804553160E+02  0.423145653560E+02  0.100000000000E+01
 -0.162815563140E+02 -0.209350780370E+02  0.420486169310E+02  0.707105969587E+00
 -0.164774425880E+02 -0.208375121420E+02  0.418680265150E+02  0.100000000000E+01
 -0.165610206910E+02 -0.211618285010E+02  0.421905237740E+02  0.100000000000E+01
 -0.165610206910E+02 -0.211618285010E+02  0.421905237740E+02  0.707105396922E+00
 -0.165610206910E+02 -0.211618285010E+02  0.421905237740E+02  0.100000000000E+01
 -0.165610206910E+02 -0.211618285010E+02  0.421905237740E+02  0.707106630222E+00
 -0.165610206910E+02 -0.211618285010E+02  0.421905237740E+02  0.100000000000E+01
 -0.165610206910E+02 -0.211618285010E+02  0.421905237740E+02  0.707108737665E+00
 -0.165610206910E+02 -0.211618285010E+02  0.421905237740E+02  0.100000000000E+01
 -0.165610206910E+02 -0.211618285010E+02  0.421905237740E+02  0.707107101159E+00
 -0.165610206910E+02 -0.211618285010E+02  0.421905237740E+02  0.100000000000E+01
 -0.164111989110E+02 -0.211135191510E+02  0.418771965480E+02  0.100000000000E+01
 -0.167285574790E+02 -0.213495201760E+02  0.415092250470E+02  0.707105396922E+00
 -0.170171420690E+02 -0.214668495270E+02  0.419253969650E+02  0.100000000000E+01
 -0.171775516290E+02 -0.214960633900E+02  0.424346085440E+02  0.707106630222E+00
 -0.167522169190E+02 -0.212234805360E+02  0.425903851490E+02  0.100000000000E+01
 -0.164147563790E+02 -0.212720892690E+02  0.426137241090E+02  0.707108737665E+00
 -0.162901638410E+02 -0.212227355830E+02  0.423106466830E+02  0.100000000000E+01
 -0.162415351170E+02 -0.211753606460E+02  0.420621569730E+02  0.707107101159E+00
 -0.164111989110E+02 -0.211135191510E+02  0.418771965480E+02  0.100000000000E+01
 -0.164631701480E+02 -0.214397927310E+02  0.421885632880E+02  0.100000000000E+01
 -0.164631701480E+02 -0.214397927310E+02  0.421885632880E+02  0.707106224930E+00
 -0.164631701480E+02 -0.214397927310E+02  0.421885632880E+02  0.100000000000E+01
 -0.164631701480E+02 -0.214397927310E+02  0.421885632880E+02  0.707107536067E+00
 -0.164631701480E+02 -0.214397927310E+02  0.421885632880E+02  0.100000000000E+01
 -0.164631701480E+02 -0.214397927310E+02  0.421885632880E+02  0.707107759342E+00
 -0.164631701480E+02 -0.214397927310E+02  0.421885632880E+02  0.100000000000E+01
 -0.164631701480E+02 -0.214397927310E+02  0.421885632880E+02  0.707105161883E+00
 -0.164631701480E+02 -0.214397927310E+02  0.421885632880E+02  0.100000000000E+01
 -0.163134919120E+02 -0.213777029320E+02  0.418664550580E+02  0.100000000000E+01
 -0.166220735410E+02 -0.216383018530E+02  0.414145185790E+02  0.707106224930E+00
 -0.169067427490E+02 -0.217692418980E+02  0.419189388570E+02  0.100000000000E+01
 -0.170236482720E+02 -0.217891162280E+02  0.424114087960E+02  0.707107536067E+00
 -0.166433401250E+02 -0.215145301840E+02  0.425762881200E+02  0.100000000000E+01
 -0.162882131430E+02 -0.215216303950E+02  0.426358141440E+02  0.707107759342E+00
 -0.161512733780E+02 -0.214625733810E+02  0.423291069760E+02  0.100000000000E+01
 -0.161209218800E+02 -0.214120358430E+02  0.420613516560E+02  0.707105161883E+00
 -0.163134919120E+02 -0.213777029320E+02  0.418664550580E+02  0.100000000000E+01
 -0.163423220730E+02 -0.217085696670E+02  0.421865232410E+02  0.100000000000E+01
 -0.163423220730E+02 -0.217085696670E+02  0.421865232410E+02  0.707106678517E+00
 -0.163423220730E+02 -0.217085696670E+02  0.421865232410E+02  0.100000000000E+01
 -0.163423220730E+02 -0.217085696670E+02  0.421865232410E+02  0.707106682594E+00
 -0.163423220730E+02 -0.217085696670E+02  0.421865232410E+02  0.100000000000E+01
 -0.163423220730E+02 -0.217085696670E+02  0.421865232410E+02  0.707107390600E+00
 -0.163423220730E+02 -0.217085696670E+02  0.421865232410E+02  0.100000000000E+01
 -0.163423220730E+02 -0.217085696670E+02  0.421865232410E+02  0.707107327748E+00
 -0.163423220730E+02 -0.217085696670E+02  0.421865232410E+02  0.100000000000E+01
 -0.161982738790E+02 -0.216338137910E+02  0.418644021630E+02  0.100000000000E+01
 -0.164950457140E+02 -0.218972440200E+02  0.414414091770E+02  0.707106678517E+00
 -0.167269873390E+02 -0.220193985050E+02  0.419423710680E+02  0.100000000000E+01
 -0.168217340110E+02 -0.220467699100E+02  0.423707457780E+02  0.707106682594E+00
 -0.165088047480E+02 -0.217949706490E+02  0.425588159890E+02  0.100000000000E+01
 -0.161323662550E+02 -0.217648536440E+02  0.427061810650E+02  0.707107390600E+00
 -0.159939606360E+02 -0.216848612140E+02  0.423478072150E+02  0.100000000000E+01
 -0.160209653090E+02 -0.216436469200E+02  0.420775910830E+02  0.707107327748E+00
 -0.161982738790E+02 -0.216338137910E+02  0.418644021630E+02  0.100000000000E+01
 -0.162044926300E+02 -0.219690794560E+02  0.421822542850E+02  0.100000000000E+01
 -0.162044926300E+02 -0.219690794560E+02  0.421822542850E+02  0.707106398357E+00
 -0.162044926300E+02 -0.219690794560E+02  0.421822542850E+02  0.100000000000E+01
 -0.162044926300E+02 -0.219690794560E+02  0.421822542850E+02  0.707107170020E+00
 -0.162044926300E+02 -0.219690794560E+02  0.421822542850E+02  0.100000000000E+01
 -0.162044926300E+02 -0.219690794560E+02  0.421822542850E+02  0.707107303754E+00
 -0.162044926300E+02 -0.219690794560E+02  0.421822542850E+02  0.100000000000E+01
 -0.162044926300E+02 -0.219690794560E+02  0.421822542850E+02  0.707106615976E+00
 -0.162044926300E+02 -0.219690794560E+02  0.421822542850E+02  0.100000000000E+01
 -0.160585182820E+02 -0.218803074850E+02  0.418439439820E+02  0.100000000000E+01
 -0.163646728660E+02 -0.221391550790E+02  0.414697191440E+02  0.707106398357E+00
 -0.165460039260E+02 -0.222445588920E+02  0.419626140930E+02  0.100000000000E+01
 -0.165680934350E+02 -0.222379257440E+02  0.423131030930E+02  0.707107170020E+00
 -0.163570680260E+02 -0.220618668160E+02  0.425358645070E+02  0.100000000000E+01
 -0.159474668080E+02 -0.219980548720E+02  0.427676801870E+02  0.707107303754E+00
 -0.157776903530E+02 -0.218965695230E+02  0.423854379240E+02  0.100000000000E+01
 -0.158401889500E+02 -0.218636661810E+02  0.420782511410E+02  0.707106615976E+00
 -0.160585182820E+02 -0.218803074850E+02  0.418439439820E+02  0.100000000000E+01
 -0.160647161660E+02 -0.222283987310E+02  0.421723024880E+02  0.100000000000E+01
 -0.160647161660E+02 -0.222283987310E+02  0.421723024880E+02  0.707107224362E+00
 -0.160647161660E+02 -0.222283987310E+02  0.421723024880E+02  0.100000000000E+01
 -0.160647161660E+02 -0.222283987310E+02  0.421723024880E+02  0.707107202000E+00
 -0.160647161660E+02 -0.222283987310E+02  0.421723024880E+02  0.100000000000E+01
 -0.160647161660E+02 -0.222283987310E+02  0.421723024880E+02  0.707106496690E+00
 -0.160647161660E+02 -0.222283987310E+02  0.421723024880E+02  0.100000000000E+01
 -0.160647161660E+02 -0.222283987310E+02  0.421723024880E+02  0.707106474295E+00
 -0.160647161660E+02 -0.222283987310E+02  0.421723024880E+02  0.100000000000E+01
 -0.159039890340E+02 -0.221251050870E+02  0.417947051270E+02  0.100000000000E+01
 -0.162509982180E+02 -0.223633048330E+02  0.414877813770E+02  0.707107224362E+00
 -0.163880796700E+02 -0.224491768210E+02  0.419742648360E+02  0.100000000000E+01
 -0.164252007020E+02 -0.224697288510E+02  0.423056211250E+02  0.707107202000E+00
 -0.162061402890E+02 -0.223192877900E+02  0.425045500060E+02  0.100000000000E+01
 -0.157943536520E+02 -0.222533475930E+02  0.427882208230E+02  0.707106496690E+00
 -0.155470988930E+02 -0.221282251960E+02  0.424200336770E+02  0.100000000000E+01
 -0.155947821730E+02 -0.220807081370E+02  0.420399280740E+02  0.707106474295E+00
 -0.159039890340E+02 -0.221251050870E+02  0.417947051270E+02  0.100000000000E+01
 -0.159381451480E+02 -0.224936284980E+02  0.421504164870E+02  0.100000000000E+01
 -0.159381451480E+02 -0.224936284980E+02  0.421504164870E+02  0.707105698468E+00
 -0.159381451480E+02 -0.224936284980E+02  0.421504164870E+02  0.100000000000E+01
 -0.159381451480E+02 -0.224936284980E+02  0.421504164870E+02  0.707106113160E+00
 -0.159381451480E+02 -0.224936284980E+02  0.421504164870E+02  0.100000000000E+01
 -0.159381451480E+02 -0.224936284980E+02  0.421504164870E+02  0.707107730196E+00
 -0.159381451480E+02 -0.224936284980E+02  0.421504164870E+02  0.100000000000E+01
 -0.159381451480E+02 -0.224936284980E+02  0.421504164870E+02  0.707107236417E+00
 -0.159381451480E+02 -0.224936284980E+02  0.421504164870E+02  0.100000000000E+01
 -0.157584839260E+02 -0.223649541860E+02  0.417180000220E+02  0.100000000000E+01
 -0.161626106350E+02 -0.225708168330E+02  0.414753419160E+02  0.707105698468E+00
 -0.162939003980E+02 -0.226756504480E+02  0.419484438210E+02  0.100000000000E+01
 -0.162992312500E+02 -0.227008906230E+02  0.422727975510E+02  0.707106113160E+00
 -0.160876339080E+02 -0.226006920220E+02  0.425102159880E+02  0.100000000000E+01
 -0.156788141990E+02 -0.225331414830E+02  0.427139756990E+02  0.707107730196E+00
 -0.154096006580E+02 -0.224030913470E+02  0.423969574820E+02  0.100000000000E+01
 -0.153672199680E+02 -0.223103561900E+02  0.419660122580E+02  0.707107236417E+00
 -0.157584839260E+02 -0.223649541860E+02  0.417180000220E+02  0.100000000000E+01
 -0.158304905570E+02 -0.227645560170E+02  0.421077968890E+02  0.100000000000E+01
 -0.158304905570E+02 -0.227645560170E+02  0.421077968890E+02  0.707107710990E+00
 -0.158304905570E+02 -0.227645560170E+02  0.421077968890E+02  0.100000000000E+01
 -0.158304905570E+02 -0.227645560170E+02  0.421077968890E+02  0.707106474739E+00
 -0.158304905570E+02 -0.227645560170E+02  0.421077968890E+02  0.100000000000E+01
 -0.158304905570E+02 -0.227645560170E+02  0.421077968890E+02  0.707106008887E+00
 -0.158304905570E+02 -0.227645560170E+02  0.421077968890E+02  0.100000000000E+01
 -0.158304905570E+02 -0.227645560170E+02  0.421077968890E+02  0.707107260325E+00
 -0.158304905570E+02 -0.227645560170E+02  0.421077968890E+02  0.100000000000E+01
 -0.156544530670E+02 -0.226129494960E+02  0.416683839940E+02  0.100000000000E+01
 -0.160640295660E+02 -0.227552044760E+02  0.414847976260E+02  0.707107710990E+00
 -0.162368128320E+02 -0.229008508630E+02  0.418979902000E+02  0.100000000000E+01
 -0.163105298210E+02 -0.229997417240E+02  0.422848424940E+02  0.707106474739E+00
 -0.159715593130E+02 -0.228860489960E+02  0.424599229810E+02  0.100000000000E+01
 -0.155859742990E+02 -0.228358792310E+02  0.426258409530E+02  0.707106008887E+00
 -0.153178535790E+02 -0.226996492640E+02  0.423355626980E+02  0.100000000000E+01
 -0.151914243730E+02 -0.225569225050E+02  0.418845147160E+02  0.707107260325E+00
 -0.156544530670E+02 -0.226129494960E+02  0.416683839940E+02  0.100000000000E+01
 -0.157436687270E+02 -0.230379574540E+02  0.420404359410E+02  0.100000000000E+01
 -0.157436687270E+02 -0.230379574540E+02  0.420404359410E+02  0.707106726462E+00
 -0.157436687270E+02 -0.230379574540E+02  0.420404359410E+02  0.100000000000E+01
 -0.157436687270E+02 -0.230379574540E+02  0.420404359410E+02  0.707106919281E+00
 -0.157436687270E+02 -0.230379574540E+02  0.420404359410E+02  0.100000000000E+01
 -0.157436687270E+02 -0.230379574540E+02  0.420404359410E+02  0.707106820633E+00
 -0.157436687270E+02 -0.230379574540E+02  0.420404359410E+02  0.100000000000E+01
 -0.157436687270E+02 -0.230379574540E+02  0.420404359410E+02  0.707106755554E+00
 -0.157436687270E+02 -0.230379574540E+02  0.420404359410E+02  0.100000000000E+01
 -0.155702489630E+02 -0.228627227750E+02  0.415962464200E+02  0.100000000000E+01
 -0.159879437050E+02 -0.229599318050E+02  0.414619242540E+02  0.707106726462E+00
 -0.161740803690E+02 -0.231212672870E+02  0.418395293120E+02  0.100000000000E+01
 -0.162801461840E+02 -0.232609964660E+02  0.422318685070E+02  0.707106919281E+00
 -0.158901615190E+02 -0.231859848490E+02  0.424156563120E+02  0.100000000000E+01
 -0.155010309680E+02 -0.231350932200E+02  0.425373571530E+02  0.707106820633E+00
 -0.152363417310E+02 -0.229895176740E+02  0.422576154850E+02  0.100000000000E+01
 -0.150499509350E+02 -0.228018656090E+02  0.417824575260E+02  0.707106755554E+00
 -0.155702489630E+02 -0.228627227750E+02  0.415962464200E+02  0.100000000000E+01
 -0.156712846460E+02 -0.233112069920E+02  0.419569294890E+02  0.100000000000E+01
 -0.156712846460E+02 -0.233112069920E+02  0.419569294890E+02  0.707107979798E+00
 -0.156712846460E+02 -0.233112069920E+02  0.419569294890E+02  0.100000000000E+01
 -0.156712846460E+02 -0.233112069920E+02  0.419569294890E+02  0.707106304678E+00
 -0.156712846460E+02 -0.233112069920E+02  0.419569294890E+02  0.100000000000E+01
 -0.156712846460E+02 -0.233112069920E+02  0.419569294890E+02  0.707105696059E+00
 -0.156712846460E+02 -0.233112069920E+02  0.419569294890E+02  0.100000000000E+01
 -0.156712846460E+02 -0.233112069920E+02  0.419569294890E+02  0.707107144210E+00
 -0.156712846460E+02 -0.233112069920E+02  0.419569294890E+02  0.100000000000E+01
 -0.155073547070E+02 -0.231339320780E+02  0.415335348640E+02  0.100000000000E+01
 -0.159314319300E+02 -0.231948156720E+02  0.413942006580E+02  0.707107979798E+00
 -0.160990495020E+02 -0.233582031430E+02  0.417716284130E+02  0.100000000000E+01
 -0.161840753750E+02 -0.234986420840E+02  0.421417629260E+02  0.707106304678E+00
 -0.158270434160E+02 -0.234796452600E+02  0.423592173340E+02  0.100000000000E+01
 -0.153830573540E+02 -0.234388992300E+02  0.425764792760E+02  0.707105696059E+00
 -0.151571569560E+02 -0.232547222530E+02  0.421796388970E+02  0.100000000000E+01
 -0.150475250160E+02 -0.230823464650E+02  0.417294139340E+02  0.707107144210E+00
 -0.155073547070E+02 -0.231339320780E+02  0.415335348640E+02  0.100000000000E+01
 -0.156053419750E+02 -0.235840787900E+02  0.418670055430E+02  0.100000000000E+01
 -0.156053419750E+02 -0.235840787900E+02  0.418670055430E+02  0.707107634541E+00
 -0.156053419750E+02 -0.235840787900E+02  0.418670055430E+02  0.100000000000E+01
 -0.156053419750E+02 -0.235840787900E+02  0.418670055430E+02  0.707106606470E+00
 -0.156053419750E+02 -0.235840787900E+02  0.418670055430E+02  0.100000000000E+01
 -0.156053419750E+02 -0.235840787900E+02  0.418670055430E+02  0.707106073029E+00
 -0.156053419750E+02 -0.235840787900E+02  0.418670055430E+02  0.100000000000E+01
 -0.156053419750E+02 -0.235840787900E+02  0.418670055430E+02  0.707106810714E+00
 -0.156053419750E+02 -0.235840787900E+02  0.418670055430E+02  0.100000000000E+01
 -0.154548213330E+02 -0.234184799740E+02  0.414775695760E+02  0.100000000000E+01
 -0.158527338360E+02 -0.234649576710E+02  0.413346249240E+02  0.707107634541E+00
 -0.160306204100E+02 -0.236241902220E+02  0.416855736830E+02  0.100000000000E+01
 -0.161241169460E+02 -0.237719070610E+02  0.420618683530E+02  0.707106606470E+00
 -0.157632217780E+02 -0.237577759800E+02  0.422754797030E+02  0.100000000000E+01
 -0.152856661590E+02 -0.237224658300E+02  0.425083695020E+02  0.707106073029E+00
 -0.151185261870E+02 -0.235381652500E+02  0.420746880370E+02  0.100000000000E+01
 -0.151031410610E+02 -0.234047437800E+02  0.416858283830E+02  0.707106810714E+00
 -0.154548213330E+02 -0.234184799740E+02  0.414775695760E+02  0.100000000000E+01
 -0.155399595740E+02 -0.238561848800E+02  0.417743990450E+02  0.100000000000E+01
 -0.155399595740E+02 -0.238561848800E+02  0.417743990450E+02  0.707107359836E+00
 -0.155399595740E+02 -0.238561848800E+02  0.417743990450E+02  0.100000000000E+01
 -0.155399595740E+02 -0.238561848800E+02  0.417743990450E+02  0.707106697573E+00
 -0.155399595740E+02 -0.238561848800E+02  0.417743990450E+02  0.100000000000E+01
 -0.155399595740E+02 -0.238561848800E+02  0.417743990450E+02  0.707106159357E+00
 -0.155399595740E+02 -0.238561848800E+02  0.417743990450E+02  0.100000000000E+01
 -0.155399595740E+02 -0.238561848800E+02  0.417743990450E+02  0.707106907984E+00
 -0.155399595740E+02 -0.238561848800E+02  0.417743990450E+02  0.100000000000E+01
 -0.154092746500E+02 -0.237037834360E+02  0.414343513270E+02  0.100000000000E+01
 -0.157906242660E+02 -0.237345082290E+02  0.412512413710E+02  0.707107359836E+00
 -0.159348111580E+02 -0.238951721470E+02  0.416051782540E+02  0.100000000000E+01
 -0.160056353030E+02 -0.240314747840E+02  0.419419570970E+02  0.707106697573E+00
 -0.156760824180E+02 -0.240149254510E+02  0.421285944320E+02  0.100000000000E+01
 -0.152844178200E+02 -0.239703529390E+02  0.422797010230E+02  0.707106159357E+00
 -0.151502278780E+02 -0.238177014140E+02  0.419414254050E+02  0.100000000000E+01
 -0.151414124790E+02 -0.237044531910E+02  0.416261434590E+02  0.707106907984E+00
 -0.154092746500E+02 -0.237037834360E+02  0.414343513270E+02  0.100000000000E+01
 -0.154688826830E+02 -0.241245618380E+02  0.416753705530E+02  0.100000000000E+01
 -0.154688826830E+02 -0.241245618380E+02  0.416753705530E+02  0.707108185825E+00
 -0.154688826830E+02 -0.241245618380E+02  0.416753705530E+02  0.100000000000E+01
 -0.154688826830E+02 -0.241245618380E+02  0.416753705530E+02  0.707106123047E+00
 -0.154688826830E+02 -0.241245618380E+02  0.416753705530E+02  0.100000000000E+01
 -0.154688826830E+02 -0.241245618380E+02  0.416753705530E+02  0.707104706282E+00
 -0.154688826830E+02 -0.241245618380E+02  0.416753705530E+02  0.100000000000E+01
 -0.154688826830E+02 -0.241245618380E+02  0.416753705530E+02  0.707108109585E+00
 -0.154688826830E+02 -0.241245618380E+02  0.416753705530E+02  0.100000000000E+01
 -0.153570684510E+02 -0.239793454190E+02  0.413807973030E+02  0.100000000000E+01
 -0.157088608150E+02 -0.240044365720E+02  0.411899722870E+02  0.707108185825E+00
 -0.158612668110E+02 -0.241688086950E+02  0.415046147460E+02  0.100000000000E+01
 -0.159587262110E+02 -0.243334188500E+02  0.418598216000E+02  0.707106123047E+00
 -0.155659039080E+02 -0.242505654720E+02  0.419309700280E+02  0.100000000000E+01
 -0.153258280940E+02 -0.242008799890E+02  0.419769138000E+02  0.707104706282E+00
 -0.152152000400E+02 -0.240959546850E+02  0.417857648120E+02  0.100000000000E+01
 -0.151481308610E+02 -0.239882773470E+02  0.415558230930E+02  0.707108109585E+00
 -0.153570684510E+02 -0.239793454190E+02  0.413807973030E+02  0.100000000000E+01
 -0.153907045530E+02 -0.243881849200E+02  0.415691754410E+02  0.100000000000E+01
 -0.153907045530E+02 -0.243881849200E+02  0.415691754410E+02  0.707106108937E+00
 -0.153907045530E+02 -0.243881849200E+02  0.415691754410E+02  0.100000000000E+01
 -0.153907045530E+02 -0.243881849200E+02  0.415691754410E+02  0.707106499229E+00
 -0.153907045530E+02 -0.243881849200E+02  0.415691754410E+02  0.100000000000E+01
 -0.153907045530E+02 -0.243881849200E+02  0.415691754410E+02  0.707107774595E+00
 -0.153907045530E+02 -0.243881849200E+02  0.415691754410E+02  0.100000000000E+01
 -0.153907045530E+02 -0.243881849200E+02  0.415691754410E+02  0.707106741989E+00
 -0.153907045530E+02 -0.243881849200E+02  0.415691754410E+02  0.100000000000E+01
 -0.152848710440E+02 -0.242369204460E+02  0.412865913740E+02  0.100000000000E+01
 -0.155968279490E+02 -0.242781485280E+02  0.411528262500E+02  0.707106108937E+00
 -0.157854499470E+02 -0.244381318380E+02  0.413946001150E+02  0.100000000000E+01
 -0.158901943270E+02 -0.246219526310E+02  0.417557724100E+02  0.707106499229E+00
 -0.154761827150E+02 -0.245103582220E+02  0.417974115040E+02  0.100000000000E+01
 -0.152725205270E+02 -0.244554139990E+02  0.418177793780E+02  0.707107774595E+00
 -0.151516820470E+02 -0.243579425450E+02  0.416748827360E+02  0.100000000000E+01
 -0.150550433560E+02 -0.242303677330E+02  0.414420502470E+02  0.707106741989E+00
 -0.152848710440E+02 -0.242369204460E+02  0.412865913740E+02  0.100000000000E+01
 -0.153064285510E+02 -0.246474511250E+02  0.414570678540E+02  0.100000000000E+01
 -0.153064285510E+02 -0.246474511250E+02  0.414570678540E+02  0.707105147445E+00
 -0.153064285510E+02 -0.246474511250E+02  0.414570678540E+02  0.100000000000E+01
 -0.153064285510E+02 -0.246474511250E+02  0.414570678540E+02  0.707107765947E+00
 -0.153064285510E+02 -0.246474511250E+02  0.414570678540E+02  0.100000000000E+01
 -0.153064285510E+02 -0.246474511250E+02  0.414570678540E+02  0.707108785225E+00
 -0.153064285510E+02 -0.246474511250E+02  0.414570678540E+02  0.100000000000E+01
 -0.153064285510E+02 -0.246474511250E+02  0.414570678540E+02  0.707105426125E+00
 -0.153064285510E+02 -0.246474511250E+02  0.414570678540E+02  0.100000000000E+01
 -0.151960949220E+02 -0.244773337140E+02  0.411587792810E+02  0.100000000000E+01
 -0.154939645060E+02 -0.245385590420E+02  0.410703867350E+02  0.707105147445E+00
 -0.156547149010E+02 -0.246954912000E+02  0.413008449440E+02  0.100000000000E+01
 -0.157033276620E+02 -0.248402871820E+02  0.415890819340E+02  0.707107765947E+00
 -0.153872759800E+02 -0.247721049560E+02  0.416756411230E+02  0.100000000000E+01
 -0.151691156320E+02 -0.247151888550E+02  0.417132702560E+02  0.707108785225E+00
 -0.150202285510E+02 -0.246079751970E+02  0.415854450960E+02  0.100000000000E+01
 -0.149024321610E+02 -0.244504579150E+02  0.413211038590E+02  0.707105426125E+00
 -0.151960949220E+02 -0.244773337140E+02  0.411587792810E+02  0.100000000000E+01
 -0.152172870670E+02 -0.249030348610E+02  0.413403523050E+02  0.100000000000E+01
 -0.152172870670E+02 -0.249030348610E+02  0.413403523050E+02  0.707108564675E+00
 -0.152172870670E+02 -0.249030348610E+02  0.413403523050E+02  0.100000000000E+01
 -0.152172870670E+02 -0.249030348610E+02  0.413403523050E+02  0.707105924219E+00
 -0.152172870670E+02 -0.249030348610E+02  0.413403523050E+02  0.100000000000E+01
 -0.152172870670E+02 -0.249030348610E+02  0.413403523050E+02  0.707104889930E+00
 -0.152172870670E+02 -0.249030348610E+02  0.413403523050E+02  0.100000000000E+01
 -0.152172870670E+02 -0.249030348610E+02  0.413403523050E+02  0.707107745916E+00
 -0.152172870670E+02 -0.249030348610E+02  0.413403523050E+02  0.100000000000E+01
 -0.151099890940E+02 -0.247274607670E+02  0.410470667530E+02  0.100000000000E+01
 -0.153837279250E+02 -0.248016797870E+02  0.409954779200E+02  0.707108564675E+00
 -0.155119995560E+02 -0.249463870400E+02  0.412065776880E+02  0.100000000000E+01
 -0.155407304770E+02 -0.250668654600E+02  0.414423434650E+02  0.707105924219E+00
 -0.152955294850E+02 -0.250310636200E+02  0.415542161220E+02  0.100000000000E+01
 -0.150677023220E+02 -0.249767226610E+02  0.416130544740E+02  0.707104889930E+00
 -0.149147897480E+02 -0.248585362660E+02  0.414776581550E+02  0.100000000000E+01
 -0.147827096600E+02 -0.246787573260E+02  0.411944244300E+02  0.707107745916E+00
 -0.151099890940E+02 -0.247274607670E+02  0.410470667530E+02  0.100000000000E+01
 -0.151242801520E+02 -0.251555555400E+02  0.412200354330E+02  0.100000000000E+01
 -0.151242801520E+02 -0.251555555400E+02  0.412200354330E+02  0.707106322689E+00
 -0.151242801520E+02 -0.251555555400E+02  0.412200354330E+02  0.100000000000E+01
 -0.151242801520E+02 -0.251555555400E+02  0.412200354330E+02  0.707106704490E+00
 -0.151242801520E+02 -0.251555555400E+02  0.412200354330E+02  0.100000000000E+01
 -0.151242801520E+02 -0.251555555400E+02  0.412200354330E+02  0.707107240631E+00
 -0.151242801520E+02 -0.251555555400E+02  0.412200354330E+02  0.100000000000E+01
 -0.151242801520E+02 -0.251555555400E+02  0.412200354330E+02  0.707106856937E+00
 -0.151242801520E+02 -0.251555555400E+02  0.412200354330E+02  0.100000000000E+01
 -0.150487194240E+02 -0.250259119340E+02  0.410115163240E+02  0.100000000000E+01
 -0.152706384780E+02 -0.250747989250E+02  0.409398682430E+02  0.707106322689E+00
 -0.153515808930E+02 -0.251906773410E+02  0.411158327900E+02  0.100000000000E+01
 -0.153539120660E+02 -0.252769788910E+02  0.412919079390E+02  0.707106704490E+00
 -0.151909717600E+02 -0.252699828370E+02  0.414040802570E+02  0.100000000000E+01
 -0.149860374630E+02 -0.252386724500E+02  0.414987615930E+02  0.707107240631E+00
 -0.148862508010E+02 -0.251187764160E+02  0.413291565340E+02  0.100000000000E+01
 -0.148188278280E+02 -0.249934208990E+02  0.411231541740E+02  0.707106856937E+00
 -0.150487194240E+02 -0.250259119340E+02  0.410115163240E+02  0.100000000000E+01
           1
           2
           3
           4
           5
           6
           7
           8
           9
          10
          11
          12
          13
          14
          15
          16
          17
          18
          19
          20
          21
          22
          23
          24
          25
          26
          27
          28
          29
          30
          31
          32
          33
          34
          35
          36
          37
          38
          39
          40
          41
          42
          43
          44
          45
          46
          47
          48
          49
          50
          51
          52
          53
          54
          55
          56
          57
          58
          59
          60
          61
          62
          63
          64
          65
          66
          67
          68
          69
          70
          71
          72
          73
          74
          75
          76
          77
          78
          79
          80
          81
          82
          83
          84
          85
          86
          87
          88
          89
          90
          91
          92
          93
          94
          95
          96
          97
          98
          99
         100
         101
         102
         103
         104
         105
         106
         107
         108
         109
         110
         111
         112
         113
         114
         115
         116
         117
         118
         119
         120
         121
         122
         123
         124
         125
         126
         127
         128
         129
         130
         131
         132
         133
         134
         135
         136
         137
         138
         139
         140
         141
         142
         143
         144
         145
         146
         147
         148
         149
         150
         151
         152
         153
         154
         155
         156
         157
         158
         159
         160
         161
         162
         163
         164
         165
         166
         167
         168
         169
         170
         171
         172
         173
         174
         175
         176
         177
         178
         179
         180
         181
         182
         183
         184
         185
         186
         187
         188
         189
         190
         191
         192
         193
         194
         195
         196
         197
         198
         199
         200
         201
         202
         203
         204
         205
         206
         207
         208
         209
         210
         211
         212
         213
         214
         215
         216
         217
         218
         219
         220
         221
         222
         223
         224
         225
         226
         227
         228
         229
         230
         231
         232
         233
         234
         235
         236
         237
         238
         239
         240
         241
         242
         243
         244
         245
         246
         247
         248
         249
         250
         251
         252
         253
         254
         255
         256
         257
         258
         259
         260
         261
         262
         263
         264
         265
         266
         267
         268
         269
         270
         271
         272
         273
         274
         275
         276
         277
         278
         279
         280
         281
         282
         283
         284
         285
         286
         287
         288
         289
         290
         291
         292
         293
         294
         295
         296
         297
         298
         299
         300
         301
         302
         303
         304
         305
         306
         307
         308
         309
         310
         311
         312
         313
         314
         315
         316
         317
         318
         319
         320
         321
         322
         323
         324
         325
         326
         327
         328
         329
         330
         331
         332
         333
         334
         335
         336
         337
         338
         339
         340
         341
         342
         343
         344
         345
         346
         347
         348
         349
         350
         351
         352
         353
         354
         355
         356
         357
         358
         359
         360
 1 0 0
 0 0 0
 0 0 0
 0 0 0
 0 0 0
 0 0 0
 0 0 0
 0 0 0
 0 0 0
 0 0 0
 0 0 0
 0 0 0
 0 0 0
 0 0 0
 0 0 0
 0 0 0
 0 0 0
 0 0 0
 0 0 0
 0 0 0
 0 0 0
 0 0 0
 0 0 0
 0 0 0
 0 0 0
 0 0 0
 0 0 0
 0 0 0
 0 0 0
 0 0 0
 0 0 0
 0 0 0
 0 0 0
 0 0 0
 0 0 0
 0 0 0
 0 0 0
 0 0 0
 0 0 0
 0 0 0
 0 0 0
 0 0 0
 0 0 0
 0 0 0
 0 0 0
 0 0 0
 0 0 0
 0 0 0
 0 0 0
 0 0 0
 0 0 0
 0 0 0
 0 0 0
 0 0 0
 0 0 0
 0 0 0
 0 0 0
 0 0 0
 0 0 0
 0 0 0
 0 0 0
 0 0 0
 0 0 0
 0 0 0
 0 0 0
 0 0 0
 0 0 0
 0 0 0
 0 0 0
 0 0 0
 0 0 0
 0 0 0
 0 0 0
 0 0 0
 0 0 0
 0 0 0
 0 0 0
 0 0 0
 0 0 0
 0 0 0
 0 0 0
 0 0 0
 0 0 0
 0 0 0
 0 0 0
 0 0 0
 0 0 0
 0 0 0
 0 0 0
 0 0 0
 0 0 0
 0 0 0
 0 0 0
 0 0 0
 0 0 0
 0 0 0
 0 0 0
 0 0 0
 0 0 0
 0 0 0
 0 0 0
 0 0 0
 0 0 0
 0 0 0
 0 0 0
 0 0 0
 0 0 0
 0 0 0
 0 0 0
 0 0 0
 0 0 0
 0 0 0
 0 0 0
 0 0 0
 0 0 0
 0 0 0
 0 0 0
 0 0 0
 0 0 0
 0 0 0
 0 0 0
 0 0 0
 0 0 0
 0 0 0
 0 0 0
 0 0 0
 0 0 0
 0 0 0
 0 0 0
 0 0 0
 0 0 0
 0 0 0
 0 0 0
 0 0 0
 0 0 0
 0 0 0
 0 0 0
 0 0 0
 0 0 0
 0 0 0
 0 0 0
 0 0 0
 0 0 0
 0 0 0
 0 0 0
 0 0 0
 0 0 0
 0 0 0
 0 0 0
 0 0 0
 0 0 0
 0 0 0
 0 0 0
 0 0 0
 0 0 0
 0 0 0
 0 0 0
 0 0 0
 0 0 0
 0 0 0
 0 0 0
 0 0 0
 0 0 0
 0 0 0
 0 0 0
 0 0 0
 0 0 0
 0 0 0
 0 0 0
 0 0 0
 0 0 0
 0 0 0
 0 0 0
 0 0 0
 0 0 0
 0 0 0
 0 0 0
 0 0 0
 0 0 0
 0 0 0
 0 0 0
 0 0 0
 0 0 0
 0 0 0
 0 0 0
 0 0 0
 0 0 0
 0 0 0
 0 0 0
 0 0 0
 0 0 0
 0 0 0
 0 0 0
 0 0 0
 0 0 0
 0 0 0
 0 0 0
 0 0 0
 0 0 0
 0 0 0
 0 0 0
 0 0 0
 0 0 0
 0 0 0
 0 0 0
 0 0 0
 0 0 0
 0 0 0
 0 0 0
 0 0 0
 0 0 0
 0 0 0
 0 0 0
 0 0 0
 0 0 0
 0 0 0
 0 0 0
 0 0 0
 0 0 0
 0 0 0
 0 0 0
 0 0 0
 0 0 0
 0 0 0
 0 0 0
 0 0 0
 0 0 0
 0 0 0
 0 0 0
 0 0 0
 0 0 0
 0 0 0
 0 0 0
 0 0 0
 0 0 0
 0 0 0
 0 0 0
 0 0 0
 0 0 0
 0 0 0
 0 0 0
 0 0 0
 0 0 0
 0 0 0
 0 0 0
 0 0 0
 0 0 0
 0 0 0
 0 0 0
 0 0 0
 0 0 0
 0 0 0
 0 0 0
 0 0 0
 0 0 0
 0 0 0
 0 0 0
 0 0 0
 0 0 0
 0 0 0
 0 0 0
 0 0 0
 0 0 0
 0 0 0
 0 0 0
 0 0 0
 0 0 0
 0 0 0
 0 0 0
 0 0 0
 0 0 0
 0 0 0
 0 0 0
 0 0 0
 0 0 0
 0 0 0
 0 0 0
 0 0 0
 0 0 0
 0 0 0
 0 0 0
 0 0 0
 0 0 0
 0 0 0
 0 0 0
 0 0 0
 0 0 0
 0 0 0
 0 0 0
 0 0 0
 0 0 0
 0 0 0
 0 0 0
 0 0 0
 0 0 0
 0 0 0
 0 0 0
 0 0 0
 0 0 0
 0 0 0
 0 0 0
 0 0 0
 0 0 0
 0 0 0
 0 0 0
 0 0 0
 0 0 0
 0 0 0
 0 0 0
 0 0 0
 0 0 0
 0 0 0
 0 0 0
 0 0 0
 0 0 0
 0 0 0
 0 0 0
 0 0 0
 0 0 0
 0 0 0
 0 0 0
 0 0 0
 0 0 0
 0 0 0
 0 0 0
 0 0 0
 0 0 0
 0 0 0
 0 0 0
 0 0 0
 0 0 0
 0 0 0
 0 0 0
 0 0 0
 0 0 0
 0 0 0
 0 0 0
 0 0 0
 0 0 0
 0 0 0
 0 0 0
 0 0 0
 0 0 0
 0 0 0
 0 0 0
 0 0 0
 0 0 0
 0 0 0
 0 0 0
 0 0 0
 0 0 0
 0 0 0
 0 0 0
 0 0 0
 0 0 0
 0 0 0
 0 0 0
 0 0 0
 0 0 0
 0 0 0
 0 0 0
  0.000000000  0.000000000  0.000000000
  0.000000000  0.000000000  0.000000000
  0.000000000  0.000000000  0.000000000
  0.000000000  0.000000000  0.000000000
  0.000000000  0.000000000  0.000000000
  0.000000000  0.000000000  0.000000000
  0.000000000  0.000000000  0.000000000
  0.000000000  0.000000000  0.000000000
  0.000000000  0.000000000  0.000000000
  0.000000000  0.000000000  0.000000000
  0.000000000  0.000000000  0.000000000
  0.000000000  0.000000000  0.000000000
  0.000000000  0.000000000  0.000000000
  0.000000000  0.000000000  0.000000000
  0.000000000  0.000000000  0.000000000
  0.000000000  0.000000000  0.000000000
  0.000000000  0.000000000  0.000000000
  0.000000000  0.000000000  0.000000000
  0.000000000  0.000000000  0.000000000
  0.000000000  0.000000000  0.000000000
  0.000000000  0.000000000  0.000000000
  0.000000000  0.000000000  0.000000000
  0.000000000  0.000000000  0.000000000
  0.000000000  0.000000000  0.000000000
  0.000000000  0.000000000  0.000000000
  0.000000000  0.000000000  0.000000000
  0.000000000  0.000000000  0.000000000
  0.000000000  0.000000000  0.000000000
  0.000000000  0.000000000  0.000000000
  0.000000000  0.000000000  0.000000000
  0.000000000  0.000000000  0.000000000
  0.000000000  0.000000000  0.000000000
  0.000000000  0.000000000  0.000000000
  0.000000000  0.000000000  0.000000000
  0.000000000  0.000000000  0.000000000
  0.000000000  0.000000000  0.000000000
  0.000000000  0.000000000  0.000000000
  0.000000000  0.000000000  0.000000000
  0.000000000  0.000000000  0.000000000
  0.000000000  0.000000000  0.000000000
  0.000000000  0.000000000  0.000000000
  0.000000000  0.000000000  0.000000000
  0.000000000  0.000000000  0.000000000
  0.000000000  0.000000000  0.000000000
  0.000000000  0.000000000  0.000000000
  0.000000000  0.000000000  0.000000000
  0.000000000  0.000000000  0.000000000
  0.000000000  0.000000000  0.000000000
  0.000000000  0.000000000  0.000000000
  0.000000000  0.000000000  0.000000000
  0.000000000  0.000000000  0.000000000
  0.000000000  0.000000000  0.000000000
  0.000000000  0.000000000  0.000000000
  0.000000000  0.000000000  0.000000000
  0.000000000  0.000000000  0.000000000
  0.000000000  0.000000000  0.000000000
  0.000000000  0.000000000  0.000000000
  0.000000000  0.000000000  0.000000000
  0.000000000  0.000000000  0.000000000
  0.000000000  0.000000000  0.000000000
  0.000000000  0.000000000  0.000000000
  0.000000000  0.000000000  0.000000000
  0.000000000  0.000000000  0.000000000
  0.000000000  0.000000000  0.000000000
  0.000000000  0.000000000  0.000000000
  0.000000000  0.000000000  0.000000000
  0.000000000  0.000000000  0.000000000
  0.000000000  0.000000000  0.000000000
  0.000000000  0.000000000  0.000000000
  0.000000000  0.000000000  0.000000000
  0.000000000  0.000000000  0.000000000
  0.000000000  0.000000000  0.000000000
  0.000000000  0.000000000  0.000000000
  0.000000000  0.000000000  0.000000000
  0.000000000  0.000000000  0.000000000
  0.000000000  0.000000000  0.000000000
  0.000000000  0.000000000  0.000000000
  0.000000000  0.000000000  0.000000000
  0.000000000  0.000000000  0.000000000
  0.000000000  0.000000000  0.000000000
  0.000000000  0.000000000  0.000000000
  0.000000000  0.000000000  0.000000000
  0.000000000  0.000000000  0.000000000
  0.000000000  0.000000000  0.000000000
  0.000000000  0.000000000  0.000000000
  0.000000000  0.000000000  0.000000000
  0.000000000  0.000000000  0.000000000
  0.000000000  0.000000000  0.000000000
  0.000000000  0.000000000  0.000000000
  0.000000000  0.000000000  0.000000000
  0.000000000  0.000000000  0.000000000
  0.000000000  0.000000000  0.000000000
  0.000000000  0.000000000  0.000000000
  0.000000000  0.000000000  0.000000000
  0.000000000  0.000000000  0.000000000
  0.000000000  0.000000000  0.000000000
  0.000000000  0.000000000  0.000000000
  0.000000000  0.000000000  0.000000000
  0.000000000  0.000000000  0.000000000
  0.000000000  0.000000000  0.000000000
  0.000000000  0.000000000  0.000000000
  0.000000000  0.000000000  0.000000000
  0.000000000  0.000000000  0.000000000
  0.000000000  0.000000000  0.000000000
  0.000000000  0.000000000  0.000000000
  0.000000000  0.000000000  0.000000000
  0.000000000  0.000000000  0.000000000
  0.000000000  0.000000000  0.000000000
  0.000000000  0.000000000  0.000000000
  0.000000000  0.000000000  0.000000000
  0.000000000  0.000000000  0.000000000
  0.000000000  0.000000000  0.000000000
  0.000000000  0.000000000  0.000000000
  0.000000000  0.000000000  0.000000000
  0.000000000  0.000000000  0.000000000
  0.000000000  0.000000000  0.000000000
  0.000000000  0.000000000  0.000000000
  0.000000000  0.000000000  0.000000000
  0.000000000  0.000000000  0.000000000
  0.000000000  0.000000000  0.000000000
  0.000000000  0.000000000  0.000000000
  0.000000000  0.000000000  0.000000000
  0.000000000  0.000000000  0.000000000
  0.000000000  0.000000000  0.000000000
  0.000000000  0.000000000  0.000000000
  0.000000000  0.000000000  0.000000000
  0.000000000  0.000000000  0.000000000
  0.000000000  0.000000000  0.000000000
  0.000000000  0.000000000  0.000000000
  0.000000000  0.000000000  0.000000000
  0.000000000  0.000000000  0.000000000
  0.000000000  0.000000000  0.000000000
  0.000000000  0.000000000  0.000000000
  0.000000000  0.000000000  0.000000000
  0.000000000  0.000000000  0.000000000
  0.000000000  0.000000000  0.000000000
  0.000000000  0.000000000  0.000000000
  0.000000000  0.000000000  0.000000000
  0.000000000  0.000000000  0.000000000
  0.000000000  0.000000000  0.000000000
  0.000000000  0.000000000  0.000000000
  0.000000000  0.000000000  0.000000000
  0.000000000  0.000000000  0.000000000
  0.000000000  0.000000000  0.000000000
  0.000000000  0.000000000  0.000000000
  0.000000000  0.000000000  0.000000000
  0.000000000  0.000000000  0.000000000
  0.000000000  0.000000000  0.000000000
  0.000000000  0.000000000  0.000000000
  0.000000000  0.000000000  0.000000000
  0.000000000  0.000000000  0.000000000
  0.000000000  0.000000000  0.000000000
  0.000000000  0.000000000  0.000000000
  0.000000000  0.000000000  0.000000000
  0.000000000  0.000000000  0.000000000
  0.000000000  0.000000000  0.000000000
  0.000000000  0.000000000  0.000000000
  0.000000000  0.000000000  0.000000000
  0.000000000  0.000000000  0.000000000
  0.000000000  0.000000000  0.000000000
  0.000000000  0.000000000  0.000000000
  0.000000000  0.000000000  0.000000000
  0.000000000  0.000000000  0.000000000
  0.000000000  0.000000000  0.000000000
  0.000000000  0.000000000  0.000000000
  0.000000000  0.000000000  0.000000000
  0.000000000  0.000000000  0.000000000
  0.000000000  0.000000000  0.000000000
  0.000000000  0.000000000  0.000000000
  0.000000000  0.000000000  0.000000000
  0.000000000  0.000000000  0.000000000
  0.000000000  0.000000000  0.000000000
  0.000000000  0.000000000  0.000000000
  0.000000000  0.000000000  0.000000000
  0.000000000  0.000000000  0.000000000
  0.000000000  0.000000000  0.000000000
  0.000000000  0.000000000  0.000000000
  0.000000000  0.000000000  0.000000000
  0.000000000  0.000000000  0.000000000
  0.000000000  0.000000000  0.000000000
  0.000000000  0.000000000  0.000000000
  0.000000000  0.000000000  0.000000000
  0.000000000  0.000000000  0.000000000
  0.000000000  0.000000000  0.000000000
  0.000000000  0.000000000  0.000000000
  0.000000000  0.000000000  0.000000000
  0.000000000  0.000000000  0.000000000
  0.000000000  0.000000000  0.000000000
  0.000000000  0.000000000  0.000000000
  0.000000000  0.000000000  0.000000000
  0.000000000  0.000000000  0.000000000
  0.000000000  0.000000000  0.000000000
  0.000000000  0.000000000  0.000000000
  0.000000000  0.000000000  0.000000000
  0.000000000  0.000000000  0.000000000
  0.000000000  0.000000000  0.000000000
  0.000000000  0.000000000  0.000000000
  0.000000000  0.000000000  0.000000000
  0.000000000  0.000000000  0.000000000
  0.000000000  0.000000000  0.000000000
  0.000000000  0.000000000  0.000000000
  0.000000000  0.000000000  0.000000000
  0.000000000  0.000000000  0.000000000
  0.000000000  0.000000000  0.000000000
  0.000000000  0.000000000  0.000000000
  0.000000000  0.000000000  0.000000000
  0.000000000  0.000000000  0.000000000
  0.000000000  0.000000000  0.000000000
  0.000000000  0.000000000  0.000000000
  0.000000000  0.000000000  0.000000000
  0.000000000  0.000000000  0.000000000
  0.000000000  0.000000000  0.000000000
  0.000000000  0.000000000  0.000000000
  0.000000000  0.000000000  0.000000000
  0.000000000  0.000000000  0.000000000
  0.000000000  0.000000000  0.000000000
  0.000000000  0.000000000  0.000000000
  0.000000000  0.000000000  0.000000000
  0.000000000  0.000000000  0.000000000
  0.000000000  0.000000000  0.000000000
  0.000000000  0.000000000  0.000000000
  0.000000000  0.000000000  0.000000000
  0.000000000  0.000000000  0.000000000
  0.000000000  0.000000000  0.000000000
  0.000000000  0.000000000  0.000000000
  0.000000000  0.000000000  0.000000000
  0.000000000  0.000000000  0.000000000
  0.000000000  0.000000000  0.000000000
  0.000000000  0.000000000  0.000000000
  0.000000000  0.000000000  0.000000000
  0.000000000  0.000000000  0.000000000
  0.000000000  0.000000000  0.000000000
  0.000000000  0.000000000  0.000000000
  0.000000000  0.000000000  0.000000000
  0.000000000  0.000000000  0.000000000
  0.000000000  0.000000000  0.000000000
  0.000000000  0.000000000  0.000000000
  0.000000000  0.000000000  0.000000000
  0.000000000  0.000000000  0.000000000
  0.000000000  0.000000000  0.000000000
  0.000000000  0.000000000  0.000000000
  0.000000000  0.000000000  0.000000000
  0.000000000  0.000000000  0.000000000
  0.000000000  0.000000000  0.000000000
  0.000000000  0.000000000  0.000000000
  0.000000000  0.000000000  0.000000000
  0.000000000  0.000000000  0.000000000
  0.000000000  0.000000000  0.000000000
  0.000000000  0.000000000  0.000000000
  0.000000000  0.000000000  0.000000000
  0.000000000  0.000000000  0.000000000
  0.000000000  0.000000000  0.000000000
  0.000000000  0.000000000  0.000000000
  0.000000000  0.000000000  0.000000000
  0.000000000  0.000000000  0.000000000
  0.000000000  0.000000000  0.000000000
  0.000000000  0.000000000  0.000000000
  0.000000000  0.000000000  0.000000000
  0.000000000  0.000000000  0.000000000
  0.000000000  0.000000000  0.000000000
  0.000000000  0.000000000  0.000000000
  0.000000000  0.000000000  0.000000000
  0.000000000  0.000000000  0.000000000
  0.000000000  0.000000000  0.000000000
  0.000000000  0.000000000  0.000000000
  0.000000000  0.000000000  0.000000000
  0.000000000  0.000000000  0.000000000
  0.000000000  0.000000000  0.000000000
  0.000000000  0.000000000  0.000000000
  0.000000000  0.000000000  0.000000000
  0.000000000  0.000000000  0.000000000
  0.000000000  0.000000000  0.000000000
  0.000000000  0.000000000  0.000000000
  0.000000000  0.000000000  0.000000000
  0.000000000  0.000000000  0.000000000
  0.000000000  0.000000000  0.000000000
  0.000000000  0.000000000  0.000000000
  0.000000000  0.000000000  0.000000000
  0.000000000  0.000000000  0.000000000
  0.000000000  0.000000000  0.000000000
  0.000000000  0.000000000  0.000000000
  0.000000000  0.000000000  0.000000000
  0.000000000  0.000000000  0.000000000
  0.000000000  0.000000000  0.000000000
  0.000000000  0.000000000  0.000000000
  0.000000000  0.000000000  0.000000000
  0.000000000  0.000000000  0.000000000
  0.000000000  0.000000000  0.000000000
  0.000000000  0.000000000  0.000000000
  0.000000000  0.000000000  0.000000000
  0.000000000  0.000000000  0.000000000
  0.000000000  0.000000000  0.000000000
  0.000000000  0.000000000  0.000000000
  0.000000000  0.000000000  0.000000000
  0.000000000  0.000000000  0.000000000
  0.000000000  0.000000000  0.000000000
  0.000000000  0.000000000  0.000000000
  0.000000000  0.000000000  0.000000000
  0.000000000  0.000000000  0.000000000
  0.000000000  0.000000000  0.000000000
  0.000000000  0.000000000  0.000000000
  0.000000000  0.000000000  0.000000000
  0.000000000  0.000000000  0.000000000
  0.000000000  0.000000000  0.000000000
  0.000000000  0.000000000  0.000000000
  0.000000000  0.000000000  0.000000000
  0.000000000  0.000000000  0.000000000
  0.000000000  0.000000000  0.000000000
  0.000000000  0.000000000  0.000000000
  0.000000000  0.000000000  0.000000000
  0.000000000  0.000000000  0.000000000
  0.000000000  0.000000000  0.000000000
  0.000000000  0.000000000  0.000000000
  0.000000000  0.000000000  0.000000000
  0.000000000  0.000000000  0.000000000
  0.000000000  0.000000000  0.000000000
  0.000000000  0.000000000  0.000000000
  0.000000000  0.000000000  0.000000000
  0.000000000  0.000000000  0.000000000
  0.000000000  0.000000000  0.000000000
  0.000000000  0.000000000  0.000000000
  0.000000000  0.000000000  0.000000000
  0.000000000  0.000000000  0.000000000
  0.000000000  0.000000000  0.000000000
  0.000000000  0.000000000  0.000000000
  0.000000000  0.000000000  0.000000000
  0.000000000  0.000000000  0.000000000
  0.000000000  0.000000000  0.000000000
  0.000000000  0.000000000  0.000000000
  0.000000000  0.000000000  0.000000000
  0.000000000  0.000000000  0.000000000
  0.000000000  0.000000000  0.000000000
  0.000000000  0.000000000  0.000000000
  0.000000000  0.000000000  0.000000000
  0.000000000  0.000000000  0.000000000
  0.000000000  0.000000000  0.000000000
  0.000000000  0.000000000  0.000000000
  0.000000000  0.000000000  0.000000000
  0.000000000  0.000000000  0.000000000
  0.000000000  0.000000000  0.000000000
  0.000000000  0.000000000  0.000000000
  0.000000000  0.000000000  0.000000000
  0.000000000  0.000000000  0.000000000
  0.000000000  0.000000000  0.000000000
  0.000000000  0.000000000  0.000000000
  0.000000000  0.000000000  0.000000000
  0.000000000  0.000000000  0.000000000
  0.000000000  0.000000000  0.000000000
  0.000000000  0.000000000  0.000000000
  0.000000000  0.000000000  0.000000000
  0.000000000  0.000000000  0.000000000
  0.000000000  0.000000000  0.000000000
  0.000000000  0.000000000  0.000000000
  0.000000000  0.000000000  0.000000000
  0.000000000  0.000000000  0.000000000
  0.000000000  0.000000000  0.000000000
  0.000000000  0.000000000  0.000000000
  0.000000000  0.000000000  0.000000000
  0.000000000  0.000000000  0.000000000
  0.000000000  0.000000000  0.000000000
 0 0 0
 0 0 0
 0 0 0
 0 0 0
 0 0 0
 0 0 0
 0 0 0
 0 0 0
 0 0 0
 0 0 0
 0 0 0
 0 0 0
 0 0 0
 0 0 0
 0 0 0
 0 0 0
 0 0 0
 0 0 0
 0 0 0
 0 0 0
 0 0 0
 0 0 0
 0 0 0
 0 0 0
 0 0 0
 0 0 0
 0 0 0
 0 0 0
 0 0 0
 0 0 0
 0 0 0
 0 0 0
 0 0 0
 0 0 0
 0 0 0
 0 0 0
 0 0 0
 0 0 0
 0 0 0
 0 0 0
 0 0 0
 0 0 0
 0 0 0
 0 0 0
 0 0 0
 0 0 0
 0 0 0
 0 0 0
 0 0 0
 0 0 0
 0 0 0
 0 0 0
 0 0 0
 0 0 0
 0 0 0
 0 0 0
 0 0 0
 0 0 0
 0 0 0
 0 0 0
 0 0 0
 0 0 0
 0 0 0
 0 0 0
 0 0 0
 0 0 0
 0 0 0
 0 0 0
 0 0 0
 0 0 0
 0 0 0
 0 0 0
 0 0 0
 0 0 0
 0 0 0
 0 0 0
 0 0 0
 0 0 0
 0 0 0
 0 0 0
 0 0 0
 0 0 0
 0 0 0
 0 0 0
 0 0 0
 0 0 0
 0 0 0
 0 0 0
 0 0 0
 0 0 0
 0 0 0
 0 0 0
 0 0 0
 0 0 0
 0 0 0
 0 0 0
 0 0 0
 0 0 0
 0 0 0
 0 0 0
 0 0 0
 0 0 0
 0 0 0
 0 0 0
 0 0 0
 0 0 0
 0 0 0
 0 0 0
 0 0 0
 0 0 0
 0 0 0
 0 0 0
 0 0 0
 0 0 0
 0 0 0
 0 0 0
 0 0 0
 0 0 0
 0 0 0
 0 0 0
 0 0 0
 0 0 0
 0 0 0
 0 0 0
 0 0 0
 0 0 0
 0 0 0
 0 0 0
 0 0 0
 0 0 0
 0 0 0
 0 0 0
 0 0 0
 0 0 0
 0 0 0
 0 0 0
 0 0 0
 0 0 0
 0 0 0
 0 0 0
 0 0 0
 0 0 0
 0 0 0
 0 0 0
 0 0 0
 0 0 0
 0 0 0
 0 0 0
 0 0 0
 0 0 0
 0 0 0
 0 0 0
 0 0 0
 0 0 0
 0 0 0
 0 0 0
 0 0 0
 0 0 0
 0 0 0
 0 0 0
 0 0 0
 0 0 0
 0 0 0
 0 0 0
 0 0 0
 0 0 0
 0 0 0
 0 0 0
 0 0 0
 0 0 0
 0 0 0
 0 0 0
 0 0 0
 0 0 0
 0 0 0
 0 0 0
 0 0 0
 0 0 0
 0 0 0
 0 0 0
 0 0 0
 0 0 0
 0 0 0
 0 0 0
 0 0 0
 0 0 0
 0 0 0
 0 0 0
 0 0 0
 0 0 0
 0 0 0
 0 0 0
 0 0 0
 0 0 0
 0 0 0
 0 0 0
 0 0 0
 0 0 0
 0 0 0
 0 0 0
 0 0 0
 0 0 0
 0 0 0
 0 0 0
 0 0 0
 0 0 0
 0 0 0
 0 0 0
 0 0 0
 0 0 0
 0 0 0
 0 0 0
 0 0 0
 0 0 0
 0 0 0
 0 0 0
 0 0 0
 0 0 0
 0 0 0
 0 0 0
 0 0 0
 0 0 0
 0 0 0
 0 0 0
 0 0 0
 0 0 0
 0 0 0
 0 0 0
 0 0 0
 0 0 0
 0 0 0
 0 0 0
 0 0 0
 0 0 0
 0 0 0
 0 0 0
 0 0 0
 0 0 0
 0 0 0
 0 0 0
 0 0 0
 0 0 0
 0 0 0
 0 0 0
 0 0 0
 0 0 0
 0 0 0
 0 0 0
 0 0 0
 0 0 0
 0 0 0
 0 0 0
 0 0 0
 0 0 0
 0 0 0
 0 0 0
 0 0 0
 0 0 0
 0 0 0
 0 0 0
 0 0 0
 0 0 0
 0 0 0
 0 0 0
 0 0 0
 0 0 0
  0.000000000  0.000000000  0.000000000
  0.000000000  0.000000000  0.000000000
  0.000000000  0.000000000  0.000000000
  0.000000000  0.000000000  0.000000000
  0.000000000  0.000000000  0.000000000
  0.000000000  0.000000000  0.000000000
  0.000000000  0.000000000  0.000000000
  0.000000000  0.000000000  0.000000000
  0.000000000  0.000000000  0.000000000
  0.000000000  0.000000000  0.000000000
  0.000000000  0.000000000  0.000000000
  0.000000000  0.000000000  0.000000000
  0.000000000  0.000000000  0.000000000
  0.000000000  0.000000000  0.000000000
  0.000000000  0.000000000  0.000000000
  0.000000000  0.000000000  0.000000000
  0.000000000  0.000000000  0.000000000
  0.000000000  0.000000000  0.000000000
  0.000000000  0.000000000  0.000000000
  0.000000000  0.000000000  0.000000000
  0.000000000  0.000000000  0.000000000
  0.000000000  0.000000000  0.000000000
  0.000000000  0.000000000  0.000000000
  0.000000000  0.000000000  0.000000000
  0.000000000  0.000000000  0.000000000
  0.000000000  0.000000000  0.000000000
  0.000000000  0.000000000  0.000000000
  0.000000000  0.000000000  0.000000000
  0.000000000  0.000000000  0.000000000
  0.000000000  0.000000000  0.000000000
  0.000000000  0.000000000  0.000000000
  0.000000000  0.000000000  0.000000000
  0.000000000  0.000000000  0.000000000
  0.000000000  0.000000000  0.000000000
  0.000000000  0.000000000  0.000000000
  0.000000000  0.000000000  0.000000000
  0.000000000  0.000000000  0.000000000
  0.000000000  0.000000000  0.000000000
  0.000000000  0.000000000  0.000000000
  0.000000000  0.000000000  0.000000000
  0.000000000  0.000000000  0.000000000
  0.000000000  0.000000000  0.000000000
  0.000000000  0.000000000  0.000000000
  0.000000000  0.000000000  0.000000000
  0.000000000  0.000000000  0.000000000
  0.000000000  0.000000000  0.000000000
  0.000000000  0.000000000  0.000000000
  0.000000000  0.000000000  0.000000000
  0.000000000  0.000000000  0.000000000
  0.000000000  0.000000000  0.000000000
  0.000000000  0.000000000  0.000000000
  0.000000000  0.000000000  0.000000000
  0.000000000  0.000000000  0.000000000
  0.000000000  0.000000000  0.000000000
  0.000000000  0.000000000  0.000000000
  0.000000000  0.000000000  0.000000000
  0.000000000  0.000000000  0.000000000
  0.000000000  0.000000000  0.000000000
  0.000000000  0.000000000  0.000000000
  0.000000000  0.000000000  0.000000000
  0.000000000  0.000000000  0.000000000
  0.000000000  0.000000000  0.000000000
  0.000000000  0.000000000  0.000000000
  0.000000000  0.000000000  0.000000000
  0.000000000  0.000000000  0.000000000
  0.000000000  0.000000000  0.000000000
  0.000000000  0.000000000  0.000000000
  0.000000000  0.000000000  0.000000000
  0.000000000  0.000000000  0.000000000
  0.000000000  0.000000000  0.000000000
  0.000000000  0.000000000  0.000000000
  0.000000000  0.000000000  0.000000000
  0.000000000  0.000000000  0.000000000
  0.000000000  0.000000000  0.000000000
  0.000000000  0.000000000  0.000000000
  0.000000000  0.000000000  0.000000000
  0.000000000  0.000000000  0.000000000
  0.000000000  0.000000000  0.000000000
  0.000000000  0.000000000  0.000000000
  0.000000000  0.000000000  0.000000000
  0.000000000  0.000000000  0.000000000
  0.000000000  0.000000000  0.000000000
  0.000000000  0.000000000  0.000000000
  0.000000000  0.000000000  0.000000000
  0.000000000  0.000000000  0.000000000
  0.000000000  0.000000000  0.000000000
  0.000000000  0.000000000  0.000000000
  0.000000000  0.000000000  0.000000000
  0.000000000  0.000000000  0.000000000
  0.000000000  0.000000000  0.000000000
  0.000000000  0.000000000  0.000000000
  0.000000000  0.000000000  0.000000000
  0.000000000  0.000000000  0.000000000
  0.000000000  0.000000000  0.000000000
  0.000000000  0.000000000  0.000000000
  0.000000000  0.000000000  0.000000000
  0.000000000  0.000000000  0.000000000
  0.000000000  0.000000000  0.000000000
  0.000000000  0.000000000  0.000000000
  0.000000000  0.000000000  0.000000000
  0.000000000  0.000000000  0.000000000
  0.000000000  0.000000000  0.000000000
  0.000000000  0.000000000  0.000000000
  0.000000000  0.000000000  0.000000000
  0.000000000  0.000000000  0.000000000
  0.000000000  0.000000000  0.000000000
  0.000000000  0.000000000  0.000000000
  0.000000000  0.000000000  0.000000000
  0.000000000  0.000000000  0.000000000
  0.000000000  0.000000000  0.000000000
  0.000000000  0.000000000  0.000000000
  0.000000000  0.000000000  0.000000000
  0.000000000  0.000000000  0.000000000
  0.000000000  0.000000000  0.000000000
  0.000000000  0.000000000  0.000000000
  0.000000000  0.000000000  0.000000000
  0.000000000  0.000000000  0.000000000
  0.000000000  0.000000000  0.000000000
  0.000000000  0.000000000  0.000000000
  0.000000000  0.000000000  0.000000000
  0.000000000  0.000000000  0.000000000
  0.000000000  0.000000000  0.000000000
  0.000000000  0.000000000  0.000000000
  0.000000000  0.000000000  0.000000000
  0.000000000  0.000000000  0.000000000
  0.000000000  0.000000000  0.000000000
  0.000000000  0.000000000  0.000000000
  0.000000000  0.000000000  0.000000000
  0.000000000  0.000000000  0.000000000
  0.000000000  0.000000000  0.000000000
  0.000000000  0.000000000  0.000000000
  0.000000000  0.000000000  0.000000000
  0.000000000  0.000000000  0.000000000
  0.000000000  0.000000000  0.000000000
  0.000000000  0.000000000  0.000000000
  0.000000000  0.000000000  0.000000000
  0.000000000  0.000000000  0.000000000
  0.000000000  0.000000000  0.000000000
  0.000000000  0.000000000  0.000000000
  0.000000000  0.000000000  0.000000000
  0.000000000  0.000000000  0.000000000
  0.000000000  0.000000000  0.000000000
  0.000000000  0.000000000  0.000000000
  0.000000000  0.000000000  0.000000000
  0.000000000  0.000000000  0.000000000
  0.000000000  0.000000000  0.000000000
  0.000000000  0.000000000  0.000000000
  0.000000000  0.000000000  0.000000000
  0.000000000  0.000000000  0.000000000
  0.000000000  0.000000000  0.000000000
  0.000000000  0.000000000  0.000000000
  0.000000000  0.000000000  0.000000000
  0.000000000  0.000000000  0.000000000
  0.000000000  0.000000000  0.000000000
  0.000000000  0.000000000  0.000000000
  0.000000000  0.000000000  0.000000000
  0.000000000  0.000000000  0.000000000
  0.000000000  0.000000000  0.000000000
  0.000000000  0.000000000  0.000000000
  0.000000000  0.000000000  0.000000000
  0.000000000  0.000000000  0.000000000
  0.000000000  0.000000000  0.000000000
  0.000000000  0.000000000  0.000000000
  0.000000000  0.000000000  0.000000000
  0.000000000  0.000000000  0.000000000
  0.000000000  0.000000000  0.000000000
  0.000000000  0.000000000  0.000000000
  0.000000000  0.000000000  0.000000000
  0.000000000  0.000000000  0.000000000
  0.000000000  0.000000000  0.000000000
  0.000000000  0.000000000  0.000000000
  0.000000000  0.000000000  0.000000000
  0.000000000  0.000000000  0.000000000
  0.000000000  0.000000000  0.000000000
  0.000000000  0.000000000  0.000000000
  0.000000000  0.000000000  0.000000000
  0.000000000  0.000000000  0.000000000
  0.000000000  0.000000000  0.000000000
  0.000000000  0.000000000  0.000000000
  0.000000000  0.000000000  0.000000000
  0.000000000  0.000000000  0.000000000
  0.000000000  0.000000000  0.000000000
  0.000000000  0.000000000  0.000000000
  0.000000000  0.000000000  0.000000000
  0.000000000  0.000000000  0.000000000
  0.000000000  0.000000000  0.000000000
  0.000000000  0.000000000  0.000000000
  0.000000000  0.000000000  0.000000000
  0.000000000  0.000000000  0.000000000
  0.000000000  0.000000000  0.000000000
  0.000000000  0.000000000  0.000000000
  0.000000000  0.000000000  0.000000000
  0.000000000  0.000000000  0.000000000
  0.000000000  0.000000000  0.000000000
  0.000000000  0.000000000  0.000000000
  0.000000000  0.000000000  0.000000000
  0.000000000  0.000000000  0.000000000
  0.000000000  0.000000000  0.000000000
  0.000000000  0.000000000  0.000000000
  0.000000000  0.000000000  0.000000000
  0.000000000  0.000000000  0.000000000
  0.000000000  0.000000000  0.000000000
  0.000000000  0.000000000  0.000000000
  0.000000000  0.000000000  0.000000000
  0.000000000  0.000000000  0.000000000
  0.000000000  0.000000000  0.000000000
  0.000000000  0.000000000  0.000000000
  0.000000000  0.000000000  0.000000000
  0.000000000  0.000000000  0.000000000
  0.000000000  0.000000000  0.000000000
  0.000000000  0.000000000  0.000000000
  0.000000000  0.000000000  0.000000000
  0.000000000  0.000000000  0.000000000
  0.000000000  0.000000000  0.000000000
  0.000000000  0.000000000  0.000000000
  0.000000000  0.000000000  0.000000000
  0.000000000  0.000000000  0.000000000
  0.000000000  0.000000000  0.000000000
  0.000000000  0.000000000  0.000000000
  0.000000000  0.000000000  0.000000000
  0.000000000  0.000000000  0.000000000
  0.000000000  0.000000000  0.000000000
  0.000000000  0.000000000  0.000000000
  0.000000000  0.000000000  0.000000000
  0.000000000  0.000000000  0.000000000
  0.000000000  0.000000000  0.000000000
  0.000000000  0.000000000  0.000000000
  0.000000000  0.000000000  0.000000000
  0.000000000  0.000000000  0.000000000
  0.000000000  0.000000000  0.000000000
  0.000000000  0.000000000  0.000000000
  0.000000000  0.000000000  0.000000000
  0.000000000  0.000000000  0.000000000
  0.000000000  0.000000000  0.000000000
  0.000000000  0.000000000  0.000000000
  0.000000000  0.000000000  0.000000000
  0.000000000  0.000000000  0.000000000
  0.000000000  0.000000000  0.000000000
  0.000000000  0.000000000  0.000000000
  0.000000000  0.000000000  0.000000000
  0.000000000  0.000000000  0.000000000
  0.000000000  0.000000000  0.000000000
  0.000000000  0.000000000  0.000000000
  0.000000000  0.000000000  0.000000000
  0.000000000  0.000000000  0.000000000
  0.000000000  0.000000000  0.000000000
  0.000000000  0.000000000  0.000000000
  0.000000000  0.000000000  0.000000000
  0.000000000  0.000000000  0.000000000
  0.000000000  0.000000000  0.000000000
  0.000000000  0.000000000  0.000000000
  0.000000000  0.000000000  0.000000000
  0.000000000  0.000000000  0.000000000
  0.000000000  0.000000000  0.000000000
  0.000000000  0.000000000  0.000000000
  0.000000000  0.000000000  0.000000000
  0.000000000  0.000000000  0.000000000
  0.000000000  0.000000000  0.000000000
  0.000000000  0.000000000  0.000000000
  0.000000000  0.000000000  0.000000000
  0.000000000  0.000000000  0.000000000
  0.000000000  0.000000000  0.000000000
  0.000000000  0.000000000  0.000000000
  0.000000000  0.000000000  0.000000000
  0.000000000  0.000000000  0.000000000
  0.000000000  0.000000000  0.000000000
  0.000000000  0.000000000  0.000000000
  0.000000000  0.000000000  0.000000000
  0.000000000  0.000000000  0.000000000
  0.000000000  0.000000000  0.000000000
  0.000000000  0.000000000  0.000000000
  0.000000000  0.000000000  0.000000000
  0.000000000  0.000000000  0.000000000
  0.000000000  0.000000000  0.000000000
  0.000000000  0.000000000  0.000000000
  0.000000000  0.000000000  0.000000000
  0.000000000  0.000000000  0.000000000
  0.000000000  0.000000000  0.000000000
  0.000000000  0.000000000  0.000000000
  0.000000000  0.000000000  0.000000000
  0.000000000  0.000000000  0.000000000
  0.000000000  0.000000000  0.000000000
  0.000000000  0.000000000  0.000000000
  0.000000000  0.000000000  0.000000000
  0.000000000  0.000000000  0.000000000
  0.000000000  0.000000000  0.000000000
  0.000000000  0.000000000  0.000000000
  0.000000000  0.000000000  0.000000000
  0.000000000  0.000000000  0.000000000
  0.000000000  0.000000000  0.000000000
  0.000000000  0.000000000  0.000000000
  0.000000000  0.000000000  0.000000000
  0.000000000  0.000000000  0.000000000
  0.000000000  0.000000000  0.000000000
  0.000000000  0.000000000  0.000000000
  0.000000000  0.000000000  0.000000000
  0.000000000  0.000000000  0.000000000
  0.000000000  0.000000000  0.000000000
  0.000000000  0.000000000  0.000000000
  0.000000000  0.000000000  0.000000000
  0.000000000  0.000000000  0.000000000
  0.000000000  0.000000000  0.000000000
  0.000000000  0.000000000  0.000000000
  0.000000000  0.000000000  0.000000000
  0.000000000  0.000000000  0.000000000
  0.000000000  0.000000000  0.000000000
  0.000000000  0.000000000  0.000000000
  0.000000000  0.000000000  0.000000000
  0.000000000  0.000000000  0.000000000
  0.000000000  0.000000000  0.000000000
  0.000000000  0.000000000  0.000000000
  0.000000000  0.000000000  0.000000000
  0.000000000  0.000000000  0.000000000
  0.000000000  0.000000000  0.000000000
  0.000000000  0.000000000  0.000000000
  0.000000000  0.000000000  0.000000000
  0.000000000  0.000000000  0.000000000
  0.000000000  0.000000000  0.000000000
  0.000000000  0.000000000  0.000000000
  0.000000000  0.000000000  0.000000000
  0.000000000  0.000000000  0.000000000
  0.000000000  0.000000000  0.000000000
  0.000000000  0.000000000  0.000000000
  0.000000000  0.000000000  0.000000000
  0.000000000  0.000000000  0.000000000
  0.000000000  0.000000000  0.000000000
  0.000000000  0.000000000  0.000000000
  0.000000000  0.000000000  0.000000000
  0.000000000  0.000000000  0.000000000
  0.000000000  0.000000000  0.000000000
  0.000000000  0.000000000  0.000000000
  0.000000000  0.000000000  0.000000000
  0.000000000  0.000000000  0.000000000
  0.000000000  0.000000000  0.000000000
  0.000000000  0.000000000  0.000000000
  0.000000000  0.000000000  0.000000000
  0.000000000  0.000000000  0.000000000
  0.000000000  0.000000000  0.000000000
  0.000000000  0.000000000  0.000000000
  0.000000000  0.000000000  0.000000000
  0.000000000  0.000000000  0.000000000
  0.000000000  0.000000000  0.000000000
  0.000000000  0.000000000  0.000000000
  0.000000000  0.000000000  0.000000000
  0.000000000  0.000000000  0.000000000
  0.000000000  0.000000000  0.000000000
  0.000000000  0.000000000  0.000000000
  0.000000000  0.000000000  0.000000000
  0.000000000  0.000000000  0.000000000
  0.000000000  0.000000000  0.000000000
  0.000000000  0.000000000  0.000000000
  0.000000000  0.000000000  0.000000000
  0.000000000  0.000000000  0.000000000
  0.000000000  0.000000000  0.000000000
  0.000000000  0.000000000  0.000000000
  0.000000000  0.000000000  0.000000000
  0.000000000  0.000000000  0.000000000
  0.000000000  0.000000000  0.000000000
  0.000000000  0.000000000  0.000000000
  0.000000000  0.000000000  0.000000000
  0.000000000  0.000000000  0.000000000
  0.000000000  0.000000000  0.000000000
  0.000000000  0.000000000  0.000000000
  0.000000000  0.000000000  0.000000000
  0.000000000  0.000000000  0.000000000
  0.000000000  0.000000000  0.000000000
  0.000000000  0.000000000  0.000000000
  0.000000000  0.000000000  0.000000000
  0.000000000  0.000000000  0.000000000
  0.000000000  0.000000000  0.000000000
  0.000000000  0.000000000  0.000000000
  0.000000000  0.000000000  0.000000000
  0.000000000  0.000000000  0.000000000
  0.000000000  0.000000000  0.000000000
  0.000000000  0.000000000  0.000000000
  0.000000000  0.000000000  0.000000000
  0.000000000  0.000000000  0.000000000
  0.000000000  0.000000000  0.000000000
  0.000000000  0.000000000  0.000000000
  0.000000000  0.000000000  0.000000000
  0.000000000  0.000000000  0.000000000
  0.000000000  0.000000000  0.000000000
  0.000000000  0.000000000  0.000000000
  0.000000000  0.000000000  0.000000000
  0.000000000  0.000000000  0.000000000
  0.000000000  0.000000000  0.000000000
  0.000000000  0.000000000  0.000000000
  0.000000000  0.000000000  0.000000000
  0.000000000  0.000000000  0.000000000
  0.000000000  0.000000000  0.000000000
  0.000000000  0.000000000  0.000000000
  0.000000000  0.000000000  0.000000000
   1.06000000000000     
   1.06000000000000     
   1.06000000000000     
   1.06000000000000     
   1.06000000000000     
   1.06000000000000     
   1.06000000000000     
   1.06000000000000     
   1.06000000000000     
   1.06000000000000     
   1.06000000000000     
   1.06000000000000     
   1.06000000000000     
   1.06000000000000     
   1.06000000000000     
   1.06000000000000     
   1.06000000000000     
   1.06000000000000     
   1.06000000000000     
   1.06000000000000     
   1.06000000000000     
   1.06000000000000     
   1.06000000000000     
   1.06000000000000     
   1.06000000000000     
   1.06000000000000     
   1.06000000000000     
   1.06000000000000     
   1.06000000000000     
   1.06000000000000     
   1.06000000000000     
   1.06000000000000     
   1.06000000000000     
   1.06000000000000     
   1.06000000000000     
   1.06000000000000     
   1.06000000000000     
   1.06000000000000     
   1.06000000000000     
   1.06000000000000     
   1.06000000000000     
   1.06000000000000     
   1.06000000000000     
   1.06000000000000     
   1.06000000000000     
   1.06000000000000     
   1.06000000000000     
   1.06000000000000     
   1.06000000000000     
   1.06000000000000     
   1.06000000000000     
   1.06000000000000     
   1.06000000000000     
   1.06000000000000     
   1.06000000000000     
   1.06000000000000     
   1.06000000000000     
   1.06000000000000     
   1.06000000000000     
   1.06000000000000     
   1.06000000000000     
   1.06000000000000     
   1.06000000000000     
   1.06000000000000     
   1.06000000000000     
   1.06000000000000     
   1.06000000000000     
   1.06000000000000     
   1.06000000000000     
   1.06000000000000     
   1.06000000000000     
   1.06000000000000     
   1.06000000000000     
   1.06000000000000     
   1.06000000000000     
   1.06000000000000     
   1.06000000000000     
   1.06000000000000     
   1.06000000000000     
   1.06000000000000     
   1.06000000000000     
   1.06000000000000     
   1.06000000000000     
   1.06000000000000     
   1.06000000000000     
   1.06000000000000     
   1.06000000000000     
   1.06000000000000     
   1.06000000000000     
   1.06000000000000     
   1.06000000000000     
   1.06000000000000     
   1.06000000000000     
   1.06000000000000     
   1.06000000000000     
   1.06000000000000     
   1.06000000000000     
   1.06000000000000     
   1.06000000000000     
   1.06000000000000     
   1.06000000000000     
   1.06000000000000     
   1.06000000000000     
   1.06000000000000     
   1.06000000000000     
   1.06000000000000     
   1.06000000000000     
   1.06000000000000     
   1.06000000000000     
   1.06000000000000     
   1.06000000000000     
   1.06000000000000     
   1.06000000000000     
   1.06000000000000     
   1.06000000000000     
   1.06000000000000     
   1.06000000000000     
   1.06000000000000     
   1.06000000000000     
   1.06000000000000     
   1.06000000000000     
   1.06000000000000     
   1.06000000000000     
   1.06000000000000     
   1.06000000000000     
   1.06000000000000     
  3.000000000000000E-002
  3.000000000000000E-002
  3.000000000000000E-002
  3.000000000000000E-002
  3.000000000000000E-002
  3.000000000000000E-002
  3.000000000000000E-002
  3.000000000000000E-002
  3.000000000000000E-002
  3.000000000000000E-002
  3.000000000000000E-002
  3.000000000000000E-002
  3.000000000000000E-002
  3.000000000000000E-002
  3.000000000000000E-002
  3.000000000000000E-002
  3.000000000000000E-002
  3.000000000000000E-002
  3.000000000000000E-002
  3.000000000000000E-002
  3.000000000000000E-002
  3.000000000000000E-002
  3.000000000000000E-002
  3.000000000000000E-002
  3.000000000000000E-002
  3.000000000000000E-002
  3.000000000000000E-002
  3.000000000000000E-002
  3.000000000000000E-002
  3.000000000000000E-002
  3.000000000000000E-002
  3.000000000000000E-002
  3.000000000000000E-002
  3.000000000000000E-002
  3.000000000000000E-002
  3.000000000000000E-002
  3.000000000000000E-002
  3.000000000000000E-002
  3.000000000000000E-002
  3.000000000000000E-002
  3.000000000000000E-002
  3.000000000000000E-002
  3.000000000000000E-002
  3.000000000000000E-002
  3.000000000000000E-002
  3.000000000000000E-002
  3.000000000000000E-002
  3.000000000000000E-002
  3.000000000000000E-002
  3.000000000000000E-002
  3.000000000000000E-002
  3.000000000000000E-002
  3.000000000000000E-002
  3.000000000000000E-002
  3.000000000000000E-002
  3.000000000000000E-002
  3.000000000000000E-002
  3.000000000000000E-002
  3.000000000000000E-002
  3.000000000000000E-002
  3.000000000000000E-002
  3.000000000000000E-002
  3.000000000000000E-002
  3.000000000000000E-002
  3.000000000000000E-002
  3.000000000000000E-002
  3.000000000000000E-002
  3.000000000000000E-002
  3.000000000000000E-002
  3.000000000000000E-002
  3.000000000000000E-002
  3.000000000000000E-002
  3.000000000000000E-002
  3.000000000000000E-002
  3.000000000000000E-002
  3.000000000000000E-002
  3.000000000000000E-002
  3.000000000000000E-002
  3.000000000000000E-002
  3.000000000000000E-002
  3.000000000000000E-002
  3.000000000000000E-002
  3.000000000000000E-002
  3.000000000000000E-002
  3.000000000000000E-002
  3.000000000000000E-002
  3.000000000000000E-002
  3.000000000000000E-002
  3.000000000000000E-002
  3.000000000000000E-002
  3.000000000000000E-002
  3.000000000000000E-002
  3.000000000000000E-002
  3.000000000000000E-002
  3.000000000000000E-002
  3.000000000000000E-002
  3.000000000000000E-002
  3.000000000000000E-002
  3.000000000000000E-002
  3.000000000000000E-002
  3.000000000000000E-002
  3.000000000000000E-002
  3.000000000000000E-002
  3.000000000000000E-002
  3.000000000000000E-002
  3.000000000000000E-002
  3.000000000000000E-002
  3.000000000000000E-002
  3.000000000000000E-002
  3.000000000000000E-002
  3.000000000000000E-002
  3.000000000000000E-002
  3.000000000000000E-002
  3.000000000000000E-002
  3.000000000000000E-002
  3.000000000000000E-002
  3.000000000000000E-002
  3.000000000000000E-002
  3.000000000000000E-002
  3.000000000000000E-002
  3.000000000000000E-002
  3.000000000000000E-002
  3.000000000000000E-002
  3.000000000000000E-002
  3.000000000000000E-002
  3.000000000000000E-002
