           3
 2 1 2
   9   2  15
  0.000000000  0.000000000  0.000000000  0.250000000  0.250000000  0.500000000  0.500000000  0.750000000  0.750000000  1.000000000  1.000000000  1.000000000
  0.000000000  0.000000000  1.000000000  1.000000000
  0.567441860  0.567441860  0.567441860  0.567929745  0.568417629  0.568905513  0.569393397  0.569881281  0.570369166  0.570857050  0.571344934  0.571832818  0.572320703  0.572808587  0.573296471  0.573784355  0.573784355  0.573784355
 -0.199274593160E+02 -0.412546762500E+01  0.390917066810E+02  0.100000000000E+01
 -0.199274593160E+02 -0.412546762500E+01  0.390917066810E+02  0.707105631176E+00
 -0.199274593160E+02 -0.412546762500E+01  0.390917066810E+02  0.100000000000E+01
 -0.199274593160E+02 -0.412546762500E+01  0.390917066810E+02  0.707108116416E+00
 -0.199274593160E+02 -0.412546762500E+01  0.390917066810E+02  0.100000000000E+01
 -0.199274593160E+02 -0.412546762500E+01  0.390917066810E+02  0.707107393539E+00
 -0.199274593160E+02 -0.412546762500E+01  0.390917066810E+02  0.100000000000E+01
 -0.199274593160E+02 -0.412546762500E+01  0.390917066810E+02  0.707106516307E+00
 -0.199274593160E+02 -0.412546762500E+01  0.390917066810E+02  0.100000000000E+01
 -0.198078702080E+02 -0.418810988400E+01  0.395188108020E+02  0.100000000000E+01
 -0.196637236940E+02 -0.428474868800E+01  0.392716476490E+02  0.707105631176E+00
 -0.196174715370E+02 -0.432175397900E+01  0.389761200110E+02  0.100000000000E+01
 -0.196190782780E+02 -0.433514909700E+01  0.384570718290E+02  0.707108116416E+00
 -0.200851412720E+02 -0.404287267600E+01  0.385285569790E+02  0.100000000000E+01
 -0.207746730900E+02 -0.458195773000E+01  0.384271394990E+02  0.707107393539E+00
 -0.206361910280E+02 -0.475951398100E+01  0.391971567900E+02  0.100000000000E+01
 -0.202742705280E+02 -0.467915962000E+01  0.397817611650E+02  0.707106516307E+00
 -0.198078702080E+02 -0.418810988400E+01  0.395188108020E+02  0.100000000000E+01
 -0.199435852720E+02 -0.441002385300E+01  0.390421407210E+02  0.100000000000E+01
 -0.199435852720E+02 -0.441002385300E+01  0.390421407210E+02  0.707107743050E+00
 -0.199435852720E+02 -0.441002385300E+01  0.390421407210E+02  0.100000000000E+01
 -0.199435852720E+02 -0.441002385300E+01  0.390421407210E+02  0.707106772451E+00
 -0.199435852720E+02 -0.441002385300E+01  0.390421407210E+02  0.100000000000E+01
 -0.199435852720E+02 -0.441002385300E+01  0.390421407210E+02  0.707106203022E+00
 -0.199435852720E+02 -0.441002385300E+01  0.390421407210E+02  0.100000000000E+01
 -0.199435852720E+02 -0.441002385300E+01  0.390421407210E+02  0.707106219960E+00
 -0.199435852720E+02 -0.441002385300E+01  0.390421407210E+02  0.100000000000E+01
 -0.198525039760E+02 -0.448727074100E+01  0.393680127790E+02  0.100000000000E+01
 -0.197189614880E+02 -0.451932186200E+01  0.391660899280E+02  0.707107743050E+00
 -0.196458207620E+02 -0.452216135800E+01  0.389323346420E+02  0.100000000000E+01
 -0.195431365050E+02 -0.449759236300E+01  0.383651502450E+02  0.707106772451E+00
 -0.200882961760E+02 -0.428729104900E+01  0.385243850760E+02  0.100000000000E+01
 -0.206342058130E+02 -0.472472643800E+01  0.384712971440E+02  0.707106203022E+00
 -0.205411566000E+02 -0.493641244700E+01  0.390843819950E+02  0.100000000000E+01
 -0.202328891670E+02 -0.493948531900E+01  0.396420929690E+02  0.707106219960E+00
 -0.198525039760E+02 -0.448727074100E+01  0.393680127790E+02  0.100000000000E+01
 -0.199257502530E+02 -0.468494672400E+01  0.389547888130E+02  0.100000000000E+01
 -0.199257502530E+02 -0.468494672400E+01  0.389547888130E+02  0.707105859768E+00
 -0.199257502530E+02 -0.468494672400E+01  0.389547888130E+02  0.100000000000E+01
 -0.199257502530E+02 -0.468494672400E+01  0.389547888130E+02  0.707107213733E+00
 -0.199257502530E+02 -0.468494672400E+01  0.389547888130E+02  0.100000000000E+01
 -0.199257502530E+02 -0.468494672400E+01  0.389547888130E+02  0.707107302250E+00
 -0.199257502530E+02 -0.468494672400E+01  0.389547888130E+02  0.100000000000E+01
 -0.199257502530E+02 -0.468494672400E+01  0.389547888130E+02  0.707106682204E+00
 -0.199257502530E+02 -0.468494672400E+01  0.389547888130E+02  0.100000000000E+01
 -0.198350815340E+02 -0.479748773200E+01  0.392575563500E+02  0.100000000000E+01
 -0.196497196920E+02 -0.477765413700E+01  0.390714560130E+02  0.707105859768E+00
 -0.195575689110E+02 -0.472181684600E+01  0.388308248210E+02  0.100000000000E+01
 -0.194298455440E+02 -0.455257931500E+01  0.382014279070E+02  0.707107213733E+00
 -0.200736473610E+02 -0.450137304600E+01  0.384609228130E+02  0.100000000000E+01
 -0.205251474920E+02 -0.491161994000E+01  0.384217665110E+02  0.707107302250E+00
 -0.204349387900E+02 -0.516070011800E+01  0.389304323060E+02  0.100000000000E+01
 -0.201694292720E+02 -0.523967706000E+01  0.394379321940E+02  0.707106682204E+00
 -0.198350815340E+02 -0.479748773200E+01  0.392575563500E+02  0.100000000000E+01
 -0.198639773030E+02 -0.493240814600E+01  0.388196348950E+02  0.100000000000E+01
 -0.198639773030E+02 -0.493240814600E+01  0.388196348950E+02  0.707106110862E+00
 -0.198639773030E+02 -0.493240814600E+01  0.388196348950E+02  0.100000000000E+01
 -0.198639773030E+02 -0.493240814600E+01  0.388196348950E+02  0.707107724127E+00
 -0.198639773030E+02 -0.493240814600E+01  0.388196348950E+02  0.100000000000E+01
 -0.198639773030E+02 -0.493240814600E+01  0.388196348950E+02  0.707107706249E+00
 -0.198639773030E+02 -0.493240814600E+01  0.388196348950E+02  0.100000000000E+01
 -0.198639773030E+02 -0.493240814600E+01  0.388196348950E+02  0.707106521394E+00
 -0.198639773030E+02 -0.493240814600E+01  0.388196348950E+02  0.100000000000E+01
 -0.197446332230E+02 -0.511720585400E+01  0.391433018300E+02  0.100000000000E+01
 -0.194832921650E+02 -0.501117304600E+01  0.389834686760E+02  0.707106110862E+00
 -0.194149623720E+02 -0.484401970400E+01  0.387045361980E+02  0.100000000000E+01
 -0.193917540310E+02 -0.451390697300E+01  0.381449019470E+02  0.707107724127E+00
 -0.200351042050E+02 -0.466742854000E+01  0.383555279400E+02  0.100000000000E+01
 -0.203730585410E+02 -0.506691376400E+01  0.383239057310E+02  0.707107706249E+00
 -0.202706202350E+02 -0.535657869100E+01  0.387273935020E+02  0.100000000000E+01
 -0.200423105640E+02 -0.547262758100E+01  0.391188497670E+02  0.707106521394E+00
 -0.197446332230E+02 -0.511720585400E+01  0.391433018300E+02  0.100000000000E+01
 -0.197590027460E+02 -0.513036986200E+01  0.386376986760E+02  0.100000000000E+01
 -0.197590027460E+02 -0.513036986200E+01  0.386376986760E+02  0.707106996102E+00
 -0.197590027460E+02 -0.513036986200E+01  0.386376986760E+02  0.100000000000E+01
 -0.197590027460E+02 -0.513036986200E+01  0.386376986760E+02  0.707106701360E+00
 -0.197590027460E+02 -0.513036986200E+01  0.386376986760E+02  0.100000000000E+01
 -0.197590027460E+02 -0.513036986200E+01  0.386376986760E+02  0.707106432888E+00
 -0.197590027460E+02 -0.513036986200E+01  0.386376986760E+02  0.100000000000E+01
 -0.197590027460E+02 -0.513036986200E+01  0.386376986760E+02  0.707106681115E+00
 -0.197590027460E+02 -0.513036986200E+01  0.386376986760E+02  0.100000000000E+01
 -0.196162245740E+02 -0.535989871600E+01  0.389192803700E+02  0.100000000000E+01
 -0.193003904250E+02 -0.517161942000E+01  0.388481589600E+02  0.707106996102E+00
 -0.192730702300E+02 -0.489540576600E+01  0.385828322260E+02  0.100000000000E+01
 -0.193975657160E+02 -0.447912598400E+01  0.381217912700E+02  0.707106701360E+00
 -0.199649628350E+02 -0.479926966400E+01  0.382315128090E+02  0.100000000000E+01
 -0.201939035770E+02 -0.519137903500E+01  0.382074558490E+02  0.707106432888E+00
 -0.200616035260E+02 -0.547641605900E+01  0.385090580210E+02  0.100000000000E+01
 -0.198741316000E+02 -0.565787547200E+01  0.388113493700E+02  0.707106681115E+00
 -0.196162245740E+02 -0.535989871600E+01  0.389192803700E+02  0.100000000000E+01
 -0.196140343850E+02 -0.527046791100E+01  0.384307797960E+02  0.100000000000E+01
 -0.196140343850E+02 -0.527046791100E+01  0.384307797960E+02  0.707105991970E+00
 -0.196140343850E+02 -0.527046791100E+01  0.384307797960E+02  0.100000000000E+01
 -0.196140343850E+02 -0.527046791100E+01  0.384307797960E+02  0.707107219791E+00
 -0.196140343850E+02 -0.527046791100E+01  0.384307797960E+02  0.100000000000E+01
 -0.196140343850E+02 -0.527046791100E+01  0.384307797960E+02  0.707107895430E+00
 -0.196140343850E+02 -0.527046791100E+01  0.384307797960E+02  0.100000000000E+01
 -0.196140343850E+02 -0.527046791100E+01  0.384307797960E+02  0.707106361753E+00
 -0.196140343850E+02 -0.527046791100E+01  0.384307797960E+02  0.100000000000E+01
 -0.194460528870E+02 -0.553358191000E+01  0.387143939040E+02  0.100000000000E+01
 -0.190871474720E+02 -0.525498035200E+01  0.387592524070E+02  0.707105991970E+00
 -0.191379398700E+02 -0.490175331300E+01  0.384908555550E+02  0.100000000000E+01
 -0.193650116420E+02 -0.446770757000E+01  0.380551671920E+02  0.707107219791E+00
 -0.198293702370E+02 -0.493318209100E+01  0.380672124940E+02  0.100000000000E+01
 -0.199808161630E+02 -0.530669735400E+01  0.380373752320E+02  0.707107895430E+00
 -0.198658373340E+02 -0.560064540800E+01  0.382736074060E+02  0.100000000000E+01
 -0.196886511350E+02 -0.587206435100E+01  0.385705026050E+02  0.707106361753E+00
 -0.194460528870E+02 -0.553358191000E+01  0.387143939040E+02  0.100000000000E+01
 -0.194275460080E+02 -0.537814175900E+01  0.382378001970E+02  0.100000000000E+01
 -0.194275460080E+02 -0.537814175900E+01  0.382378001970E+02  0.707107278426E+00
 -0.194275460080E+02 -0.537814175900E+01  0.382378001970E+02  0.100000000000E+01
 -0.194275460080E+02 -0.537814175900E+01  0.382378001970E+02  0.707106755916E+00
 -0.194275460080E+02 -0.537814175900E+01  0.382378001970E+02  0.100000000000E+01
 -0.194275460080E+02 -0.537814175900E+01  0.382378001970E+02  0.707106197209E+00
 -0.194275460080E+02 -0.537814175900E+01  0.382378001970E+02  0.100000000000E+01
 -0.194275460080E+02 -0.537814175900E+01  0.382378001970E+02  0.707106922361E+00
 -0.194275460080E+02 -0.537814175900E+01  0.382378001970E+02  0.100000000000E+01
 -0.192868930740E+02 -0.562877083700E+01  0.385556636740E+02  0.100000000000E+01
 -0.189498074190E+02 -0.529441617200E+01  0.386926378740E+02  0.707107278426E+00
 -0.189733533570E+02 -0.490681746000E+01  0.384084535030E+02  0.100000000000E+01
 -0.191990880710E+02 -0.449947536900E+01  0.378949005780E+02  0.707106755916E+00
 -0.195966502550E+02 -0.507681393000E+01  0.378556379760E+02  0.100000000000E+01
 -0.197653926540E+02 -0.544253089400E+01  0.378068893840E+02  0.707106197209E+00
 -0.196581939760E+02 -0.570292565800E+01  0.380837752580E+02  0.100000000000E+01
 -0.195097362440E+02 -0.592024898400E+01  0.383957132990E+02  0.707106922361E+00
 -0.192868930740E+02 -0.562877083700E+01  0.385556636740E+02  0.100000000000E+01
 -0.192116765880E+02 -0.548982349500E+01  0.380808085300E+02  0.100000000000E+01
 -0.192116765880E+02 -0.548982349500E+01  0.380808085300E+02  0.707106295479E+00
 -0.192116765880E+02 -0.548982349500E+01  0.380808085300E+02  0.100000000000E+01
 -0.192116765880E+02 -0.548982349500E+01  0.380808085300E+02  0.707107448107E+00
 -0.192116765880E+02 -0.548982349500E+01  0.380808085300E+02  0.100000000000E+01
 -0.192116765880E+02 -0.548982349500E+01  0.380808085300E+02  0.707107791919E+00
 -0.192116765880E+02 -0.548982349500E+01  0.380808085300E+02  0.100000000000E+01
 -0.192116765880E+02 -0.548982349500E+01  0.380808085300E+02  0.707105589252E+00
 -0.192116765880E+02 -0.548982349500E+01  0.380808085300E+02  0.100000000000E+01
 -0.191251440850E+02 -0.568820368900E+01  0.383809683950E+02  0.100000000000E+01
 -0.187745678520E+02 -0.534261568100E+01  0.386418012320E+02  0.707106295479E+00
 -0.187599164850E+02 -0.492919918600E+01  0.383210952880E+02  0.100000000000E+01
 -0.189601020920E+02 -0.459335363400E+01  0.377290001790E+02  0.707107448107E+00
 -0.193304521550E+02 -0.521751910000E+01  0.376687938420E+02  0.100000000000E+01
 -0.195648819950E+02 -0.557935438300E+01  0.376030404690E+02  0.707107791919E+00
 -0.194551171140E+02 -0.579192929700E+01  0.379513215320E+02  0.100000000000E+01
 -0.193230726720E+02 -0.586701020000E+01  0.382201545880E+02  0.707105589252E+00
 -0.191251440850E+02 -0.568820368900E+01  0.383809683950E+02  0.100000000000E+01
 -0.189877977830E+02 -0.561582915000E+01  0.379473737980E+02  0.100000000000E+01
 -0.189877977830E+02 -0.561582915000E+01  0.379473737980E+02  0.707105269612E+00
 -0.189877977830E+02 -0.561582915000E+01  0.379473737980E+02  0.100000000000E+01
 -0.189877977830E+02 -0.561582915000E+01  0.379473737980E+02  0.707106715141E+00
 -0.189877977830E+02 -0.561582915000E+01  0.379473737980E+02  0.100000000000E+01
 -0.189877977830E+02 -0.561582915000E+01  0.379473737980E+02  0.707108550234E+00
 -0.189877977830E+02 -0.561582915000E+01  0.379473737980E+02  0.100000000000E+01
 -0.189877977830E+02 -0.561582915000E+01  0.379473737980E+02  0.707106589755E+00
 -0.189877977830E+02 -0.561582915000E+01  0.379473737980E+02  0.100000000000E+01
 -0.189351603810E+02 -0.576548767400E+01  0.381979950110E+02  0.100000000000E+01
 -0.185284788340E+02 -0.543852392700E+01  0.385706011340E+02  0.707105269612E+00
 -0.184242211200E+02 -0.494221250600E+01  0.382312527640E+02  0.100000000000E+01
 -0.186730170080E+02 -0.479883160700E+01  0.376412635340E+02  0.707106715141E+00
 -0.190774731410E+02 -0.536087073700E+01  0.375204123350E+02  0.100000000000E+01
 -0.193865712290E+02 -0.575683776300E+01  0.373926721490E+02  0.707108550234E+00
 -0.192236187900E+02 -0.589769321600E+01  0.378285872970E+02  0.100000000000E+01
 -0.190989672630E+02 -0.589963201200E+01  0.380504931310E+02  0.707106589755E+00
 -0.189351603810E+02 -0.576548767400E+01  0.381979950110E+02  0.100000000000E+01
 -0.187666599840E+02 -0.575689370300E+01  0.378248481620E+02  0.100000000000E+01
 -0.187666599840E+02 -0.575689370300E+01  0.378248481620E+02  0.707106295211E+00
 -0.187666599840E+02 -0.575689370300E+01  0.378248481620E+02  0.100000000000E+01
 -0.187666599840E+02 -0.575689370300E+01  0.378248481620E+02  0.707106498277E+00
 -0.187666599840E+02 -0.575689370300E+01  0.378248481620E+02  0.100000000000E+01
 -0.187666599840E+02 -0.575689370300E+01  0.378248481620E+02  0.707107197175E+00
 -0.187666599840E+02 -0.575689370300E+01  0.378248481620E+02  0.100000000000E+01
 -0.187666599840E+02 -0.575689370300E+01  0.378248481620E+02  0.707107134084E+00
 -0.187666599840E+02 -0.575689370300E+01  0.378248481620E+02  0.100000000000E+01
 -0.187279584120E+02 -0.589290235200E+01  0.380718631020E+02  0.100000000000E+01
 -0.183311320260E+02 -0.555659507200E+01  0.383801921110E+02  0.707106295211E+00
 -0.181455643740E+02 -0.507250771000E+01  0.381043642920E+02  0.100000000000E+01
 -0.183900276570E+02 -0.499620228500E+01  0.375500980390E+02  0.707106498277E+00
 -0.188305684020E+02 -0.553230696900E+01  0.374169606450E+02  0.100000000000E+01
 -0.191651988190E+02 -0.591134034300E+01  0.372796072400E+02  0.707107197175E+00
 -0.190199484190E+02 -0.603599143600E+01  0.377108593760E+02  0.100000000000E+01
 -0.188914596310E+02 -0.601682888100E+01  0.379260108220E+02  0.707107134084E+00
 -0.187279584120E+02 -0.589290235200E+01  0.380718631020E+02  0.100000000000E+01
 -0.185526105750E+02 -0.592004980600E+01  0.377185455590E+02  0.100000000000E+01
 -0.185526105750E+02 -0.592004980600E+01  0.377185455590E+02  0.707105852804E+00
 -0.185526105750E+02 -0.592004980600E+01  0.377185455590E+02  0.100000000000E+01
 -0.185526105750E+02 -0.592004980600E+01  0.377185455590E+02  0.707107338322E+00
 -0.185526105750E+02 -0.592004980600E+01  0.377185455590E+02  0.100000000000E+01
 -0.185526105750E+02 -0.592004980600E+01  0.377185455590E+02  0.707108237610E+00
 -0.185526105750E+02 -0.592004980600E+01  0.377185455590E+02  0.100000000000E+01
 -0.185526105750E+02 -0.592004980600E+01  0.377185455590E+02  0.707105696009E+00
 -0.185526105750E+02 -0.592004980600E+01  0.377185455590E+02  0.100000000000E+01
 -0.185347763100E+02 -0.604951287600E+01  0.379994483880E+02  0.100000000000E+01
 -0.182097085490E+02 -0.578484185500E+01  0.382264013490E+02  0.707105852804E+00
 -0.181124470750E+02 -0.548852431000E+01  0.378894804790E+02  0.100000000000E+01
 -0.182406933090E+02 -0.541383948500E+01  0.374660104440E+02  0.707107338322E+00
 -0.185759511200E+02 -0.575061207500E+01  0.373509048440E+02  0.100000000000E+01
 -0.188990335600E+02 -0.605605871200E+01  0.372043765630E+02  0.707108237610E+00
 -0.188220967210E+02 -0.618424747000E+01  0.376138897040E+02  0.100000000000E+01
 -0.187113522070E+02 -0.618095868700E+01  0.378531927110E+02  0.707105696009E+00
 -0.185347763100E+02 -0.604951287600E+01  0.379994483880E+02  0.100000000000E+01
 -0.183482980980E+02 -0.610770836600E+01  0.376361500940E+02  0.100000000000E+01
 -0.183482980980E+02 -0.610770836600E+01  0.376361500940E+02  0.707106309035E+00
 -0.183482980980E+02 -0.610770836600E+01  0.376361500940E+02  0.100000000000E+01
 -0.183482980980E+02 -0.610770836600E+01  0.376361500940E+02  0.707106010485E+00
 -0.183482980980E+02 -0.610770836600E+01  0.376361500940E+02  0.100000000000E+01
 -0.183482980980E+02 -0.610770836600E+01  0.376361500940E+02  0.707107023894E+00
 -0.183482980980E+02 -0.610770836600E+01  0.376361500940E+02  0.100000000000E+01
 -0.183482980980E+02 -0.610770836600E+01  0.376361500940E+02  0.707107781334E+00
 -0.183482980980E+02 -0.610770836600E+01  0.376361500940E+02  0.100000000000E+01
 -0.183537178650E+02 -0.622786930200E+01  0.379570358820E+02  0.100000000000E+01
 -0.180610735710E+02 -0.598482949100E+01  0.381007528720E+02  0.707106309035E+00
 -0.180153636880E+02 -0.581407483900E+01  0.377517285890E+02  0.100000000000E+01
 -0.180750923760E+02 -0.574747061500E+01  0.373973159990E+02  0.707106010485E+00
 -0.183421508300E+02 -0.597137562100E+01  0.372720781220E+02  0.100000000000E+01
 -0.186146875750E+02 -0.621955225500E+01  0.371993197070E+02  0.707107023894E+00
 -0.185950060960E+02 -0.632529274700E+01  0.375505061850E+02  0.100000000000E+01
 -0.185378907510E+02 -0.636130968200E+01  0.378119996130E+02  0.707107781334E+00
 -0.183537178650E+02 -0.622786930200E+01  0.379570358820E+02  0.100000000000E+01
 -0.181541173100E+02 -0.631366226100E+01  0.375756377850E+02  0.100000000000E+01
 -0.181541173100E+02 -0.631366226100E+01  0.375756377850E+02  0.707106726706E+00
 -0.181541173100E+02 -0.631366226100E+01  0.375756377850E+02  0.100000000000E+01
 -0.181541173100E+02 -0.631366226100E+01  0.375756377850E+02  0.707106693016E+00
 -0.181541173100E+02 -0.631366226100E+01  0.375756377850E+02  0.100000000000E+01
 -0.181541173100E+02 -0.631366226100E+01  0.375756377850E+02  0.707106893059E+00
 -0.181541173100E+02 -0.631366226100E+01  0.375756377850E+02  0.100000000000E+01
 -0.181541173100E+02 -0.631366226100E+01  0.375756377850E+02  0.707106811967E+00
 -0.181541173100E+02 -0.631366226100E+01  0.375756377850E+02  0.100000000000E+01
 -0.181814893270E+02 -0.642573258100E+01  0.379417681570E+02  0.100000000000E+01
 -0.178576527530E+02 -0.617503833000E+01  0.380975862950E+02  0.707106726706E+00
 -0.178271931610E+02 -0.604821150400E+01  0.376813315540E+02  0.100000000000E+01
 -0.178617610930E+02 -0.599521056100E+01  0.373318074410E+02  0.707106693016E+00
 -0.181296067440E+02 -0.621330517400E+01  0.372477755260E+02  0.100000000000E+01
 -0.183358387460E+02 -0.639583259100E+01  0.372440167060E+02  0.707106893059E+00
 -0.183664963590E+02 -0.648610578600E+01  0.375069763560E+02  0.100000000000E+01
 -0.183759549120E+02 -0.656450541400E+01  0.377990735770E+02  0.707106811967E+00
 -0.181814893270E+02 -0.642573258100E+01  0.379417681570E+02  0.100000000000E+01
 -0.179689736400E+02 -0.653202891000E+01  0.375326519750E+02  0.100000000000E+01
 -0.179689736400E+02 -0.653202891000E+01  0.375326519750E+02  0.707109154971E+00
 -0.179689736400E+02 -0.653202891000E+01  0.375326519750E+02  0.100000000000E+01
 -0.179689736400E+02 -0.653202891000E+01  0.375326519750E+02  0.707106246114E+00
 -0.179689736400E+02 -0.653202891000E+01  0.375326519750E+02  0.100000000000E+01
 -0.179689736400E+02 -0.653202891000E+01  0.375326519750E+02  0.707103956675E+00
 -0.179689736400E+02 -0.653202891000E+01  0.375326519750E+02  0.100000000000E+01
 -0.179689736400E+02 -0.653202891000E+01  0.375326519750E+02  0.707107766976E+00
 -0.179689736400E+02 -0.653202891000E+01  0.375326519750E+02  0.100000000000E+01
 -0.180095456220E+02 -0.662075651100E+01  0.378824116190E+02  0.100000000000E+01
 -0.177023589580E+02 -0.639558551500E+01  0.380340465420E+02  0.707109154971E+00
 -0.176710253460E+02 -0.630487428300E+01  0.376248415090E+02  0.100000000000E+01
 -0.177169320480E+02 -0.629507664000E+01  0.373298137380E+02  0.707106246114E+00
 -0.179310432510E+02 -0.644907971500E+01  0.372056757440E+02  0.100000000000E+01
 -0.181546512000E+02 -0.662667541600E+01  0.371811098190E+02  0.707103956675E+00
 -0.182012574500E+02 -0.670912141500E+01  0.374607828970E+02  0.100000000000E+01
 -0.181792772730E+02 -0.673282592100E+01  0.377212346830E+02  0.707107766976E+00
 -0.180095456220E+02 -0.662075651100E+01  0.378824116190E+02  0.100000000000E+01
 -0.177914302540E+02 -0.675883831100E+01  0.375033297170E+02  0.100000000000E+01
 -0.177914302540E+02 -0.675883831100E+01  0.375033297170E+02  0.707108006696E+00
 -0.177914302540E+02 -0.675883831100E+01  0.375033297170E+02  0.100000000000E+01
 -0.177914302540E+02 -0.675883831100E+01  0.375033297170E+02  0.707107306900E+00
 -0.177914302540E+02 -0.675883831100E+01  0.375033297170E+02  0.100000000000E+01
 -0.177914302540E+02 -0.675883831100E+01  0.375033297170E+02  0.707105422226E+00
 -0.177914302540E+02 -0.675883831100E+01  0.375033297170E+02  0.100000000000E+01
 -0.177914302540E+02 -0.675883831100E+01  0.375033297170E+02  0.707106388923E+00
 -0.177914302540E+02 -0.675883831100E+01  0.375033297170E+02  0.100000000000E+01
 -0.178367656460E+02 -0.682486919300E+01  0.378133010190E+02  0.100000000000E+01
 -0.175691818240E+02 -0.663380538000E+01  0.379258044270E+02  0.707108006696E+00
 -0.175371162510E+02 -0.657414177500E+01  0.375798705420E+02  0.100000000000E+01
 -0.175617843830E+02 -0.656719030100E+01  0.373293650650E+02  0.707107306900E+00
 -0.177506560490E+02 -0.669945249600E+01  0.372245547350E+02  0.100000000000E+01
 -0.179529223820E+02 -0.684994338100E+01  0.371988097980E+02  0.707105422226E+00
 -0.180318096340E+02 -0.693341552600E+01  0.374309833760E+02  0.100000000000E+01
 -0.180242497940E+02 -0.695372705800E+01  0.376854800430E+02  0.707106388923E+00
 -0.178367656460E+02 -0.682486919300E+01  0.378133010190E+02  0.100000000000E+01
           1
           2
           3
           4
           5
           6
           7
           8
           9
          10
          11
          12
          13
          14
          15
          16
          17
          18
          19
          20
          21
          22
          23
          24
          25
          26
          27
          28
          29
          30
          31
          32
          33
          34
          35
          36
          37
          38
          39
          40
          41
          42
          43
          44
          45
          46
          47
          48
          49
          50
          51
          52
          53
          54
          55
          56
          57
          58
          59
          60
          61
          62
          63
          64
          65
          66
          67
          68
          69
          70
          71
          72
          73
          74
          75
          76
          77
          78
          79
          80
          81
          82
          83
          84
          85
          86
          87
          88
          89
          90
          91
          92
          93
          94
          95
          96
          97
          98
          99
         100
         101
         102
         103
         104
         105
         106
         107
         108
         109
         110
         111
         112
         113
         114
         115
         116
         117
         118
         119
         120
         121
         122
         123
         124
         125
         126
         127
         128
         129
         130
         131
         132
         133
         134
         135
         136
         137
         138
         139
         140
         141
         142
         143
         144
         145
         146
         147
         148
         149
         150
         151
         152
         153
         154
         155
         156
         157
         158
         159
         160
         161
         162
         163
         164
         165
         166
         167
         168
         169
         170
         171
         172
         173
         174
         175
         176
         177
         178
         179
         180
         181
         182
         183
         184
         185
         186
         187
         188
         189
         190
         191
         192
         193
         194
         195
         196
         197
         198
         199
         200
         201
         202
         203
         204
         205
         206
         207
         208
         209
         210
         211
         212
         213
         214
         215
         216
         217
         218
         219
         220
         221
         222
         223
         224
         225
         226
         227
         228
         229
         230
         231
         232
         233
         234
         235
         236
         237
         238
         239
         240
         241
         242
         243
         244
         245
         246
         247
         248
         249
         250
         251
         252
         253
         254
         255
         256
         257
         258
         259
         260
         261
         262
         263
         264
         265
         266
         267
         268
         269
         270
 1 0 0
 0 0 0
 0 0 0
 0 0 0
 0 0 0
 0 0 0
 0 0 0
 0 0 0
 0 0 0
 0 0 0
 0 0 0
 0 0 0
 0 0 0
 0 0 0
 0 0 0
 0 0 0
 0 0 0
 0 0 0
 0 0 0
 0 0 0
 0 0 0
 0 0 0
 0 0 0
 0 0 0
 0 0 0
 0 0 0
 0 0 0
 0 0 0
 0 0 0
 0 0 0
 0 0 0
 0 0 0
 0 0 0
 0 0 0
 0 0 0
 0 0 0
 0 0 0
 0 0 0
 0 0 0
 0 0 0
 0 0 0
 0 0 0
 0 0 0
 0 0 0
 0 0 0
 0 0 0
 0 0 0
 0 0 0
 0 0 0
 0 0 0
 0 0 0
 0 0 0
 0 0 0
 0 0 0
 0 0 0
 0 0 0
 0 0 0
 0 0 0
 0 0 0
 0 0 0
 0 0 0
 0 0 0
 0 0 0
 0 0 0
 0 0 0
 0 0 0
 0 0 0
 0 0 0
 0 0 0
 0 0 0
 0 0 0
 0 0 0
 0 0 0
 0 0 0
 0 0 0
 0 0 0
 0 0 0
 0 0 0
 0 0 0
 0 0 0
 0 0 0
 0 0 0
 0 0 0
 0 0 0
 0 0 0
 0 0 0
 0 0 0
 0 0 0
 0 0 0
 0 0 0
 0 0 0
 0 0 0
 0 0 0
 0 0 0
 0 0 0
 0 0 0
 0 0 0
 0 0 0
 0 0 0
 0 0 0
 0 0 0
 0 0 0
 0 0 0
 0 0 0
 0 0 0
 0 0 0
 0 0 0
 0 0 0
 0 0 0
 0 0 0
 0 0 0
 0 0 0
 0 0 0
 0 0 0
 0 0 0
 0 0 0
 0 0 0
 0 0 0
 0 0 0
 0 0 0
 0 0 0
 0 0 0
 0 0 0
 0 0 0
 0 0 0
 0 0 0
 0 0 0
 0 0 0
 0 0 0
 0 0 0
 0 0 0
 0 0 0
 0 0 0
 0 0 0
 0 0 0
 0 0 0
 0 0 0
 0 0 0
 0 0 0
 0 0 0
 0 0 0
 0 0 0
 0 0 0
 0 0 0
 0 0 0
 0 0 0
 0 0 0
 0 0 0
 0 0 0
 0 0 0
 0 0 0
 0 0 0
 0 0 0
 0 0 0
 0 0 0
 0 0 0
 0 0 0
 0 0 0
 0 0 0
 0 0 0
 0 0 0
 0 0 0
 0 0 0
 0 0 0
 0 0 0
 0 0 0
 0 0 0
 0 0 0
 0 0 0
 0 0 0
 0 0 0
 0 0 0
 0 0 0
 0 0 0
 0 0 0
 0 0 0
 0 0 0
 0 0 0
 0 0 0
 0 0 0
 0 0 0
 0 0 0
 0 0 0
 0 0 0
 0 0 0
 0 0 0
 0 0 0
 0 0 0
 0 0 0
 0 0 0
 0 0 0
 0 0 0
 0 0 0
 0 0 0
 0 0 0
 0 0 0
 0 0 0
 0 0 0
 0 0 0
 0 0 0
 0 0 0
 0 0 0
 0 0 0
 0 0 0
 0 0 0
 0 0 0
 0 0 0
 0 0 0
 0 0 0
 0 0 0
 0 0 0
 0 0 0
 0 0 0
 0 0 0
 0 0 0
 0 0 0
 0 0 0
 0 0 0
 0 0 0
 0 0 0
 0 0 0
 0 0 0
 0 0 0
 0 0 0
 0 0 0
 0 0 0
 0 0 0
 0 0 0
 0 0 0
 0 0 0
 0 0 0
 0 0 0
 0 0 0
 0 0 0
 0 0 0
 0 0 0
 0 0 0
 0 0 0
 0 0 0
 0 0 0
 0 0 0
 0 0 0
 0 0 0
 0 0 0
 0 0 0
 0 0 0
 0 0 0
 0 0 0
 0 0 0
 0 0 0
 0 0 0
 0 0 0
 0 0 0
 0 0 0
 0 0 0
 0 0 0
 0 0 0
 0 0 0
 0 0 0
 0 0 0
 0 0 0
 0 0 0
 0 0 0
 0 0 0
 0 0 0
 0 0 0
 0 0 0
 0 0 0
 0 0 0
 0 0 0
 0 0 0
  0.000000000  0.000000000  0.000000000
  0.000000000  0.000000000  0.000000000
  0.000000000  0.000000000  0.000000000
  0.000000000  0.000000000  0.000000000
  0.000000000  0.000000000  0.000000000
  0.000000000  0.000000000  0.000000000
  0.000000000  0.000000000  0.000000000
  0.000000000  0.000000000  0.000000000
  0.000000000  0.000000000  0.000000000
  0.000000000  0.000000000  0.000000000
  0.000000000  0.000000000  0.000000000
  0.000000000  0.000000000  0.000000000
  0.000000000  0.000000000  0.000000000
  0.000000000  0.000000000  0.000000000
  0.000000000  0.000000000  0.000000000
  0.000000000  0.000000000  0.000000000
  0.000000000  0.000000000  0.000000000
  0.000000000  0.000000000  0.000000000
  0.000000000  0.000000000  0.000000000
  0.000000000  0.000000000  0.000000000
  0.000000000  0.000000000  0.000000000
  0.000000000  0.000000000  0.000000000
  0.000000000  0.000000000  0.000000000
  0.000000000  0.000000000  0.000000000
  0.000000000  0.000000000  0.000000000
  0.000000000  0.000000000  0.000000000
  0.000000000  0.000000000  0.000000000
  0.000000000  0.000000000  0.000000000
  0.000000000  0.000000000  0.000000000
  0.000000000  0.000000000  0.000000000
  0.000000000  0.000000000  0.000000000
  0.000000000  0.000000000  0.000000000
  0.000000000  0.000000000  0.000000000
  0.000000000  0.000000000  0.000000000
  0.000000000  0.000000000  0.000000000
  0.000000000  0.000000000  0.000000000
  0.000000000  0.000000000  0.000000000
  0.000000000  0.000000000  0.000000000
  0.000000000  0.000000000  0.000000000
  0.000000000  0.000000000  0.000000000
  0.000000000  0.000000000  0.000000000
  0.000000000  0.000000000  0.000000000
  0.000000000  0.000000000  0.000000000
  0.000000000  0.000000000  0.000000000
  0.000000000  0.000000000  0.000000000
  0.000000000  0.000000000  0.000000000
  0.000000000  0.000000000  0.000000000
  0.000000000  0.000000000  0.000000000
  0.000000000  0.000000000  0.000000000
  0.000000000  0.000000000  0.000000000
  0.000000000  0.000000000  0.000000000
  0.000000000  0.000000000  0.000000000
  0.000000000  0.000000000  0.000000000
  0.000000000  0.000000000  0.000000000
  0.000000000  0.000000000  0.000000000
  0.000000000  0.000000000  0.000000000
  0.000000000  0.000000000  0.000000000
  0.000000000  0.000000000  0.000000000
  0.000000000  0.000000000  0.000000000
  0.000000000  0.000000000  0.000000000
  0.000000000  0.000000000  0.000000000
  0.000000000  0.000000000  0.000000000
  0.000000000  0.000000000  0.000000000
  0.000000000  0.000000000  0.000000000
  0.000000000  0.000000000  0.000000000
  0.000000000  0.000000000  0.000000000
  0.000000000  0.000000000  0.000000000
  0.000000000  0.000000000  0.000000000
  0.000000000  0.000000000  0.000000000
  0.000000000  0.000000000  0.000000000
  0.000000000  0.000000000  0.000000000
  0.000000000  0.000000000  0.000000000
  0.000000000  0.000000000  0.000000000
  0.000000000  0.000000000  0.000000000
  0.000000000  0.000000000  0.000000000
  0.000000000  0.000000000  0.000000000
  0.000000000  0.000000000  0.000000000
  0.000000000  0.000000000  0.000000000
  0.000000000  0.000000000  0.000000000
  0.000000000  0.000000000  0.000000000
  0.000000000  0.000000000  0.000000000
  0.000000000  0.000000000  0.000000000
  0.000000000  0.000000000  0.000000000
  0.000000000  0.000000000  0.000000000
  0.000000000  0.000000000  0.000000000
  0.000000000  0.000000000  0.000000000
  0.000000000  0.000000000  0.000000000
  0.000000000  0.000000000  0.000000000
  0.000000000  0.000000000  0.000000000
  0.000000000  0.000000000  0.000000000
  0.000000000  0.000000000  0.000000000
  0.000000000  0.000000000  0.000000000
  0.000000000  0.000000000  0.000000000
  0.000000000  0.000000000  0.000000000
  0.000000000  0.000000000  0.000000000
  0.000000000  0.000000000  0.000000000
  0.000000000  0.000000000  0.000000000
  0.000000000  0.000000000  0.000000000
  0.000000000  0.000000000  0.000000000
  0.000000000  0.000000000  0.000000000
  0.000000000  0.000000000  0.000000000
  0.000000000  0.000000000  0.000000000
  0.000000000  0.000000000  0.000000000
  0.000000000  0.000000000  0.000000000
  0.000000000  0.000000000  0.000000000
  0.000000000  0.000000000  0.000000000
  0.000000000  0.000000000  0.000000000
  0.000000000  0.000000000  0.000000000
  0.000000000  0.000000000  0.000000000
  0.000000000  0.000000000  0.000000000
  0.000000000  0.000000000  0.000000000
  0.000000000  0.000000000  0.000000000
  0.000000000  0.000000000  0.000000000
  0.000000000  0.000000000  0.000000000
  0.000000000  0.000000000  0.000000000
  0.000000000  0.000000000  0.000000000
  0.000000000  0.000000000  0.000000000
  0.000000000  0.000000000  0.000000000
  0.000000000  0.000000000  0.000000000
  0.000000000  0.000000000  0.000000000
  0.000000000  0.000000000  0.000000000
  0.000000000  0.000000000  0.000000000
  0.000000000  0.000000000  0.000000000
  0.000000000  0.000000000  0.000000000
  0.000000000  0.000000000  0.000000000
  0.000000000  0.000000000  0.000000000
  0.000000000  0.000000000  0.000000000
  0.000000000  0.000000000  0.000000000
  0.000000000  0.000000000  0.000000000
  0.000000000  0.000000000  0.000000000
  0.000000000  0.000000000  0.000000000
  0.000000000  0.000000000  0.000000000
  0.000000000  0.000000000  0.000000000
  0.000000000  0.000000000  0.000000000
  0.000000000  0.000000000  0.000000000
  0.000000000  0.000000000  0.000000000
  0.000000000  0.000000000  0.000000000
  0.000000000  0.000000000  0.000000000
  0.000000000  0.000000000  0.000000000
  0.000000000  0.000000000  0.000000000
  0.000000000  0.000000000  0.000000000
  0.000000000  0.000000000  0.000000000
  0.000000000  0.000000000  0.000000000
  0.000000000  0.000000000  0.000000000
  0.000000000  0.000000000  0.000000000
  0.000000000  0.000000000  0.000000000
  0.000000000  0.000000000  0.000000000
  0.000000000  0.000000000  0.000000000
  0.000000000  0.000000000  0.000000000
  0.000000000  0.000000000  0.000000000
  0.000000000  0.000000000  0.000000000
  0.000000000  0.000000000  0.000000000
  0.000000000  0.000000000  0.000000000
  0.000000000  0.000000000  0.000000000
  0.000000000  0.000000000  0.000000000
  0.000000000  0.000000000  0.000000000
  0.000000000  0.000000000  0.000000000
  0.000000000  0.000000000  0.000000000
  0.000000000  0.000000000  0.000000000
  0.000000000  0.000000000  0.000000000
  0.000000000  0.000000000  0.000000000
  0.000000000  0.000000000  0.000000000
  0.000000000  0.000000000  0.000000000
  0.000000000  0.000000000  0.000000000
  0.000000000  0.000000000  0.000000000
  0.000000000  0.000000000  0.000000000
  0.000000000  0.000000000  0.000000000
  0.000000000  0.000000000  0.000000000
  0.000000000  0.000000000  0.000000000
  0.000000000  0.000000000  0.000000000
  0.000000000  0.000000000  0.000000000
  0.000000000  0.000000000  0.000000000
  0.000000000  0.000000000  0.000000000
  0.000000000  0.000000000  0.000000000
  0.000000000  0.000000000  0.000000000
  0.000000000  0.000000000  0.000000000
  0.000000000  0.000000000  0.000000000
  0.000000000  0.000000000  0.000000000
  0.000000000  0.000000000  0.000000000
  0.000000000  0.000000000  0.000000000
  0.000000000  0.000000000  0.000000000
  0.000000000  0.000000000  0.000000000
  0.000000000  0.000000000  0.000000000
  0.000000000  0.000000000  0.000000000
  0.000000000  0.000000000  0.000000000
  0.000000000  0.000000000  0.000000000
  0.000000000  0.000000000  0.000000000
  0.000000000  0.000000000  0.000000000
  0.000000000  0.000000000  0.000000000
  0.000000000  0.000000000  0.000000000
  0.000000000  0.000000000  0.000000000
  0.000000000  0.000000000  0.000000000
  0.000000000  0.000000000  0.000000000
  0.000000000  0.000000000  0.000000000
  0.000000000  0.000000000  0.000000000
  0.000000000  0.000000000  0.000000000
  0.000000000  0.000000000  0.000000000
  0.000000000  0.000000000  0.000000000
  0.000000000  0.000000000  0.000000000
  0.000000000  0.000000000  0.000000000
  0.000000000  0.000000000  0.000000000
  0.000000000  0.000000000  0.000000000
  0.000000000  0.000000000  0.000000000
  0.000000000  0.000000000  0.000000000
  0.000000000  0.000000000  0.000000000
  0.000000000  0.000000000  0.000000000
  0.000000000  0.000000000  0.000000000
  0.000000000  0.000000000  0.000000000
  0.000000000  0.000000000  0.000000000
  0.000000000  0.000000000  0.000000000
  0.000000000  0.000000000  0.000000000
  0.000000000  0.000000000  0.000000000
  0.000000000  0.000000000  0.000000000
  0.000000000  0.000000000  0.000000000
  0.000000000  0.000000000  0.000000000
  0.000000000  0.000000000  0.000000000
  0.000000000  0.000000000  0.000000000
  0.000000000  0.000000000  0.000000000
  0.000000000  0.000000000  0.000000000
  0.000000000  0.000000000  0.000000000
  0.000000000  0.000000000  0.000000000
  0.000000000  0.000000000  0.000000000
  0.000000000  0.000000000  0.000000000
  0.000000000  0.000000000  0.000000000
  0.000000000  0.000000000  0.000000000
  0.000000000  0.000000000  0.000000000
  0.000000000  0.000000000  0.000000000
  0.000000000  0.000000000  0.000000000
  0.000000000  0.000000000  0.000000000
  0.000000000  0.000000000  0.000000000
  0.000000000  0.000000000  0.000000000
  0.000000000  0.000000000  0.000000000
  0.000000000  0.000000000  0.000000000
  0.000000000  0.000000000  0.000000000
  0.000000000  0.000000000  0.000000000
  0.000000000  0.000000000  0.000000000
  0.000000000  0.000000000  0.000000000
  0.000000000  0.000000000  0.000000000
  0.000000000  0.000000000  0.000000000
  0.000000000  0.000000000  0.000000000
  0.000000000  0.000000000  0.000000000
  0.000000000  0.000000000  0.000000000
  0.000000000  0.000000000  0.000000000
  0.000000000  0.000000000  0.000000000
  0.000000000  0.000000000  0.000000000
  0.000000000  0.000000000  0.000000000
  0.000000000  0.000000000  0.000000000
  0.000000000  0.000000000  0.000000000
  0.000000000  0.000000000  0.000000000
  0.000000000  0.000000000  0.000000000
  0.000000000  0.000000000  0.000000000
  0.000000000  0.000000000  0.000000000
  0.000000000  0.000000000  0.000000000
  0.000000000  0.000000000  0.000000000
  0.000000000  0.000000000  0.000000000
  0.000000000  0.000000000  0.000000000
  0.000000000  0.000000000  0.000000000
  0.000000000  0.000000000  0.000000000
  0.000000000  0.000000000  0.000000000
  0.000000000  0.000000000  0.000000000
  0.000000000  0.000000000  0.000000000
  0.000000000  0.000000000  0.000000000
  0.000000000  0.000000000  0.000000000
  0.000000000  0.000000000  0.000000000
  0.000000000  0.000000000  0.000000000
  0.000000000  0.000000000  0.000000000
  0.000000000  0.000000000  0.000000000
  0.000000000  0.000000000  0.000000000
  0.000000000  0.000000000  0.000000000
  0.000000000  0.000000000  0.000000000
 0 0 0
 0 0 0
 0 0 0
 0 0 0
 0 0 0
 0 0 0
 0 0 0
 0 0 0
 0 0 0
 0 0 0
 0 0 0
 0 0 0
 0 0 0
 0 0 0
 0 0 0
 0 0 0
 0 0 0
 0 0 0
 0 0 0
 0 0 0
 0 0 0
 0 0 0
 0 0 0
 0 0 0
 0 0 0
 0 0 0
 0 0 0
 0 0 0
 0 0 0
 0 0 0
 0 0 0
 0 0 0
 0 0 0
 0 0 0
 0 0 0
 0 0 0
 0 0 0
 0 0 0
 0 0 0
 0 0 0
 0 0 0
 0 0 0
 0 0 0
 0 0 0
 0 0 0
 0 0 0
 0 0 0
 0 0 0
 0 0 0
 0 0 0
 0 0 0
 0 0 0
 0 0 0
 0 0 0
 0 0 0
 0 0 0
 0 0 0
 0 0 0
 0 0 0
 0 0 0
 0 0 0
 0 0 0
 0 0 0
 0 0 0
 0 0 0
 0 0 0
 0 0 0
 0 0 0
 0 0 0
 0 0 0
 0 0 0
 0 0 0
 0 0 0
 0 0 0
 0 0 0
 0 0 0
 0 0 0
 0 0 0
 0 0 0
 0 0 0
 0 0 0
 0 0 0
 0 0 0
 0 0 0
 0 0 0
 0 0 0
 0 0 0
 0 0 0
 0 0 0
 0 0 0
 0 0 0
 0 0 0
 0 0 0
 0 0 0
 0 0 0
 0 0 0
 0 0 0
 0 0 0
 0 0 0
 0 0 0
 0 0 0
 0 0 0
 0 0 0
 0 0 0
 0 0 0
 0 0 0
 0 0 0
 0 0 0
 0 0 0
 0 0 0
 0 0 0
 0 0 0
 0 0 0
 0 0 0
 0 0 0
 0 0 0
 0 0 0
 0 0 0
 0 0 0
 0 0 0
 0 0 0
 0 0 0
 0 0 0
 0 0 0
 0 0 0
 0 0 0
 0 0 0
 0 0 0
 0 0 0
 0 0 0
 0 0 0
 0 0 0
 0 0 0
 0 0 0
 0 0 0
 0 0 0
 0 0 0
 0 0 0
 0 0 0
 0 0 0
 0 0 0
 0 0 0
 0 0 0
 0 0 0
 0 0 0
 0 0 0
 0 0 0
 0 0 0
 0 0 0
 0 0 0
 0 0 0
 0 0 0
 0 0 0
 0 0 0
 0 0 0
 0 0 0
 0 0 0
 0 0 0
 0 0 0
 0 0 0
 0 0 0
 0 0 0
 0 0 0
 0 0 0
 0 0 0
 0 0 0
 0 0 0
 0 0 0
 0 0 0
 0 0 0
 0 0 0
 0 0 0
 0 0 0
 0 0 0
 0 0 0
 0 0 0
 0 0 0
 0 0 0
 0 0 0
 0 0 0
 0 0 0
 0 0 0
 0 0 0
 0 0 0
 0 0 0
 0 0 0
 0 0 0
 0 0 0
 0 0 0
 0 0 0
 0 0 0
 0 0 0
 0 0 0
 0 0 0
 0 0 0
 0 0 0
  0.000000000  0.000000000  0.000000000
  0.000000000  0.000000000  0.000000000
  0.000000000  0.000000000  0.000000000
  0.000000000  0.000000000  0.000000000
  0.000000000  0.000000000  0.000000000
  0.000000000  0.000000000  0.000000000
  0.000000000  0.000000000  0.000000000
  0.000000000  0.000000000  0.000000000
  0.000000000  0.000000000  0.000000000
  0.000000000  0.000000000  0.000000000
  0.000000000  0.000000000  0.000000000
  0.000000000  0.000000000  0.000000000
  0.000000000  0.000000000  0.000000000
  0.000000000  0.000000000  0.000000000
  0.000000000  0.000000000  0.000000000
  0.000000000  0.000000000  0.000000000
  0.000000000  0.000000000  0.000000000
  0.000000000  0.000000000  0.000000000
  0.000000000  0.000000000  0.000000000
  0.000000000  0.000000000  0.000000000
  0.000000000  0.000000000  0.000000000
  0.000000000  0.000000000  0.000000000
  0.000000000  0.000000000  0.000000000
  0.000000000  0.000000000  0.000000000
  0.000000000  0.000000000  0.000000000
  0.000000000  0.000000000  0.000000000
  0.000000000  0.000000000  0.000000000
  0.000000000  0.000000000  0.000000000
  0.000000000  0.000000000  0.000000000
  0.000000000  0.000000000  0.000000000
  0.000000000  0.000000000  0.000000000
  0.000000000  0.000000000  0.000000000
  0.000000000  0.000000000  0.000000000
  0.000000000  0.000000000  0.000000000
  0.000000000  0.000000000  0.000000000
  0.000000000  0.000000000  0.000000000
  0.000000000  0.000000000  0.000000000
  0.000000000  0.000000000  0.000000000
  0.000000000  0.000000000  0.000000000
  0.000000000  0.000000000  0.000000000
  0.000000000  0.000000000  0.000000000
  0.000000000  0.000000000  0.000000000
  0.000000000  0.000000000  0.000000000
  0.000000000  0.000000000  0.000000000
  0.000000000  0.000000000  0.000000000
  0.000000000  0.000000000  0.000000000
  0.000000000  0.000000000  0.000000000
  0.000000000  0.000000000  0.000000000
  0.000000000  0.000000000  0.000000000
  0.000000000  0.000000000  0.000000000
  0.000000000  0.000000000  0.000000000
  0.000000000  0.000000000  0.000000000
  0.000000000  0.000000000  0.000000000
  0.000000000  0.000000000  0.000000000
  0.000000000  0.000000000  0.000000000
  0.000000000  0.000000000  0.000000000
  0.000000000  0.000000000  0.000000000
  0.000000000  0.000000000  0.000000000
  0.000000000  0.000000000  0.000000000
  0.000000000  0.000000000  0.000000000
  0.000000000  0.000000000  0.000000000
  0.000000000  0.000000000  0.000000000
  0.000000000  0.000000000  0.000000000
  0.000000000  0.000000000  0.000000000
  0.000000000  0.000000000  0.000000000
  0.000000000  0.000000000  0.000000000
  0.000000000  0.000000000  0.000000000
  0.000000000  0.000000000  0.000000000
  0.000000000  0.000000000  0.000000000
  0.000000000  0.000000000  0.000000000
  0.000000000  0.000000000  0.000000000
  0.000000000  0.000000000  0.000000000
  0.000000000  0.000000000  0.000000000
  0.000000000  0.000000000  0.000000000
  0.000000000  0.000000000  0.000000000
  0.000000000  0.000000000  0.000000000
  0.000000000  0.000000000  0.000000000
  0.000000000  0.000000000  0.000000000
  0.000000000  0.000000000  0.000000000
  0.000000000  0.000000000  0.000000000
  0.000000000  0.000000000  0.000000000
  0.000000000  0.000000000  0.000000000
  0.000000000  0.000000000  0.000000000
  0.000000000  0.000000000  0.000000000
  0.000000000  0.000000000  0.000000000
  0.000000000  0.000000000  0.000000000
  0.000000000  0.000000000  0.000000000
  0.000000000  0.000000000  0.000000000
  0.000000000  0.000000000  0.000000000
  0.000000000  0.000000000  0.000000000
  0.000000000  0.000000000  0.000000000
  0.000000000  0.000000000  0.000000000
  0.000000000  0.000000000  0.000000000
  0.000000000  0.000000000  0.000000000
  0.000000000  0.000000000  0.000000000
  0.000000000  0.000000000  0.000000000
  0.000000000  0.000000000  0.000000000
  0.000000000  0.000000000  0.000000000
  0.000000000  0.000000000  0.000000000
  0.000000000  0.000000000  0.000000000
  0.000000000  0.000000000  0.000000000
  0.000000000  0.000000000  0.000000000
  0.000000000  0.000000000  0.000000000
  0.000000000  0.000000000  0.000000000
  0.000000000  0.000000000  0.000000000
  0.000000000  0.000000000  0.000000000
  0.000000000  0.000000000  0.000000000
  0.000000000  0.000000000  0.000000000
  0.000000000  0.000000000  0.000000000
  0.000000000  0.000000000  0.000000000
  0.000000000  0.000000000  0.000000000
  0.000000000  0.000000000  0.000000000
  0.000000000  0.000000000  0.000000000
  0.000000000  0.000000000  0.000000000
  0.000000000  0.000000000  0.000000000
  0.000000000  0.000000000  0.000000000
  0.000000000  0.000000000  0.000000000
  0.000000000  0.000000000  0.000000000
  0.000000000  0.000000000  0.000000000
  0.000000000  0.000000000  0.000000000
  0.000000000  0.000000000  0.000000000
  0.000000000  0.000000000  0.000000000
  0.000000000  0.000000000  0.000000000
  0.000000000  0.000000000  0.000000000
  0.000000000  0.000000000  0.000000000
  0.000000000  0.000000000  0.000000000
  0.000000000  0.000000000  0.000000000
  0.000000000  0.000000000  0.000000000
  0.000000000  0.000000000  0.000000000
  0.000000000  0.000000000  0.000000000
  0.000000000  0.000000000  0.000000000
  0.000000000  0.000000000  0.000000000
  0.000000000  0.000000000  0.000000000
  0.000000000  0.000000000  0.000000000
  0.000000000  0.000000000  0.000000000
  0.000000000  0.000000000  0.000000000
  0.000000000  0.000000000  0.000000000
  0.000000000  0.000000000  0.000000000
  0.000000000  0.000000000  0.000000000
  0.000000000  0.000000000  0.000000000
  0.000000000  0.000000000  0.000000000
  0.000000000  0.000000000  0.000000000
  0.000000000  0.000000000  0.000000000
  0.000000000  0.000000000  0.000000000
  0.000000000  0.000000000  0.000000000
  0.000000000  0.000000000  0.000000000
  0.000000000  0.000000000  0.000000000
  0.000000000  0.000000000  0.000000000
  0.000000000  0.000000000  0.000000000
  0.000000000  0.000000000  0.000000000
  0.000000000  0.000000000  0.000000000
  0.000000000  0.000000000  0.000000000
  0.000000000  0.000000000  0.000000000
  0.000000000  0.000000000  0.000000000
  0.000000000  0.000000000  0.000000000
  0.000000000  0.000000000  0.000000000
  0.000000000  0.000000000  0.000000000
  0.000000000  0.000000000  0.000000000
  0.000000000  0.000000000  0.000000000
  0.000000000  0.000000000  0.000000000
  0.000000000  0.000000000  0.000000000
  0.000000000  0.000000000  0.000000000
  0.000000000  0.000000000  0.000000000
  0.000000000  0.000000000  0.000000000
  0.000000000  0.000000000  0.000000000
  0.000000000  0.000000000  0.000000000
  0.000000000  0.000000000  0.000000000
  0.000000000  0.000000000  0.000000000
  0.000000000  0.000000000  0.000000000
  0.000000000  0.000000000  0.000000000
  0.000000000  0.000000000  0.000000000
  0.000000000  0.000000000  0.000000000
  0.000000000  0.000000000  0.000000000
  0.000000000  0.000000000  0.000000000
  0.000000000  0.000000000  0.000000000
  0.000000000  0.000000000  0.000000000
  0.000000000  0.000000000  0.000000000
  0.000000000  0.000000000  0.000000000
  0.000000000  0.000000000  0.000000000
  0.000000000  0.000000000  0.000000000
  0.000000000  0.000000000  0.000000000
  0.000000000  0.000000000  0.000000000
  0.000000000  0.000000000  0.000000000
  0.000000000  0.000000000  0.000000000
  0.000000000  0.000000000  0.000000000
  0.000000000  0.000000000  0.000000000
  0.000000000  0.000000000  0.000000000
  0.000000000  0.000000000  0.000000000
  0.000000000  0.000000000  0.000000000
  0.000000000  0.000000000  0.000000000
  0.000000000  0.000000000  0.000000000
  0.000000000  0.000000000  0.000000000
  0.000000000  0.000000000  0.000000000
  0.000000000  0.000000000  0.000000000
  0.000000000  0.000000000  0.000000000
  0.000000000  0.000000000  0.000000000
  0.000000000  0.000000000  0.000000000
  0.000000000  0.000000000  0.000000000
  0.000000000  0.000000000  0.000000000
  0.000000000  0.000000000  0.000000000
  0.000000000  0.000000000  0.000000000
  0.000000000  0.000000000  0.000000000
  0.000000000  0.000000000  0.000000000
  0.000000000  0.000000000  0.000000000
  0.000000000  0.000000000  0.000000000
  0.000000000  0.000000000  0.000000000
  0.000000000  0.000000000  0.000000000
  0.000000000  0.000000000  0.000000000
  0.000000000  0.000000000  0.000000000
  0.000000000  0.000000000  0.000000000
  0.000000000  0.000000000  0.000000000
  0.000000000  0.000000000  0.000000000
  0.000000000  0.000000000  0.000000000
  0.000000000  0.000000000  0.000000000
  0.000000000  0.000000000  0.000000000
  0.000000000  0.000000000  0.000000000
  0.000000000  0.000000000  0.000000000
  0.000000000  0.000000000  0.000000000
  0.000000000  0.000000000  0.000000000
  0.000000000  0.000000000  0.000000000
  0.000000000  0.000000000  0.000000000
  0.000000000  0.000000000  0.000000000
  0.000000000  0.000000000  0.000000000
  0.000000000  0.000000000  0.000000000
  0.000000000  0.000000000  0.000000000
  0.000000000  0.000000000  0.000000000
  0.000000000  0.000000000  0.000000000
  0.000000000  0.000000000  0.000000000
  0.000000000  0.000000000  0.000000000
  0.000000000  0.000000000  0.000000000
  0.000000000  0.000000000  0.000000000
  0.000000000  0.000000000  0.000000000
  0.000000000  0.000000000  0.000000000
  0.000000000  0.000000000  0.000000000
  0.000000000  0.000000000  0.000000000
  0.000000000  0.000000000  0.000000000
  0.000000000  0.000000000  0.000000000
  0.000000000  0.000000000  0.000000000
  0.000000000  0.000000000  0.000000000
  0.000000000  0.000000000  0.000000000
  0.000000000  0.000000000  0.000000000
  0.000000000  0.000000000  0.000000000
  0.000000000  0.000000000  0.000000000
  0.000000000  0.000000000  0.000000000
  0.000000000  0.000000000  0.000000000
  0.000000000  0.000000000  0.000000000
  0.000000000  0.000000000  0.000000000
  0.000000000  0.000000000  0.000000000
  0.000000000  0.000000000  0.000000000
  0.000000000  0.000000000  0.000000000
  0.000000000  0.000000000  0.000000000
  0.000000000  0.000000000  0.000000000
  0.000000000  0.000000000  0.000000000
  0.000000000  0.000000000  0.000000000
  0.000000000  0.000000000  0.000000000
  0.000000000  0.000000000  0.000000000
  0.000000000  0.000000000  0.000000000
  0.000000000  0.000000000  0.000000000
  0.000000000  0.000000000  0.000000000
  0.000000000  0.000000000  0.000000000
  0.000000000  0.000000000  0.000000000
  0.000000000  0.000000000  0.000000000
  0.000000000  0.000000000  0.000000000
  0.000000000  0.000000000  0.000000000
  0.000000000  0.000000000  0.000000000
  0.000000000  0.000000000  0.000000000
  0.000000000  0.000000000  0.000000000
  0.000000000  0.000000000  0.000000000
  0.000000000  0.000000000  0.000000000
  0.000000000  0.000000000  0.000000000
  0.000000000  0.000000000  0.000000000
  0.000000000  0.000000000  0.000000000
  0.000000000  0.000000000  0.000000000
  0.000000000  0.000000000  0.000000000
  0.000000000  0.000000000  0.000000000
  0.000000000  0.000000000  0.000000000
  0.000000000  0.000000000  0.000000000
  0.000000000  0.000000000  0.000000000
  0.000000000  0.000000000  0.000000000
  0.000000000  0.000000000  0.000000000
  0.000000000  0.000000000  0.000000000
  0.000000000  0.000000000  0.000000000
  0.000000000  0.000000000  0.000000000
  0.000000000  0.000000000  0.000000000
  0.000000000  0.000000000  0.000000000
  0.000000000  0.000000000  0.000000000
  0.000000000  0.000000000  0.000000000
   1.06000000000000     
   1.06000000000000     
   1.06000000000000     
   1.06000000000000     
   1.06000000000000     
   1.06000000000000     
   1.06000000000000     
   1.06000000000000     
   1.06000000000000     
   1.06000000000000     
   1.06000000000000     
   1.06000000000000     
   1.06000000000000     
   1.06000000000000     
   1.06000000000000     
   1.06000000000000     
   1.06000000000000     
   1.06000000000000     
   1.06000000000000     
   1.06000000000000     
   1.06000000000000     
   1.06000000000000     
   1.06000000000000     
   1.06000000000000     
   1.06000000000000     
   1.06000000000000     
   1.06000000000000     
   1.06000000000000     
   1.06000000000000     
   1.06000000000000     
   1.06000000000000     
   1.06000000000000     
   1.06000000000000     
   1.06000000000000     
   1.06000000000000     
   1.06000000000000     
   1.06000000000000     
   1.06000000000000     
   1.06000000000000     
   1.06000000000000     
   1.06000000000000     
   1.06000000000000     
   1.06000000000000     
   1.06000000000000     
   1.06000000000000     
   1.06000000000000     
   1.06000000000000     
   1.06000000000000     
   1.06000000000000     
   1.06000000000000     
   1.06000000000000     
   1.06000000000000     
   1.06000000000000     
   1.06000000000000     
   1.06000000000000     
   1.06000000000000     
   1.06000000000000     
   1.06000000000000     
   1.06000000000000     
   1.06000000000000     
   1.06000000000000     
   1.06000000000000     
   1.06000000000000     
   1.06000000000000     
   1.06000000000000     
   1.06000000000000     
   1.06000000000000     
   1.06000000000000     
   1.06000000000000     
   1.06000000000000     
   1.06000000000000     
   1.06000000000000     
   1.06000000000000     
   1.06000000000000     
   1.06000000000000     
   1.06000000000000     
   1.06000000000000     
   1.06000000000000     
   1.06000000000000     
   1.06000000000000     
   1.06000000000000     
   1.06000000000000     
   1.06000000000000     
   1.06000000000000     
   1.06000000000000     
   1.06000000000000     
   1.06000000000000     
   1.06000000000000     
   1.06000000000000     
   1.06000000000000     
   1.06000000000000     
  3.000000000000000E-002
  3.000000000000000E-002
  3.000000000000000E-002
  3.000000000000000E-002
  3.000000000000000E-002
  3.000000000000000E-002
  3.000000000000000E-002
  3.000000000000000E-002
  3.000000000000000E-002
  3.000000000000000E-002
  3.000000000000000E-002
  3.000000000000000E-002
  3.000000000000000E-002
  3.000000000000000E-002
  3.000000000000000E-002
  3.000000000000000E-002
  3.000000000000000E-002
  3.000000000000000E-002
  3.000000000000000E-002
  3.000000000000000E-002
  3.000000000000000E-002
  3.000000000000000E-002
  3.000000000000000E-002
  3.000000000000000E-002
  3.000000000000000E-002
  3.000000000000000E-002
  3.000000000000000E-002
  3.000000000000000E-002
  3.000000000000000E-002
  3.000000000000000E-002
  3.000000000000000E-002
  3.000000000000000E-002
  3.000000000000000E-002
  3.000000000000000E-002
  3.000000000000000E-002
  3.000000000000000E-002
  3.000000000000000E-002
  3.000000000000000E-002
  3.000000000000000E-002
  3.000000000000000E-002
  3.000000000000000E-002
  3.000000000000000E-002
  3.000000000000000E-002
  3.000000000000000E-002
  3.000000000000000E-002
  3.000000000000000E-002
  3.000000000000000E-002
  3.000000000000000E-002
  3.000000000000000E-002
  3.000000000000000E-002
  3.000000000000000E-002
  3.000000000000000E-002
  3.000000000000000E-002
  3.000000000000000E-002
  3.000000000000000E-002
  3.000000000000000E-002
  3.000000000000000E-002
  3.000000000000000E-002
  3.000000000000000E-002
  3.000000000000000E-002
  3.000000000000000E-002
  3.000000000000000E-002
  3.000000000000000E-002
  3.000000000000000E-002
  3.000000000000000E-002
  3.000000000000000E-002
  3.000000000000000E-002
  3.000000000000000E-002
  3.000000000000000E-002
  3.000000000000000E-002
  3.000000000000000E-002
  3.000000000000000E-002
  3.000000000000000E-002
  3.000000000000000E-002
  3.000000000000000E-002
  3.000000000000000E-002
  3.000000000000000E-002
  3.000000000000000E-002
  3.000000000000000E-002
  3.000000000000000E-002
  3.000000000000000E-002
  3.000000000000000E-002
  3.000000000000000E-002
  3.000000000000000E-002
  3.000000000000000E-002
  3.000000000000000E-002
  3.000000000000000E-002
  3.000000000000000E-002
  3.000000000000000E-002
  3.000000000000000E-002
  3.000000000000000E-002
