           3
 2 1 2
   9   2  25
  0.000000000  0.000000000  0.000000000  0.250000000  0.250000000  0.500000000  0.500000000  0.750000000  0.750000000  1.000000000  1.000000000  1.000000000
  0.000000000  0.000000000  1.000000000  1.000000000
  0.925581395  0.925581395  0.925581395  0.926040996  0.926500597  0.926960199  0.927419800  0.927879401  0.928339002  0.928798603  0.929258204  0.929717805  0.930177406  0.930637007  0.931096608  0.931556209  0.932015810  0.932475411  0.932935012  0.933394613  0.933854214  0.934313815  0.934773416  0.935233018  0.935692619  0.936152220  0.936152220  0.936152220
 -0.105099797870E+02  0.153029379000E+00  0.106496812770E+02  0.100000000000E+01
 -0.105099797870E+02  0.153029379000E+00  0.106496812770E+02  0.707106967328E+00
 -0.105099797870E+02  0.153029379000E+00  0.106496812770E+02  0.100000000000E+01
 -0.105099797870E+02  0.153029379000E+00  0.106496812770E+02  0.707106860800E+00
 -0.105099797870E+02  0.153029379000E+00  0.106496812770E+02  0.100000000000E+01
 -0.105099797870E+02  0.153029379000E+00  0.106496812770E+02  0.707106644028E+00
 -0.105099797870E+02  0.153029379000E+00  0.106496812770E+02  0.100000000000E+01
 -0.105099797870E+02  0.153029379000E+00  0.106496812770E+02  0.707106741918E+00
 -0.105099797870E+02  0.153029379000E+00  0.106496812770E+02  0.100000000000E+01
 -0.109246602550E+02 -0.750913540000E+00  0.104279217090E+02  0.100000000000E+01
 -0.116072609470E+02 -0.288205062000E+00  0.986747893200E+01  0.707106967328E+00
 -0.112260547210E+02  0.625439199000E+00  0.100630559440E+02  0.100000000000E+01
 -0.107892524630E+02  0.142610478600E+01  0.103118221070E+02  0.707106860800E+00
 -0.101292108190E+02  0.983051760000E+00  0.108533059490E+02  0.100000000000E+01
 -0.990450875200E+01  0.695591846000E+00  0.118880315610E+02  0.707106644028E+00
 -0.102500689260E+02 -0.292427543000E+00  0.119794450250E+02  0.100000000000E+01
 -0.107277497230E+02 -0.113702643000E+01  0.114925807310E+02  0.707106741918E+00
 -0.109246602550E+02 -0.750913540000E+00  0.104279217090E+02  0.100000000000E+01
 -0.106785443420E+02  0.171191115000E+00  0.108948453380E+02  0.100000000000E+01
 -0.106785443420E+02  0.171191115000E+00  0.108948453380E+02  0.707106730486E+00
 -0.106785443420E+02  0.171191115000E+00  0.108948453380E+02  0.100000000000E+01
 -0.106785443420E+02  0.171191115000E+00  0.108948453380E+02  0.707106789870E+00
 -0.106785443420E+02  0.171191115000E+00  0.108948453380E+02  0.100000000000E+01
 -0.106785443420E+02  0.171191115000E+00  0.108948453380E+02  0.707106716138E+00
 -0.106785443420E+02  0.171191115000E+00  0.108948453380E+02  0.100000000000E+01
 -0.106785443420E+02  0.171191115000E+00  0.108948453380E+02  0.707106719744E+00
 -0.106785443420E+02  0.171191115000E+00  0.108948453380E+02  0.100000000000E+01
 -0.110802558640E+02 -0.765551514000E+00  0.106886474940E+02  0.100000000000E+01
 -0.117812102890E+02 -0.320511065000E+00  0.101168302080E+02  0.707106730486E+00
 -0.114107575980E+02  0.616230168000E+00  0.102995510660E+02  0.100000000000E+01
 -0.110015773620E+02  0.146771621000E+01  0.105200499640E+02  0.707106789870E+00
 -0.103122239300E+02  0.102540456200E+01  0.110828761370E+02  0.100000000000E+01
 -0.100373654520E+02  0.733018222000E+00  0.120228199290E+02  0.707106716138E+00
 -0.103538470970E+02 -0.221351852000E+00  0.120455718890E+02  0.100000000000E+01
 -0.107887417970E+02 -0.105964209900E+01  0.116718425230E+02  0.707106719744E+00
 -0.110802558640E+02 -0.765551514000E+00  0.106886474940E+02  0.100000000000E+01
 -0.108481080370E+02  0.190285653000E+00  0.111392482280E+02  0.100000000000E+01
 -0.108481080370E+02  0.190285653000E+00  0.111392482280E+02  0.707106946227E+00
 -0.108481080370E+02  0.190285653000E+00  0.111392482280E+02  0.100000000000E+01
 -0.108481080370E+02  0.190285653000E+00  0.111392482280E+02  0.707106851932E+00
 -0.108481080370E+02  0.190285653000E+00  0.111392482280E+02  0.100000000000E+01
 -0.108481080370E+02  0.190285653000E+00  0.111392482280E+02  0.707106606966E+00
 -0.108481080370E+02  0.190285653000E+00  0.111392482280E+02  0.100000000000E+01
 -0.108481080370E+02  0.190285653000E+00  0.111392482280E+02  0.707106717393E+00
 -0.108481080370E+02  0.190285653000E+00  0.111392482280E+02  0.100000000000E+01
 -0.112326750180E+02 -0.774722372000E+00  0.109486712270E+02  0.100000000000E+01
 -0.119534065860E+02 -0.358310461000E+00  0.103651641930E+02  0.707106946227E+00
 -0.115999203990E+02  0.609797379000E+00  0.105320894910E+02  0.100000000000E+01
 -0.112030328630E+02  0.148832284200E+01  0.107407146390E+02  0.707106851932E+00
 -0.104946500180E+02  0.107723195000E+01  0.113144084500E+02  0.100000000000E+01
 -0.101883129800E+02  0.748941526000E+00  0.121648420740E+02  0.707106606966E+00
 -0.104713393000E+02 -0.159655132000E+00  0.121509288890E+02  0.100000000000E+01
 -0.108637210640E+02 -0.979192750000E+00  0.118513468560E+02  0.707106717393E+00
 -0.112326750180E+02 -0.774722372000E+00  0.109486712270E+02  0.100000000000E+01
 -0.110187113320E+02  0.210400990000E+00  0.113828444360E+02  0.100000000000E+01
 -0.110187113320E+02  0.210400990000E+00  0.113828444360E+02  0.707106808829E+00
 -0.110187113320E+02  0.210400990000E+00  0.113828444360E+02  0.100000000000E+01
 -0.110187113320E+02  0.210400990000E+00  0.113828444360E+02  0.707106831387E+00
 -0.110187113320E+02  0.210400990000E+00  0.113828444360E+02  0.100000000000E+01
 -0.110187113320E+02  0.210400990000E+00  0.113828444360E+02  0.707106672622E+00
 -0.110187113320E+02  0.210400990000E+00  0.113828444360E+02  0.100000000000E+01
 -0.110187113320E+02  0.210400990000E+00  0.113828444360E+02  0.707106672707E+00
 -0.110187113320E+02  0.210400990000E+00  0.113828444360E+02  0.100000000000E+01
 -0.113741749080E+02 -0.751977236000E+00  0.112144399590E+02  0.100000000000E+01
 -0.121301088060E+02 -0.388057562000E+00  0.106098329050E+02  0.707106808829E+00
 -0.117897482000E+02  0.603495393000E+00  0.107639175510E+02  0.100000000000E+01
 -0.114069701830E+02  0.151031666500E+01  0.109585041060E+02  0.707106831387E+00
 -0.106781660190E+02  0.113238852100E+01  0.115441801260E+02  0.100000000000E+01
 -0.103401010140E+02  0.770661397000E+00  0.123196811290E+02  0.707106672622E+00
 -0.105893678550E+02 -0.108694060000E+00  0.123001270520E+02  0.100000000000E+01
 -0.109546473390E+02 -0.902751290000E+00  0.120331594600E+02  0.707106672707E+00
 -0.113741749080E+02 -0.751977236000E+00  0.112144399590E+02  0.100000000000E+01
 -0.111903622520E+02  0.231621040000E+00  0.116256093590E+02  0.100000000000E+01
 -0.111903622520E+02  0.231621040000E+00  0.116256093590E+02  0.707106684330E+00
 -0.111903622520E+02  0.231621040000E+00  0.116256093590E+02  0.100000000000E+01
 -0.111903622520E+02  0.231621040000E+00  0.116256093590E+02  0.707106736818E+00
 -0.111903622520E+02  0.231621040000E+00  0.116256093590E+02  0.100000000000E+01
 -0.111903622520E+02  0.231621040000E+00  0.116256093590E+02  0.707106866307E+00
 -0.111903622520E+02  0.231621040000E+00  0.116256093590E+02  0.100000000000E+01
 -0.111903622520E+02  0.231621040000E+00  0.116256093590E+02  0.707106798981E+00
 -0.111903622520E+02  0.231621040000E+00  0.116256093590E+02  0.100000000000E+01
 -0.115126556000E+02 -0.712643547000E+00  0.114815799550E+02  0.100000000000E+01
 -0.122952013820E+02 -0.405483142000E+00  0.108628490980E+02  0.707106684330E+00
 -0.119761474880E+02  0.595463792000E+00  0.109985833930E+02  0.100000000000E+01
 -0.116162955040E+02  0.153931867900E+01  0.111708257750E+02  0.707106736818E+00
 -0.108650807760E+02  0.118463888700E+01  0.117709739790E+02  0.100000000000E+01
 -0.104793606290E+02  0.802071585000E+00  0.125012634020E+02  0.707106866307E+00
 -0.107068386740E+02 -0.626236810000E-01  0.124727168390E+02  0.100000000000E+01
 -0.110515454430E+02 -0.831402220000E+00  0.122297267860E+02  0.707106798981E+00
 -0.115126556000E+02 -0.712643547000E+00  0.114815799550E+02  0.100000000000E+01
 -0.113630030160E+02  0.254007727000E+00  0.118675663900E+02  0.100000000000E+01
 -0.113630030160E+02  0.254007727000E+00  0.118675663900E+02  0.707106757818E+00
 -0.113630030160E+02  0.254007727000E+00  0.118675663900E+02  0.100000000000E+01
 -0.113630030160E+02  0.254007727000E+00  0.118675663900E+02  0.707106792533E+00
 -0.113630030160E+02  0.254007727000E+00  0.118675663900E+02  0.100000000000E+01
 -0.113630030160E+02  0.254007727000E+00  0.118675663900E+02  0.707106763775E+00
 -0.113630030160E+02  0.254007727000E+00  0.118675663900E+02  0.100000000000E+01
 -0.113630030160E+02  0.254007727000E+00  0.118675663900E+02  0.707106745651E+00
 -0.113630030160E+02  0.254007727000E+00  0.118675663900E+02  0.100000000000E+01
 -0.116557325760E+02 -0.677379775000E+00  0.117464217760E+02  0.100000000000E+01
 -0.124592419230E+02 -0.414109316000E+00  0.111171826650E+02  0.707106757818E+00
 -0.121599500400E+02  0.586638344000E+00  0.112359412960E+02  0.100000000000E+01
 -0.118214697240E+02  0.154976822100E+01  0.113879963770E+02  0.707106792533E+00
 -0.110580421210E+02  0.122431069200E+01  0.119937722070E+02  0.100000000000E+01
 -0.106352911020E+02  0.832045546000E+00  0.126634993210E+02  0.707106763775E+00
 -0.108269054480E+02 -0.165466830000E-01  0.126522441850E+02  0.100000000000E+01
 -0.111478503170E+02 -0.807048384000E+00  0.124537345330E+02  0.707106745651E+00
 -0.116557325760E+02 -0.677379775000E+00  0.117464217760E+02  0.100000000000E+01
 -0.115364483610E+02  0.277563595000E+00  0.121088361580E+02  0.100000000000E+01
 -0.115364483610E+02  0.277563595000E+00  0.121088361580E+02  0.707106805900E+00
 -0.115364483610E+02  0.277563595000E+00  0.121088361580E+02  0.100000000000E+01
 -0.115364483610E+02  0.277563595000E+00  0.121088361580E+02  0.707106791067E+00
 -0.115364483610E+02  0.277563595000E+00  0.121088361580E+02  0.100000000000E+01
 -0.115364483610E+02  0.277563595000E+00  0.121088361580E+02  0.707106760684E+00
 -0.115364483610E+02  0.277563595000E+00  0.121088361580E+02  0.100000000000E+01
 -0.115364483610E+02  0.277563595000E+00  0.121088361580E+02  0.707106776453E+00
 -0.115364483610E+02  0.277563595000E+00  0.121088361580E+02  0.100000000000E+01
 -0.118054331120E+02 -0.655979735000E+00  0.120083373730E+02  0.100000000000E+01
 -0.126361433810E+02 -0.428589201000E+00  0.113649097510E+02  0.707106805900E+00
 -0.123459211490E+02  0.579218589000E+00  0.114732837530E+02  0.100000000000E+01
 -0.120221958190E+02  0.152909901800E+01  0.116128282240E+02  0.707106791067E+00
 -0.112540977910E+02  0.125749511500E+01  0.122143288010E+02  0.100000000000E+01
 -0.107710663800E+02  0.884216835000E+00  0.128486199120E+02  0.707106760684E+00
 -0.109448300600E+02  0.284240950000E-01  0.128396532500E+02  0.100000000000E+01
 -0.112542495940E+02 -0.766582302000E+00  0.126623027850E+02  0.707106776453E+00
 -0.118054331120E+02 -0.655979735000E+00  0.120083373730E+02  0.100000000000E+01
 -0.117102799670E+02  0.302159538000E+00  0.123497240670E+02  0.100000000000E+01
 -0.117102799670E+02  0.302159538000E+00  0.123497240670E+02  0.707106986334E+00
 -0.117102799670E+02  0.302159538000E+00  0.123497240670E+02  0.100000000000E+01
 -0.117102799670E+02  0.302159538000E+00  0.123497240670E+02  0.707106904451E+00
 -0.117102799670E+02  0.302159538000E+00  0.123497240670E+02  0.100000000000E+01
 -0.117102799670E+02  0.302159538000E+00  0.123497240670E+02  0.707106585343E+00
 -0.117102799670E+02  0.302159538000E+00  0.123497240670E+02  0.100000000000E+01
 -0.117102799670E+02  0.302159538000E+00  0.123497240670E+02  0.707106656810E+00
 -0.117102799670E+02  0.302159538000E+00  0.123497240670E+02  0.100000000000E+01
 -0.119597647280E+02 -0.648207363000E+00  0.122684183100E+02  0.100000000000E+01
 -0.127959719140E+02 -0.430921201000E+00  0.116279038540E+02  0.707106986334E+00
 -0.125334287760E+02  0.572712896000E+00  0.117130841840E+02  0.100000000000E+01
 -0.122319486030E+02  0.153653985300E+01  0.118313004830E+02  0.707106904451E+00
 -0.114483015830E+02  0.130012189800E+01  0.124351011950E+02  0.100000000000E+01
 -0.109111722920E+02  0.927471853000E+00  0.130279754540E+02  0.707106585343E+00
 -0.110666021580E+02  0.756546160000E-01  0.130221894710E+02  0.100000000000E+01
 -0.113640372730E+02 -0.702256308000E+00  0.128639126520E+02  0.707106656810E+00
 -0.119597647280E+02 -0.648207363000E+00  0.122684183100E+02  0.100000000000E+01
 -0.118836848600E+02  0.327410518000E+00  0.125908515140E+02  0.100000000000E+01
 -0.118836848600E+02  0.327410518000E+00  0.125908515140E+02  0.707106802555E+00
 -0.118836848600E+02  0.327410518000E+00  0.125908515140E+02  0.100000000000E+01
 -0.118836848600E+02  0.327410518000E+00  0.125908515140E+02  0.707106800460E+00
 -0.118836848600E+02  0.327410518000E+00  0.125908515140E+02  0.100000000000E+01
 -0.118836848600E+02  0.327410518000E+00  0.125908515140E+02  0.707106751250E+00
 -0.118836848600E+02  0.327410518000E+00  0.125908515140E+02  0.100000000000E+01
 -0.118836848600E+02  0.327410518000E+00  0.125908515140E+02  0.707106787471E+00
 -0.118836848600E+02  0.327410518000E+00  0.125908515140E+02  0.100000000000E+01
 -0.121078941030E+02 -0.619347930000E+00  0.125298463930E+02  0.100000000000E+01
 -0.128996421390E+02 -0.405443898000E+00  0.119342125000E+02  0.707106802555E+00
 -0.127188849380E+02  0.565774767000E+00  0.119611690910E+02  0.100000000000E+01
 -0.124495176890E+02  0.155346646800E+01  0.120504680780E+02  0.707106800460E+00
 -0.116472820470E+02  0.132566035500E+01  0.126551749940E+02  0.100000000000E+01
 -0.110410259670E+02  0.989220560000E+00  0.132082715930E+02  0.707106751250E+00
 -0.111849837920E+02  0.122450237000E+00  0.132037938850E+02  0.100000000000E+01
 -0.114799448790E+02 -0.635071180000E+00  0.130581429980E+02  0.707106787471E+00
 -0.121078941030E+02 -0.619347930000E+00  0.125298463930E+02  0.100000000000E+01
 -0.120552779660E+02  0.352511838000E+00  0.128332853320E+02  0.100000000000E+01
 -0.120552779660E+02  0.352511838000E+00  0.128332853320E+02  0.707106744601E+00
 -0.120552779660E+02  0.352511838000E+00  0.128332853320E+02  0.100000000000E+01
 -0.120552779660E+02  0.352511838000E+00  0.128332853320E+02  0.707106761026E+00
 -0.120552779660E+02  0.352511838000E+00  0.128332853320E+02  0.100000000000E+01
 -0.120552779660E+02  0.352511838000E+00  0.128332853320E+02  0.707106824363E+00
 -0.120552779660E+02  0.352511838000E+00  0.128332853320E+02  0.100000000000E+01
 -0.120552779660E+02  0.352511838000E+00  0.128332853320E+02  0.707106794756E+00
 -0.120552779660E+02  0.352511838000E+00  0.128332853320E+02  0.100000000000E+01
 -0.122526898590E+02 -0.587354457000E+00  0.127904778370E+02  0.100000000000E+01
 -0.130317973510E+02 -0.405592355000E+00  0.122280748930E+02  0.707106744601E+00
 -0.129124535910E+02  0.560775589000E+00  0.122136903280E+02  0.100000000000E+01
 -0.126601033970E+02  0.154726298400E+01  0.122901450470E+02  0.707106761026E+00
 -0.118436110420E+02  0.136024451500E+01  0.128791838990E+02  0.100000000000E+01
 -0.112069796790E+02  0.101947122700E+01  0.133581796260E+02  0.707106824363E+00
 -0.113011468760E+02  0.169284381000E+00  0.133783961850E+02  0.100000000000E+01
 -0.115823605570E+02 -0.581272041000E+00  0.132579299510E+02  0.707106794756E+00
 -0.122526898590E+02 -0.587354457000E+00  0.127904778370E+02  0.100000000000E+01
 -0.122231444220E+02  0.376192410000E+00  0.130784513900E+02  0.100000000000E+01
 -0.122231444220E+02  0.376192410000E+00  0.130784513900E+02  0.707106842208E+00
 -0.122231444220E+02  0.376192410000E+00  0.130784513900E+02  0.100000000000E+01
 -0.122231444220E+02  0.376192410000E+00  0.130784513900E+02  0.707106839351E+00
 -0.122231444220E+02  0.376192410000E+00  0.130784513900E+02  0.100000000000E+01
 -0.122231444220E+02  0.376192410000E+00  0.130784513900E+02  0.707106713699E+00
 -0.122231444220E+02  0.376192410000E+00  0.130784513900E+02  0.100000000000E+01
 -0.122231444220E+02  0.376192410000E+00  0.130784513900E+02  0.707106729488E+00
 -0.122231444220E+02  0.376192410000E+00  0.130784513900E+02  0.100000000000E+01
 -0.123925006550E+02 -0.557665839000E+00  0.130503674560E+02  0.100000000000E+01
 -0.131754605160E+02 -0.413077924000E+00  0.125123631300E+02  0.707106842208E+00
 -0.130950342340E+02  0.552369232000E+00  0.124779521780E+02  0.100000000000E+01
 -0.128629383670E+02  0.152420571800E+01  0.125446130010E+02  0.707106839351E+00
 -0.120378253970E+02  0.139807298300E+01  0.131091820190E+02  0.100000000000E+01
 -0.113830875730E+02  0.108669561600E+01  0.135765030720E+02  0.707106713699E+00
 -0.114604504120E+02  0.222080022000E+00  0.136037435620E+02  0.100000000000E+01
 -0.117081171380E+02 -0.554443711000E+00  0.135087796640E+02  0.707106729488E+00
 -0.123925006550E+02 -0.557665839000E+00  0.130503674560E+02  0.100000000000E+01
 -0.123861267000E+02  0.397551134000E+00  0.133271004630E+02  0.100000000000E+01
 -0.123861267000E+02  0.397551134000E+00  0.133271004630E+02  0.707106653821E+00
 -0.123861267000E+02  0.397551134000E+00  0.133271004630E+02  0.100000000000E+01
 -0.123861267000E+02  0.397551134000E+00  0.133271004630E+02  0.707106688134E+00
 -0.123861267000E+02  0.397551134000E+00  0.133271004630E+02  0.100000000000E+01
 -0.123861267000E+02  0.397551134000E+00  0.133271004630E+02  0.707106885511E+00
 -0.123861267000E+02  0.397551134000E+00  0.133271004630E+02  0.100000000000E+01
 -0.123861267000E+02  0.397551134000E+00  0.133271004630E+02  0.707106897280E+00
 -0.123861267000E+02  0.397551134000E+00  0.133271004630E+02  0.100000000000E+01
 -0.125279109900E+02 -0.537832374000E+00  0.133112356960E+02  0.100000000000E+01
 -0.133184355480E+02 -0.406442228000E+00  0.127941647860E+02  0.707106653821E+00
 -0.132624384840E+02  0.540099160000E+00  0.127541662160E+02  0.100000000000E+01
 -0.130630890710E+02  0.151082002100E+01  0.128040837870E+02  0.707106688134E+00
 -0.122293358580E+02  0.143193374000E+01  0.133446449320E+02  0.100000000000E+01
 -0.115234203400E+02  0.117107761900E+01  0.138178801990E+02  0.707106885511E+00
 -0.116076813070E+02  0.270922879000E+00  0.138360497840E+02  0.100000000000E+01
 -0.118145951360E+02 -0.542281393000E+00  0.137686579390E+02  0.707106897280E+00
 -0.125279109900E+02 -0.537832374000E+00  0.133112356960E+02  0.100000000000E+01
 -0.125439826770E+02  0.416214161000E+00  0.135792485330E+02  0.100000000000E+01
 -0.125439826770E+02  0.416214161000E+00  0.135792485330E+02  0.707106757898E+00
 -0.125439826770E+02  0.416214161000E+00  0.135792485330E+02  0.100000000000E+01
 -0.125439826770E+02  0.416214161000E+00  0.135792485330E+02  0.707106763649E+00
 -0.125439826770E+02  0.416214161000E+00  0.135792485330E+02  0.100000000000E+01
 -0.125439826770E+02  0.416214161000E+00  0.135792485330E+02  0.707106817171E+00
 -0.125439826770E+02  0.416214161000E+00  0.135792485330E+02  0.100000000000E+01
 -0.125439826770E+02  0.416214161000E+00  0.135792485330E+02  0.707106786028E+00
 -0.125439826770E+02  0.416214161000E+00  0.135792485330E+02  0.100000000000E+01
 -0.126585506550E+02 -0.532145264000E+00  0.135733895150E+02  0.100000000000E+01
 -0.134390586790E+02 -0.387579537000E+00  0.130863530860E+02  0.707106757898E+00
 -0.134267997250E+02  0.526245248000E+00  0.130319915450E+02  0.100000000000E+01
 -0.132367024500E+02  0.146235122400E+01  0.130848631080E+02  0.707106763649E+00
 -0.124178013080E+02  0.146070345800E+01  0.135857012300E+02  0.100000000000E+01
 -0.116809787850E+02  0.122828325700E+01  0.140519725770E+02  0.707106817171E+00
 -0.117485908010E+02  0.317079479000E+00  0.140723104690E+02  0.100000000000E+01
 -0.119048790710E+02 -0.546473102000E+00  0.140352005980E+02  0.707106786028E+00
 -0.126585506550E+02 -0.532145264000E+00  0.135733895150E+02  0.100000000000E+01
 -0.126965710200E+02  0.431778987000E+00  0.138348258530E+02  0.100000000000E+01
 -0.126965710200E+02  0.431778987000E+00  0.138348258530E+02  0.707106939464E+00
 -0.126965710200E+02  0.431778987000E+00  0.138348258530E+02  0.100000000000E+01
 -0.126965710200E+02  0.431778987000E+00  0.138348258530E+02  0.707106932128E+00
 -0.126965710200E+02  0.431778987000E+00  0.138348258530E+02  0.100000000000E+01
 -0.126965710200E+02  0.431778987000E+00  0.138348258530E+02  0.707106619356E+00
 -0.126965710200E+02  0.431778987000E+00  0.138348258530E+02  0.100000000000E+01
 -0.126965710200E+02  0.431778987000E+00  0.138348258530E+02  0.707106633799E+00
 -0.126965710200E+02  0.431778987000E+00  0.138348258530E+02  0.100000000000E+01
 -0.127815145940E+02 -0.523116360000E+00  0.138367971880E+02  0.100000000000E+01
 -0.136058198260E+02 -0.421391760000E+00  0.133508838180E+02  0.707106939464E+00
 -0.135978528890E+02  0.510859610000E+00  0.133052688370E+02  0.100000000000E+01
 -0.134170770470E+02  0.143346080300E+01  0.133608923680E+02  0.707106932128E+00
 -0.126053717800E+02  0.145700526300E+01  0.138327087070E+02  0.100000000000E+01
 -0.118375651860E+02  0.128131570900E+01  0.142896803170E+02  0.707106619356E+00
 -0.118676057190E+02  0.359043562000E+00  0.143218923090E+02  0.100000000000E+01
 -0.120111550300E+02 -0.521353323000E+00  0.142856903250E+02  0.707106633799E+00
 -0.127815145940E+02 -0.523116360000E+00  0.138367971880E+02  0.100000000000E+01
 -0.128438613000E+02  0.443790742000E+00  0.140936817820E+02  0.100000000000E+01
 -0.128438613000E+02  0.443790742000E+00  0.140936817820E+02  0.707106942149E+00
 -0.128438613000E+02  0.443790742000E+00  0.140936817820E+02  0.100000000000E+01
 -0.128438613000E+02  0.443790742000E+00  0.140936817820E+02  0.707106936869E+00
 -0.128438613000E+02  0.443790742000E+00  0.140936817820E+02  0.100000000000E+01
 -0.128438613000E+02  0.443790742000E+00  0.140936817820E+02  0.707106613806E+00
 -0.128438613000E+02  0.443790742000E+00  0.140936817820E+02  0.100000000000E+01
 -0.128438613000E+02  0.443790742000E+00  0.140936817820E+02  0.707106631922E+00
 -0.128438613000E+02  0.443790742000E+00  0.140936817820E+02  0.100000000000E+01
 -0.128983558740E+02 -0.529844525000E+00  0.141010593450E+02  0.100000000000E+01
 -0.137438962740E+02 -0.455423103000E+00  0.136284641700E+02  0.707106942149E+00
 -0.137612938750E+02  0.491263420000E+00  0.135821907910E+02  0.100000000000E+01
 -0.136106944890E+02  0.140373545100E+01  0.136305666520E+02  0.707106936869E+00
 -0.127880623140E+02  0.144074160200E+01  0.140861267270E+02  0.100000000000E+01
 -0.119648499770E+02  0.135825890100E+01  0.145466298720E+02  0.707106613806E+00
 -0.119876656810E+02  0.399486743000E+00  0.145710312300E+02  0.100000000000E+01
 -0.121041278370E+02 -0.489774375000E+00  0.145407217640E+02  0.707106631922E+00
 -0.128983558740E+02 -0.529844525000E+00  0.141010593450E+02  0.100000000000E+01
 -0.129859899490E+02  0.451743090000E+00  0.143555621120E+02  0.100000000000E+01
 -0.129859899490E+02  0.451743090000E+00  0.143555621120E+02  0.707106648049E+00
 -0.129859899490E+02  0.451743090000E+00  0.143555621120E+02  0.100000000000E+01
 -0.129859899490E+02  0.451743090000E+00  0.143555621120E+02  0.707106668237E+00
 -0.129859899490E+02  0.451743090000E+00  0.143555621120E+02  0.100000000000E+01
 -0.129859899490E+02  0.451743090000E+00  0.143555621120E+02  0.707106902905E+00
 -0.129859899490E+02  0.451743090000E+00  0.143555621120E+02  0.100000000000E+01
 -0.129859899490E+02  0.451743090000E+00  0.143555621120E+02  0.707106905556E+00
 -0.129859899490E+02  0.451743090000E+00  0.143555621120E+02  0.100000000000E+01
 -0.130077131240E+02 -0.543685948000E+00  0.143657495000E+02  0.100000000000E+01
 -0.138730809010E+02 -0.504291223000E+00  0.139058770790E+02  0.707106648049E+00
 -0.139066907450E+02  0.466834508000E+00  0.138668696530E+02  0.100000000000E+01
 -0.137952716210E+02  0.138501687700E+01  0.139059438320E+02  0.707106668237E+00
 -0.129644732630E+02  0.143767923800E+01  0.143454720710E+02  0.100000000000E+01
 -0.120975927340E+02  0.143133263300E+01  0.148054261430E+02  0.707106902905E+00
 -0.121012811810E+02  0.437241648000E+00  0.148251503710E+02  0.100000000000E+01
 -0.122134791550E+02 -0.458841407000E+00  0.147851811250E+02  0.707106905556E+00
 -0.130077131240E+02 -0.543685948000E+00  0.143657495000E+02  0.100000000000E+01
 -0.131233314250E+02  0.455084373000E+00  0.146200832290E+02  0.100000000000E+01
 -0.131233314250E+02  0.455084373000E+00  0.146200832290E+02  0.707106728291E+00
 -0.131233314250E+02  0.455084373000E+00  0.146200832290E+02  0.100000000000E+01
 -0.131233314250E+02  0.455084373000E+00  0.146200832290E+02  0.707106746274E+00
 -0.131233314250E+02  0.455084373000E+00  0.146200832290E+02  0.100000000000E+01
 -0.131233314250E+02  0.455084373000E+00  0.146200832290E+02  0.707106838811E+00
 -0.131233314250E+02  0.455084373000E+00  0.146200832290E+02  0.100000000000E+01
 -0.131233314250E+02  0.455084373000E+00  0.146200832290E+02  0.707106834286E+00
 -0.131233314250E+02  0.455084373000E+00  0.146200832290E+02  0.100000000000E+01
 -0.131003336190E+02 -0.554082745000E+00  0.146117219700E+02  0.100000000000E+01
 -0.139646471450E+02 -0.520577931000E+00  0.141730825000E+02  0.707106728291E+00
 -0.140482035730E+02  0.437905345000E+00  0.141496560690E+02  0.100000000000E+01
 -0.139539926240E+02  0.136887775100E+01  0.141454374100E+02  0.707106746274E+00
 -0.131155444640E+02  0.143905933800E+01  0.145688413410E+02  0.100000000000E+01
 -0.122469936520E+02  0.144787994900E+01  0.150110310880E+02  0.707106838811E+00
 -0.122096374330E+02  0.472055781000E+00  0.150848236270E+02  0.100000000000E+01
 -0.123186451920E+02 -0.408706218000E+00  0.150119194910E+02  0.707106834286E+00
 -0.131003336190E+02 -0.554082745000E+00  0.146117219700E+02  0.100000000000E+01
 -0.132565703670E+02  0.453238389000E+00  0.148867093900E+02  0.100000000000E+01
 -0.132565703670E+02  0.453238389000E+00  0.148867093900E+02  0.707106938294E+00
 -0.132565703670E+02  0.453238389000E+00  0.148867093900E+02  0.100000000000E+01
 -0.132565703670E+02  0.453238389000E+00  0.148867093900E+02  0.707106945671E+00
 -0.132565703670E+02  0.453238389000E+00  0.148867093900E+02  0.100000000000E+01
 -0.132565703670E+02  0.453238389000E+00  0.148867093900E+02  0.707106636277E+00
 -0.132565703670E+02  0.453238389000E+00  0.148867093900E+02  0.100000000000E+01
 -0.132565703670E+02  0.453238389000E+00  0.148867093900E+02  0.707106604204E+00
 -0.132565703670E+02  0.453238389000E+00  0.148867093900E+02  0.100000000000E+01
 -0.131875222590E+02 -0.562830409000E+00  0.148566248420E+02  0.100000000000E+01
 -0.140648182350E+02 -0.565196244000E+00  0.144276740320E+02  0.707106938294E+00
 -0.142014906880E+02  0.402793591000E+00  0.144216848710E+02  0.100000000000E+01
 -0.141251458820E+02  0.135590175300E+01  0.143755807890E+02  0.707106945671E+00
 -0.132645454990E+02  0.144626276000E+01  0.147951926270E+02  0.100000000000E+01
 -0.123966639980E+02  0.145685010900E+01  0.152254555740E+02  0.707106636277E+00
 -0.123210252900E+02  0.503182746000E+00  0.153471200680E+02  0.100000000000E+01
 -0.124245878260E+02 -0.365470384000E+00  0.152419287480E+02  0.707106604204E+00
 -0.131875222590E+02 -0.562830409000E+00  0.148566248420E+02  0.100000000000E+01
 -0.133856882800E+02  0.446343153000E+00  0.151552732080E+02  0.100000000000E+01
 -0.133856882800E+02  0.446343153000E+00  0.151552732080E+02  0.707106631956E+00
 -0.133856882800E+02  0.446343153000E+00  0.151552732080E+02  0.100000000000E+01
 -0.133856882800E+02  0.446343153000E+00  0.151552732080E+02  0.707106592707E+00
 -0.133856882800E+02  0.446343153000E+00  0.151552732080E+02  0.100000000000E+01
 -0.133856882800E+02  0.446343153000E+00  0.151552732080E+02  0.707106946874E+00
 -0.133856882800E+02  0.446343153000E+00  0.151552732080E+02  0.100000000000E+01
 -0.133856882800E+02  0.446343153000E+00  0.151552732080E+02  0.707106954038E+00
 -0.133856882800E+02  0.446343153000E+00  0.151552732080E+02  0.100000000000E+01
 -0.132723000200E+02 -0.572394959000E+00  0.151051694810E+02  0.100000000000E+01
 -0.141793117400E+02 -0.614811604000E+00  0.146807213650E+02  0.707106631956E+00
 -0.143647853410E+02  0.360102286000E+00  0.146930165060E+02  0.100000000000E+01
 -0.142800946340E+02  0.132897551500E+01  0.146137781590E+02  0.707106592707E+00
 -0.134098254770E+02  0.144999269600E+01  0.150191532530E+02  0.100000000000E+01
 -0.125669539390E+02  0.143653732900E+01  0.154279695280E+02  0.707106946874E+00
 -0.124488562670E+02  0.528861159000E+00  0.155975754900E+02  0.100000000000E+01
 -0.124986618500E+02 -0.348833780000E+00  0.154860810120E+02  0.707106954038E+00
 -0.132723000200E+02 -0.572394959000E+00  0.151051694810E+02  0.100000000000E+01
 -0.135093732880E+02  0.436330063000E+00  0.154262851670E+02  0.100000000000E+01
 -0.135093732880E+02  0.436330063000E+00  0.154262851670E+02  0.707106936714E+00
 -0.135093732880E+02  0.436330063000E+00  0.154262851670E+02  0.100000000000E+01
 -0.135093732880E+02  0.436330063000E+00  0.154262851670E+02  0.707106953352E+00
 -0.135093732880E+02  0.436330063000E+00  0.154262851670E+02  0.100000000000E+01
 -0.135093732880E+02  0.436330063000E+00  0.154262851670E+02  0.707106655877E+00
 -0.135093732880E+02  0.436330063000E+00  0.154262851670E+02  0.100000000000E+01
 -0.135093732880E+02  0.436330063000E+00  0.154262851670E+02  0.707106615116E+00
 -0.135093732880E+02  0.436330063000E+00  0.154262851670E+02  0.100000000000E+01
 -0.133542605900E+02 -0.590498627000E+00  0.153610531790E+02  0.100000000000E+01
 -0.143159114400E+02 -0.691336202000E+00  0.149321466420E+02  0.707106936714E+00
 -0.145304920920E+02  0.311159922000E+00  0.149685233070E+02  0.100000000000E+01
 -0.144304111710E+02  0.128141499900E+01  0.148521144280E+02  0.707106953352E+00
 -0.135487660830E+02  0.144824310000E+01  0.152374596090E+02  0.100000000000E+01
 -0.127182249000E+02  0.143504701700E+01  0.156291473370E+02  0.707106655877E+00
 -0.125575390310E+02  0.553007269000E+00  0.158529867120E+02  0.100000000000E+01
 -0.125473977420E+02 -0.350700654000E+00  0.157409204650E+02  0.707106615116E+00
 -0.133542605900E+02 -0.590498627000E+00  0.153610531790E+02  0.100000000000E+01
 -0.136272993050E+02  0.425568624000E+00  0.156998249650E+02  0.100000000000E+01
 -0.136272993050E+02  0.425568624000E+00  0.156998249650E+02  0.707106741798E+00
 -0.136272993050E+02  0.425568624000E+00  0.156998249650E+02  0.100000000000E+01
 -0.136272993050E+02  0.425568624000E+00  0.156998249650E+02  0.707106705916E+00
 -0.136272993050E+02  0.425568624000E+00  0.156998249650E+02  0.100000000000E+01
 -0.136272993050E+02  0.425568624000E+00  0.156998249650E+02  0.707106804393E+00
 -0.136272993050E+02  0.425568624000E+00  0.156998249650E+02  0.100000000000E+01
 -0.136272993050E+02  0.425568624000E+00  0.156998249650E+02  0.707106813471E+00
 -0.136272993050E+02  0.425568624000E+00  0.156998249650E+02  0.100000000000E+01
 -0.134287576480E+02 -0.631443861000E+00  0.156228307120E+02  0.100000000000E+01
 -0.144197199730E+02 -0.764016308000E+00  0.152046517970E+02  0.707106741798E+00
 -0.146830606320E+02  0.259977806000E+00  0.152506888200E+02  0.100000000000E+01
 -0.145655551360E+02  0.122084490600E+01  0.150925153850E+02  0.707106705916E+00
 -0.136802097260E+02  0.143169028100E+01  0.154532550170E+02  0.100000000000E+01
 -0.128460104060E+02  0.144487389800E+01  0.158341231760E+02  0.707106804393E+00
 -0.126721249620E+02  0.575382863000E+00  0.161061705200E+02  0.100000000000E+01
 -0.125837959510E+02 -0.364368291000E+00  0.160022536710E+02  0.707106813471E+00
 -0.134287576480E+02 -0.631443861000E+00  0.156228307120E+02  0.100000000000E+01
 -0.137401415720E+02  0.415798115000E+00  0.159755391800E+02  0.100000000000E+01
 -0.137401415720E+02  0.415798115000E+00  0.159755391800E+02  0.707106836010E+00
 -0.137401415720E+02  0.415798115000E+00  0.159755391800E+02  0.100000000000E+01
 -0.137401415720E+02  0.415798115000E+00  0.159755391800E+02  0.707106858758E+00
 -0.137401415720E+02  0.415798115000E+00  0.159755391800E+02  0.100000000000E+01
 -0.137401415720E+02  0.415798115000E+00  0.159755391800E+02  0.707106713670E+00
 -0.137401415720E+02  0.415798115000E+00  0.159755391800E+02  0.100000000000E+01
 -0.137401415720E+02  0.415798115000E+00  0.159755391800E+02  0.707106684667E+00
 -0.137401415720E+02  0.415798115000E+00  0.159755391800E+02  0.100000000000E+01
 -0.134944442530E+02 -0.685433957000E+00  0.158883952710E+02  0.100000000000E+01
 -0.145212117530E+02 -0.835256597000E+00  0.154789331930E+02  0.707106836010E+00
 -0.148047173320E+02  0.212492158000E+00  0.155431902640E+02  0.100000000000E+01
 -0.146982542560E+02  0.116947853600E+01  0.153249587320E+02  0.707106858758E+00
 -0.138049529550E+02  0.140678207800E+01  0.156691279070E+02  0.100000000000E+01
 -0.129962353590E+02  0.140978358400E+01  0.160398422420E+02  0.707106713670E+00
 -0.127847296180E+02  0.598256765000E+00  0.163635543880E+02  0.100000000000E+01
 -0.126299743440E+02 -0.367744609000E+00  0.162643208370E+02  0.707106684667E+00
 -0.134944442530E+02 -0.685433957000E+00  0.158883952710E+02  0.100000000000E+01
 -0.138489419330E+02  0.407893614000E+00  0.162529340070E+02  0.100000000000E+01
 -0.138489419330E+02  0.407893614000E+00  0.162529340070E+02  0.707106818369E+00
 -0.138489419330E+02  0.407893614000E+00  0.162529340070E+02  0.100000000000E+01
 -0.138489419330E+02  0.407893614000E+00  0.162529340070E+02  0.707106838782E+00
 -0.138489419330E+02  0.407893614000E+00  0.162529340070E+02  0.100000000000E+01
 -0.138489419330E+02  0.407893614000E+00  0.162529340070E+02  0.707106825503E+00
 -0.138489419330E+02  0.407893614000E+00  0.162529340070E+02  0.100000000000E+01
 -0.138489419330E+02  0.407893614000E+00  0.162529340070E+02  0.707106773741E+00
 -0.138489419330E+02  0.407893614000E+00  0.162529340070E+02  0.100000000000E+01
 -0.135542693730E+02 -0.733722537000E+00  0.161566427310E+02  0.100000000000E+01
 -0.146095266610E+02 -0.911422477000E+00  0.157547743160E+02  0.707106818369E+00
 -0.149485851180E+02  0.160298446000E+00  0.158232358920E+02  0.100000000000E+01
 -0.148162786920E+02  0.112201123400E+01  0.155570538440E+02  0.707106838782E+00
 -0.139251583750E+02  0.138908603100E+01  0.158826093270E+02  0.100000000000E+01
 -0.131416473770E+02  0.138961317000E+01  0.162487706840E+02  0.707106825503E+00
 -0.129369033760E+02  0.613247793000E+00  0.166093226160E+02  0.100000000000E+01
 -0.126922394240E+02 -0.364404593000E+00  0.165241608040E+02  0.707106773741E+00
 -0.135542693730E+02 -0.733722537000E+00  0.161566427310E+02  0.100000000000E+01
 -0.139546760850E+02  0.402127064000E+00  0.165315653250E+02  0.100000000000E+01
 -0.139546760850E+02  0.402127064000E+00  0.165315653250E+02  0.707106778529E+00
 -0.139546760850E+02  0.402127064000E+00  0.165315653250E+02  0.100000000000E+01
 -0.139546760850E+02  0.402127064000E+00  0.165315653250E+02  0.707106781019E+00
 -0.139546760850E+02  0.402127064000E+00  0.165315653250E+02  0.100000000000E+01
 -0.139546760850E+02  0.402127064000E+00  0.165315653250E+02  0.707106911987E+00
 -0.139546760850E+02  0.402127064000E+00  0.165315653250E+02  0.100000000000E+01
 -0.139546760850E+02  0.402127064000E+00  0.165315653250E+02  0.707106883647E+00
 -0.139546760850E+02  0.402127064000E+00  0.165315653250E+02  0.100000000000E+01
 -0.136071188500E+02 -0.781851656000E+00  0.164253865930E+02  0.100000000000E+01
 -0.147015094860E+02 -0.996204987000E+00  0.160239992880E+02  0.707106778529E+00
 -0.150564886700E+02  0.116105242000E+00  0.161143520780E+02  0.100000000000E+01
 -0.149478796230E+02  0.108185622900E+01  0.157750528080E+02  0.707106781019E+00
 -0.140434851370E+02  0.139400486900E+01  0.160861150270E+02  0.100000000000E+01
 -0.132965367500E+02  0.134476540900E+01  0.164676120590E+02  0.707106911987E+00
 -0.130601845480E+02  0.634329808000E+00  0.168702729340E+02  0.100000000000E+01
 -0.127413500990E+02 -0.352097111000E+00  0.167914760340E+02  0.707106883647E+00
 -0.136071188500E+02 -0.781851656000E+00  0.164253865930E+02  0.100000000000E+01
 -0.140581142860E+02  0.398463244000E+00  0.168110932180E+02  0.100000000000E+01
 -0.140581142860E+02  0.398463244000E+00  0.168110932180E+02  0.707106844822E+00
 -0.140581142860E+02  0.398463244000E+00  0.168110932180E+02  0.100000000000E+01
 -0.140581142860E+02  0.398463244000E+00  0.168110932180E+02  0.707106899348E+00
 -0.140581142860E+02  0.398463244000E+00  0.168110932180E+02  0.100000000000E+01
 -0.140581142860E+02  0.398463244000E+00  0.168110932180E+02  0.707106882066E+00
 -0.140581142860E+02  0.398463244000E+00  0.168110932180E+02  0.100000000000E+01
 -0.140581142860E+02  0.398463244000E+00  0.168110932180E+02  0.707106799655E+00
 -0.140581142860E+02  0.398463244000E+00  0.168110932180E+02  0.100000000000E+01
 -0.136908109330E+02 -0.833506597000E+00  0.166809421370E+02  0.100000000000E+01
 -0.148359512080E+02 -0.105300372500E+01  0.162721353490E+02  0.707106844822E+00
 -0.151659985800E+02  0.111518982000E+00  0.164006223910E+02  0.100000000000E+01
 -0.150362231970E+02  0.108027875200E+01  0.160051501580E+02  0.707106899348E+00
 -0.141319945470E+02  0.144788798000E+01  0.162768869100E+02  0.100000000000E+01
 -0.134132749600E+02  0.131778406200E+01  0.166931752470E+02  0.707106882066E+00
 -0.131714859530E+02  0.628101687000E+00  0.171395872840E+02  0.100000000000E+01
 -0.127820291530E+02 -0.385845816000E+00  0.170602319930E+02  0.707106799655E+00
 -0.136908109330E+02 -0.833506597000E+00  0.166809421370E+02  0.100000000000E+01
           1
           2
           3
           4
           5
           6
           7
           8
           9
          10
          11
          12
          13
          14
          15
          16
          17
          18
          19
          20
          21
          22
          23
          24
          25
          26
          27
          28
          29
          30
          31
          32
          33
          34
          35
          36
          37
          38
          39
          40
          41
          42
          43
          44
          45
          46
          47
          48
          49
          50
          51
          52
          53
          54
          55
          56
          57
          58
          59
          60
          61
          62
          63
          64
          65
          66
          67
          68
          69
          70
          71
          72
          73
          74
          75
          76
          77
          78
          79
          80
          81
          82
          83
          84
          85
          86
          87
          88
          89
          90
          91
          92
          93
          94
          95
          96
          97
          98
          99
         100
         101
         102
         103
         104
         105
         106
         107
         108
         109
         110
         111
         112
         113
         114
         115
         116
         117
         118
         119
         120
         121
         122
         123
         124
         125
         126
         127
         128
         129
         130
         131
         132
         133
         134
         135
         136
         137
         138
         139
         140
         141
         142
         143
         144
         145
         146
         147
         148
         149
         150
         151
         152
         153
         154
         155
         156
         157
         158
         159
         160
         161
         162
         163
         164
         165
         166
         167
         168
         169
         170
         171
         172
         173
         174
         175
         176
         177
         178
         179
         180
         181
         182
         183
         184
         185
         186
         187
         188
         189
         190
         191
         192
         193
         194
         195
         196
         197
         198
         199
         200
         201
         202
         203
         204
         205
         206
         207
         208
         209
         210
         211
         212
         213
         214
         215
         216
         217
         218
         219
         220
         221
         222
         223
         224
         225
         226
         227
         228
         229
         230
         231
         232
         233
         234
         235
         236
         237
         238
         239
         240
         241
         242
         243
         244
         245
         246
         247
         248
         249
         250
         251
         252
         253
         254
         255
         256
         257
         258
         259
         260
         261
         262
         263
         264
         265
         266
         267
         268
         269
         270
         271
         272
         273
         274
         275
         276
         277
         278
         279
         280
         281
         282
         283
         284
         285
         286
         287
         288
         289
         290
         291
         292
         293
         294
         295
         296
         297
         298
         299
         300
         301
         302
         303
         304
         305
         306
         307
         308
         309
         310
         311
         312
         313
         314
         315
         316
         317
         318
         319
         320
         321
         322
         323
         324
         325
         326
         327
         328
         329
         330
         331
         332
         333
         334
         335
         336
         337
         338
         339
         340
         341
         342
         343
         344
         345
         346
         347
         348
         349
         350
         351
         352
         353
         354
         355
         356
         357
         358
         359
         360
         361
         362
         363
         364
         365
         366
         367
         368
         369
         370
         371
         372
         373
         374
         375
         376
         377
         378
         379
         380
         381
         382
         383
         384
         385
         386
         387
         388
         389
         390
         391
         392
         393
         394
         395
         396
         397
         398
         399
         400
         401
         402
         403
         404
         405
         406
         407
         408
         409
         410
         411
         412
         413
         414
         415
         416
         417
         418
         419
         420
         421
         422
         423
         424
         425
         426
         427
         428
         429
         430
         431
         432
         433
         434
         435
         436
         437
         438
         439
         440
         441
         442
         443
         444
         445
         446
         447
         448
         449
         450
 1 0 0
 0 0 0
 0 0 0
 0 0 0
 0 0 0
 0 0 0
 0 0 0
 0 0 0
 0 0 0
 0 0 0
 0 0 0
 0 0 0
 0 0 0
 0 0 0
 0 0 0
 0 0 0
 0 0 0
 0 0 0
 0 0 0
 0 0 0
 0 0 0
 0 0 0
 0 0 0
 0 0 0
 0 0 0
 0 0 0
 0 0 0
 0 0 0
 0 0 0
 0 0 0
 0 0 0
 0 0 0
 0 0 0
 0 0 0
 0 0 0
 0 0 0
 0 0 0
 0 0 0
 0 0 0
 0 0 0
 0 0 0
 0 0 0
 0 0 0
 0 0 0
 0 0 0
 0 0 0
 0 0 0
 0 0 0
 0 0 0
 0 0 0
 0 0 0
 0 0 0
 0 0 0
 0 0 0
 0 0 0
 0 0 0
 0 0 0
 0 0 0
 0 0 0
 0 0 0
 0 0 0
 0 0 0
 0 0 0
 0 0 0
 0 0 0
 0 0 0
 0 0 0
 0 0 0
 0 0 0
 0 0 0
 0 0 0
 0 0 0
 0 0 0
 0 0 0
 0 0 0
 0 0 0
 0 0 0
 0 0 0
 0 0 0
 0 0 0
 0 0 0
 0 0 0
 0 0 0
 0 0 0
 0 0 0
 0 0 0
 0 0 0
 0 0 0
 0 0 0
 0 0 0
 0 0 0
 0 0 0
 0 0 0
 0 0 0
 0 0 0
 0 0 0
 0 0 0
 0 0 0
 0 0 0
 0 0 0
 0 0 0
 0 0 0
 0 0 0
 0 0 0
 0 0 0
 0 0 0
 0 0 0
 0 0 0
 0 0 0
 0 0 0
 0 0 0
 0 0 0
 0 0 0
 0 0 0
 0 0 0
 0 0 0
 0 0 0
 0 0 0
 0 0 0
 0 0 0
 0 0 0
 0 0 0
 0 0 0
 0 0 0
 0 0 0
 0 0 0
 0 0 0
 0 0 0
 0 0 0
 0 0 0
 0 0 0
 0 0 0
 0 0 0
 0 0 0
 0 0 0
 0 0 0
 0 0 0
 0 0 0
 0 0 0
 0 0 0
 0 0 0
 0 0 0
 0 0 0
 0 0 0
 0 0 0
 0 0 0
 0 0 0
 0 0 0
 0 0 0
 0 0 0
 0 0 0
 0 0 0
 0 0 0
 0 0 0
 0 0 0
 0 0 0
 0 0 0
 0 0 0
 0 0 0
 0 0 0
 0 0 0
 0 0 0
 0 0 0
 0 0 0
 0 0 0
 0 0 0
 0 0 0
 0 0 0
 0 0 0
 0 0 0
 0 0 0
 0 0 0
 0 0 0
 0 0 0
 0 0 0
 0 0 0
 0 0 0
 0 0 0
 0 0 0
 0 0 0
 0 0 0
 0 0 0
 0 0 0
 0 0 0
 0 0 0
 0 0 0
 0 0 0
 0 0 0
 0 0 0
 0 0 0
 0 0 0
 0 0 0
 0 0 0
 0 0 0
 0 0 0
 0 0 0
 0 0 0
 0 0 0
 0 0 0
 0 0 0
 0 0 0
 0 0 0
 0 0 0
 0 0 0
 0 0 0
 0 0 0
 0 0 0
 0 0 0
 0 0 0
 0 0 0
 0 0 0
 0 0 0
 0 0 0
 0 0 0
 0 0 0
 0 0 0
 0 0 0
 0 0 0
 0 0 0
 0 0 0
 0 0 0
 0 0 0
 0 0 0
 0 0 0
 0 0 0
 0 0 0
 0 0 0
 0 0 0
 0 0 0
 0 0 0
 0 0 0
 0 0 0
 0 0 0
 0 0 0
 0 0 0
 0 0 0
 0 0 0
 0 0 0
 0 0 0
 0 0 0
 0 0 0
 0 0 0
 0 0 0
 0 0 0
 0 0 0
 0 0 0
 0 0 0
 0 0 0
 0 0 0
 0 0 0
 0 0 0
 0 0 0
 0 0 0
 0 0 0
 0 0 0
 0 0 0
 0 0 0
 0 0 0
 0 0 0
 0 0 0
 0 0 0
 0 0 0
 0 0 0
 0 0 0
 0 0 0
 0 0 0
 0 0 0
 0 0 0
 0 0 0
 0 0 0
 0 0 0
 0 0 0
 0 0 0
 0 0 0
 0 0 0
 0 0 0
 0 0 0
 0 0 0
 0 0 0
 0 0 0
 0 0 0
 0 0 0
 0 0 0
 0 0 0
 0 0 0
 0 0 0
 0 0 0
 0 0 0
 0 0 0
 0 0 0
 0 0 0
 0 0 0
 0 0 0
 0 0 0
 0 0 0
 0 0 0
 0 0 0
 0 0 0
 0 0 0
 0 0 0
 0 0 0
 0 0 0
 0 0 0
 0 0 0
 0 0 0
 0 0 0
 0 0 0
 0 0 0
 0 0 0
 0 0 0
 0 0 0
 0 0 0
 0 0 0
 0 0 0
 0 0 0
 0 0 0
 0 0 0
 0 0 0
 0 0 0
 0 0 0
 0 0 0
 0 0 0
 0 0 0
 0 0 0
 0 0 0
 0 0 0
 0 0 0
 0 0 0
 0 0 0
 0 0 0
 0 0 0
 0 0 0
 0 0 0
 0 0 0
 0 0 0
 0 0 0
 0 0 0
 0 0 0
 0 0 0
 0 0 0
 0 0 0
 0 0 0
 0 0 0
 0 0 0
 0 0 0
 0 0 0
 0 0 0
 0 0 0
 0 0 0
 0 0 0
 0 0 0
 0 0 0
 0 0 0
 0 0 0
 0 0 0
 0 0 0
 0 0 0
 0 0 0
 0 0 0
 0 0 0
 0 0 0
 0 0 0
 0 0 0
 0 0 0
 0 0 0
 0 0 0
 0 0 0
 0 0 0
 0 0 0
 0 0 0
 0 0 0
 0 0 0
 0 0 0
 0 0 0
 0 0 0
 0 0 0
 0 0 0
 0 0 0
 0 0 0
 0 0 0
 0 0 0
 0 0 0
 0 0 0
 0 0 0
 0 0 0
 0 0 0
 0 0 0
 0 0 0
 0 0 0
 0 0 0
 0 0 0
 0 0 0
 0 0 0
 0 0 0
 0 0 0
 0 0 0
 0 0 0
 0 0 0
 0 0 0
 0 0 0
 0 0 0
 0 0 0
 0 0 0
 0 0 0
 0 0 0
 0 0 0
 0 0 0
 0 0 0
 0 0 0
 0 0 0
 0 0 0
 0 0 0
 0 0 0
 0 0 0
 0 0 0
 0 0 0
 0 0 0
 0 0 0
 0 0 0
 0 0 0
 0 0 0
 0 0 0
 0 0 0
 0 0 0
 0 0 0
 0 0 0
 0 0 0
 0 0 0
 0 0 0
 0 0 0
 0 0 0
 0 0 0
 0 0 0
 0 0 0
 0 0 0
 0 0 0
 0 0 0
 0 0 0
 0 0 0
 0 0 0
 0 0 0
 0 0 0
 0 0 0
 0 0 0
 0 0 0
 0 0 0
 0 0 0
 0 0 0
 0 0 0
 0 0 0
 0 0 0
  0.000000000  0.000000000  0.000000000
  0.000000000  0.000000000  0.000000000
  0.000000000  0.000000000  0.000000000
  0.000000000  0.000000000  0.000000000
  0.000000000  0.000000000  0.000000000
  0.000000000  0.000000000  0.000000000
  0.000000000  0.000000000  0.000000000
  0.000000000  0.000000000  0.000000000
  0.000000000  0.000000000  0.000000000
  0.000000000  0.000000000  0.000000000
  0.000000000  0.000000000  0.000000000
  0.000000000  0.000000000  0.000000000
  0.000000000  0.000000000  0.000000000
  0.000000000  0.000000000  0.000000000
  0.000000000  0.000000000  0.000000000
  0.000000000  0.000000000  0.000000000
  0.000000000  0.000000000  0.000000000
  0.000000000  0.000000000  0.000000000
  0.000000000  0.000000000  0.000000000
  0.000000000  0.000000000  0.000000000
  0.000000000  0.000000000  0.000000000
  0.000000000  0.000000000  0.000000000
  0.000000000  0.000000000  0.000000000
  0.000000000  0.000000000  0.000000000
  0.000000000  0.000000000  0.000000000
  0.000000000  0.000000000  0.000000000
  0.000000000  0.000000000  0.000000000
  0.000000000  0.000000000  0.000000000
  0.000000000  0.000000000  0.000000000
  0.000000000  0.000000000  0.000000000
  0.000000000  0.000000000  0.000000000
  0.000000000  0.000000000  0.000000000
  0.000000000  0.000000000  0.000000000
  0.000000000  0.000000000  0.000000000
  0.000000000  0.000000000  0.000000000
  0.000000000  0.000000000  0.000000000
  0.000000000  0.000000000  0.000000000
  0.000000000  0.000000000  0.000000000
  0.000000000  0.000000000  0.000000000
  0.000000000  0.000000000  0.000000000
  0.000000000  0.000000000  0.000000000
  0.000000000  0.000000000  0.000000000
  0.000000000  0.000000000  0.000000000
  0.000000000  0.000000000  0.000000000
  0.000000000  0.000000000  0.000000000
  0.000000000  0.000000000  0.000000000
  0.000000000  0.000000000  0.000000000
  0.000000000  0.000000000  0.000000000
  0.000000000  0.000000000  0.000000000
  0.000000000  0.000000000  0.000000000
  0.000000000  0.000000000  0.000000000
  0.000000000  0.000000000  0.000000000
  0.000000000  0.000000000  0.000000000
  0.000000000  0.000000000  0.000000000
  0.000000000  0.000000000  0.000000000
  0.000000000  0.000000000  0.000000000
  0.000000000  0.000000000  0.000000000
  0.000000000  0.000000000  0.000000000
  0.000000000  0.000000000  0.000000000
  0.000000000  0.000000000  0.000000000
  0.000000000  0.000000000  0.000000000
  0.000000000  0.000000000  0.000000000
  0.000000000  0.000000000  0.000000000
  0.000000000  0.000000000  0.000000000
  0.000000000  0.000000000  0.000000000
  0.000000000  0.000000000  0.000000000
  0.000000000  0.000000000  0.000000000
  0.000000000  0.000000000  0.000000000
  0.000000000  0.000000000  0.000000000
  0.000000000  0.000000000  0.000000000
  0.000000000  0.000000000  0.000000000
  0.000000000  0.000000000  0.000000000
  0.000000000  0.000000000  0.000000000
  0.000000000  0.000000000  0.000000000
  0.000000000  0.000000000  0.000000000
  0.000000000  0.000000000  0.000000000
  0.000000000  0.000000000  0.000000000
  0.000000000  0.000000000  0.000000000
  0.000000000  0.000000000  0.000000000
  0.000000000  0.000000000  0.000000000
  0.000000000  0.000000000  0.000000000
  0.000000000  0.000000000  0.000000000
  0.000000000  0.000000000  0.000000000
  0.000000000  0.000000000  0.000000000
  0.000000000  0.000000000  0.000000000
  0.000000000  0.000000000  0.000000000
  0.000000000  0.000000000  0.000000000
  0.000000000  0.000000000  0.000000000
  0.000000000  0.000000000  0.000000000
  0.000000000  0.000000000  0.000000000
  0.000000000  0.000000000  0.000000000
  0.000000000  0.000000000  0.000000000
  0.000000000  0.000000000  0.000000000
  0.000000000  0.000000000  0.000000000
  0.000000000  0.000000000  0.000000000
  0.000000000  0.000000000  0.000000000
  0.000000000  0.000000000  0.000000000
  0.000000000  0.000000000  0.000000000
  0.000000000  0.000000000  0.000000000
  0.000000000  0.000000000  0.000000000
  0.000000000  0.000000000  0.000000000
  0.000000000  0.000000000  0.000000000
  0.000000000  0.000000000  0.000000000
  0.000000000  0.000000000  0.000000000
  0.000000000  0.000000000  0.000000000
  0.000000000  0.000000000  0.000000000
  0.000000000  0.000000000  0.000000000
  0.000000000  0.000000000  0.000000000
  0.000000000  0.000000000  0.000000000
  0.000000000  0.000000000  0.000000000
  0.000000000  0.000000000  0.000000000
  0.000000000  0.000000000  0.000000000
  0.000000000  0.000000000  0.000000000
  0.000000000  0.000000000  0.000000000
  0.000000000  0.000000000  0.000000000
  0.000000000  0.000000000  0.000000000
  0.000000000  0.000000000  0.000000000
  0.000000000  0.000000000  0.000000000
  0.000000000  0.000000000  0.000000000
  0.000000000  0.000000000  0.000000000
  0.000000000  0.000000000  0.000000000
  0.000000000  0.000000000  0.000000000
  0.000000000  0.000000000  0.000000000
  0.000000000  0.000000000  0.000000000
  0.000000000  0.000000000  0.000000000
  0.000000000  0.000000000  0.000000000
  0.000000000  0.000000000  0.000000000
  0.000000000  0.000000000  0.000000000
  0.000000000  0.000000000  0.000000000
  0.000000000  0.000000000  0.000000000
  0.000000000  0.000000000  0.000000000
  0.000000000  0.000000000  0.000000000
  0.000000000  0.000000000  0.000000000
  0.000000000  0.000000000  0.000000000
  0.000000000  0.000000000  0.000000000
  0.000000000  0.000000000  0.000000000
  0.000000000  0.000000000  0.000000000
  0.000000000  0.000000000  0.000000000
  0.000000000  0.000000000  0.000000000
  0.000000000  0.000000000  0.000000000
  0.000000000  0.000000000  0.000000000
  0.000000000  0.000000000  0.000000000
  0.000000000  0.000000000  0.000000000
  0.000000000  0.000000000  0.000000000
  0.000000000  0.000000000  0.000000000
  0.000000000  0.000000000  0.000000000
  0.000000000  0.000000000  0.000000000
  0.000000000  0.000000000  0.000000000
  0.000000000  0.000000000  0.000000000
  0.000000000  0.000000000  0.000000000
  0.000000000  0.000000000  0.000000000
  0.000000000  0.000000000  0.000000000
  0.000000000  0.000000000  0.000000000
  0.000000000  0.000000000  0.000000000
  0.000000000  0.000000000  0.000000000
  0.000000000  0.000000000  0.000000000
  0.000000000  0.000000000  0.000000000
  0.000000000  0.000000000  0.000000000
  0.000000000  0.000000000  0.000000000
  0.000000000  0.000000000  0.000000000
  0.000000000  0.000000000  0.000000000
  0.000000000  0.000000000  0.000000000
  0.000000000  0.000000000  0.000000000
  0.000000000  0.000000000  0.000000000
  0.000000000  0.000000000  0.000000000
  0.000000000  0.000000000  0.000000000
  0.000000000  0.000000000  0.000000000
  0.000000000  0.000000000  0.000000000
  0.000000000  0.000000000  0.000000000
  0.000000000  0.000000000  0.000000000
  0.000000000  0.000000000  0.000000000
  0.000000000  0.000000000  0.000000000
  0.000000000  0.000000000  0.000000000
  0.000000000  0.000000000  0.000000000
  0.000000000  0.000000000  0.000000000
  0.000000000  0.000000000  0.000000000
  0.000000000  0.000000000  0.000000000
  0.000000000  0.000000000  0.000000000
  0.000000000  0.000000000  0.000000000
  0.000000000  0.000000000  0.000000000
  0.000000000  0.000000000  0.000000000
  0.000000000  0.000000000  0.000000000
  0.000000000  0.000000000  0.000000000
  0.000000000  0.000000000  0.000000000
  0.000000000  0.000000000  0.000000000
  0.000000000  0.000000000  0.000000000
  0.000000000  0.000000000  0.000000000
  0.000000000  0.000000000  0.000000000
  0.000000000  0.000000000  0.000000000
  0.000000000  0.000000000  0.000000000
  0.000000000  0.000000000  0.000000000
  0.000000000  0.000000000  0.000000000
  0.000000000  0.000000000  0.000000000
  0.000000000  0.000000000  0.000000000
  0.000000000  0.000000000  0.000000000
  0.000000000  0.000000000  0.000000000
  0.000000000  0.000000000  0.000000000
  0.000000000  0.000000000  0.000000000
  0.000000000  0.000000000  0.000000000
  0.000000000  0.000000000  0.000000000
  0.000000000  0.000000000  0.000000000
  0.000000000  0.000000000  0.000000000
  0.000000000  0.000000000  0.000000000
  0.000000000  0.000000000  0.000000000
  0.000000000  0.000000000  0.000000000
  0.000000000  0.000000000  0.000000000
  0.000000000  0.000000000  0.000000000
  0.000000000  0.000000000  0.000000000
  0.000000000  0.000000000  0.000000000
  0.000000000  0.000000000  0.000000000
  0.000000000  0.000000000  0.000000000
  0.000000000  0.000000000  0.000000000
  0.000000000  0.000000000  0.000000000
  0.000000000  0.000000000  0.000000000
  0.000000000  0.000000000  0.000000000
  0.000000000  0.000000000  0.000000000
  0.000000000  0.000000000  0.000000000
  0.000000000  0.000000000  0.000000000
  0.000000000  0.000000000  0.000000000
  0.000000000  0.000000000  0.000000000
  0.000000000  0.000000000  0.000000000
  0.000000000  0.000000000  0.000000000
  0.000000000  0.000000000  0.000000000
  0.000000000  0.000000000  0.000000000
  0.000000000  0.000000000  0.000000000
  0.000000000  0.000000000  0.000000000
  0.000000000  0.000000000  0.000000000
  0.000000000  0.000000000  0.000000000
  0.000000000  0.000000000  0.000000000
  0.000000000  0.000000000  0.000000000
  0.000000000  0.000000000  0.000000000
  0.000000000  0.000000000  0.000000000
  0.000000000  0.000000000  0.000000000
  0.000000000  0.000000000  0.000000000
  0.000000000  0.000000000  0.000000000
  0.000000000  0.000000000  0.000000000
  0.000000000  0.000000000  0.000000000
  0.000000000  0.000000000  0.000000000
  0.000000000  0.000000000  0.000000000
  0.000000000  0.000000000  0.000000000
  0.000000000  0.000000000  0.000000000
  0.000000000  0.000000000  0.000000000
  0.000000000  0.000000000  0.000000000
  0.000000000  0.000000000  0.000000000
  0.000000000  0.000000000  0.000000000
  0.000000000  0.000000000  0.000000000
  0.000000000  0.000000000  0.000000000
  0.000000000  0.000000000  0.000000000
  0.000000000  0.000000000  0.000000000
  0.000000000  0.000000000  0.000000000
  0.000000000  0.000000000  0.000000000
  0.000000000  0.000000000  0.000000000
  0.000000000  0.000000000  0.000000000
  0.000000000  0.000000000  0.000000000
  0.000000000  0.000000000  0.000000000
  0.000000000  0.000000000  0.000000000
  0.000000000  0.000000000  0.000000000
  0.000000000  0.000000000  0.000000000
  0.000000000  0.000000000  0.000000000
  0.000000000  0.000000000  0.000000000
  0.000000000  0.000000000  0.000000000
  0.000000000  0.000000000  0.000000000
  0.000000000  0.000000000  0.000000000
  0.000000000  0.000000000  0.000000000
  0.000000000  0.000000000  0.000000000
  0.000000000  0.000000000  0.000000000
  0.000000000  0.000000000  0.000000000
  0.000000000  0.000000000  0.000000000
  0.000000000  0.000000000  0.000000000
  0.000000000  0.000000000  0.000000000
  0.000000000  0.000000000  0.000000000
  0.000000000  0.000000000  0.000000000
  0.000000000  0.000000000  0.000000000
  0.000000000  0.000000000  0.000000000
  0.000000000  0.000000000  0.000000000
  0.000000000  0.000000000  0.000000000
  0.000000000  0.000000000  0.000000000
  0.000000000  0.000000000  0.000000000
  0.000000000  0.000000000  0.000000000
  0.000000000  0.000000000  0.000000000
  0.000000000  0.000000000  0.000000000
  0.000000000  0.000000000  0.000000000
  0.000000000  0.000000000  0.000000000
  0.000000000  0.000000000  0.000000000
  0.000000000  0.000000000  0.000000000
  0.000000000  0.000000000  0.000000000
  0.000000000  0.000000000  0.000000000
  0.000000000  0.000000000  0.000000000
  0.000000000  0.000000000  0.000000000
  0.000000000  0.000000000  0.000000000
  0.000000000  0.000000000  0.000000000
  0.000000000  0.000000000  0.000000000
  0.000000000  0.000000000  0.000000000
  0.000000000  0.000000000  0.000000000
  0.000000000  0.000000000  0.000000000
  0.000000000  0.000000000  0.000000000
  0.000000000  0.000000000  0.000000000
  0.000000000  0.000000000  0.000000000
  0.000000000  0.000000000  0.000000000
  0.000000000  0.000000000  0.000000000
  0.000000000  0.000000000  0.000000000
  0.000000000  0.000000000  0.000000000
  0.000000000  0.000000000  0.000000000
  0.000000000  0.000000000  0.000000000
  0.000000000  0.000000000  0.000000000
  0.000000000  0.000000000  0.000000000
  0.000000000  0.000000000  0.000000000
  0.000000000  0.000000000  0.000000000
  0.000000000  0.000000000  0.000000000
  0.000000000  0.000000000  0.000000000
  0.000000000  0.000000000  0.000000000
  0.000000000  0.000000000  0.000000000
  0.000000000  0.000000000  0.000000000
  0.000000000  0.000000000  0.000000000
  0.000000000  0.000000000  0.000000000
  0.000000000  0.000000000  0.000000000
  0.000000000  0.000000000  0.000000000
  0.000000000  0.000000000  0.000000000
  0.000000000  0.000000000  0.000000000
  0.000000000  0.000000000  0.000000000
  0.000000000  0.000000000  0.000000000
  0.000000000  0.000000000  0.000000000
  0.000000000  0.000000000  0.000000000
  0.000000000  0.000000000  0.000000000
  0.000000000  0.000000000  0.000000000
  0.000000000  0.000000000  0.000000000
  0.000000000  0.000000000  0.000000000
  0.000000000  0.000000000  0.000000000
  0.000000000  0.000000000  0.000000000
  0.000000000  0.000000000  0.000000000
  0.000000000  0.000000000  0.000000000
  0.000000000  0.000000000  0.000000000
  0.000000000  0.000000000  0.000000000
  0.000000000  0.000000000  0.000000000
  0.000000000  0.000000000  0.000000000
  0.000000000  0.000000000  0.000000000
  0.000000000  0.000000000  0.000000000
  0.000000000  0.000000000  0.000000000
  0.000000000  0.000000000  0.000000000
  0.000000000  0.000000000  0.000000000
  0.000000000  0.000000000  0.000000000
  0.000000000  0.000000000  0.000000000
  0.000000000  0.000000000  0.000000000
  0.000000000  0.000000000  0.000000000
  0.000000000  0.000000000  0.000000000
  0.000000000  0.000000000  0.000000000
  0.000000000  0.000000000  0.000000000
  0.000000000  0.000000000  0.000000000
  0.000000000  0.000000000  0.000000000
  0.000000000  0.000000000  0.000000000
  0.000000000  0.000000000  0.000000000
  0.000000000  0.000000000  0.000000000
  0.000000000  0.000000000  0.000000000
  0.000000000  0.000000000  0.000000000
  0.000000000  0.000000000  0.000000000
  0.000000000  0.000000000  0.000000000
  0.000000000  0.000000000  0.000000000
  0.000000000  0.000000000  0.000000000
  0.000000000  0.000000000  0.000000000
  0.000000000  0.000000000  0.000000000
  0.000000000  0.000000000  0.000000000
  0.000000000  0.000000000  0.000000000
  0.000000000  0.000000000  0.000000000
  0.000000000  0.000000000  0.000000000
  0.000000000  0.000000000  0.000000000
  0.000000000  0.000000000  0.000000000
  0.000000000  0.000000000  0.000000000
  0.000000000  0.000000000  0.000000000
  0.000000000  0.000000000  0.000000000
  0.000000000  0.000000000  0.000000000
  0.000000000  0.000000000  0.000000000
  0.000000000  0.000000000  0.000000000
  0.000000000  0.000000000  0.000000000
  0.000000000  0.000000000  0.000000000
  0.000000000  0.000000000  0.000000000
  0.000000000  0.000000000  0.000000000
  0.000000000  0.000000000  0.000000000
  0.000000000  0.000000000  0.000000000
  0.000000000  0.000000000  0.000000000
  0.000000000  0.000000000  0.000000000
  0.000000000  0.000000000  0.000000000
  0.000000000  0.000000000  0.000000000
  0.000000000  0.000000000  0.000000000
  0.000000000  0.000000000  0.000000000
  0.000000000  0.000000000  0.000000000
  0.000000000  0.000000000  0.000000000
  0.000000000  0.000000000  0.000000000
  0.000000000  0.000000000  0.000000000
  0.000000000  0.000000000  0.000000000
  0.000000000  0.000000000  0.000000000
  0.000000000  0.000000000  0.000000000
  0.000000000  0.000000000  0.000000000
  0.000000000  0.000000000  0.000000000
  0.000000000  0.000000000  0.000000000
  0.000000000  0.000000000  0.000000000
  0.000000000  0.000000000  0.000000000
  0.000000000  0.000000000  0.000000000
  0.000000000  0.000000000  0.000000000
  0.000000000  0.000000000  0.000000000
  0.000000000  0.000000000  0.000000000
  0.000000000  0.000000000  0.000000000
  0.000000000  0.000000000  0.000000000
  0.000000000  0.000000000  0.000000000
  0.000000000  0.000000000  0.000000000
  0.000000000  0.000000000  0.000000000
  0.000000000  0.000000000  0.000000000
  0.000000000  0.000000000  0.000000000
  0.000000000  0.000000000  0.000000000
  0.000000000  0.000000000  0.000000000
  0.000000000  0.000000000  0.000000000
  0.000000000  0.000000000  0.000000000
  0.000000000  0.000000000  0.000000000
  0.000000000  0.000000000  0.000000000
  0.000000000  0.000000000  0.000000000
  0.000000000  0.000000000  0.000000000
  0.000000000  0.000000000  0.000000000
  0.000000000  0.000000000  0.000000000
  0.000000000  0.000000000  0.000000000
  0.000000000  0.000000000  0.000000000
  0.000000000  0.000000000  0.000000000
  0.000000000  0.000000000  0.000000000
  0.000000000  0.000000000  0.000000000
  0.000000000  0.000000000  0.000000000
  0.000000000  0.000000000  0.000000000
  0.000000000  0.000000000  0.000000000
  0.000000000  0.000000000  0.000000000
  0.000000000  0.000000000  0.000000000
  0.000000000  0.000000000  0.000000000
  0.000000000  0.000000000  0.000000000
  0.000000000  0.000000000  0.000000000
  0.000000000  0.000000000  0.000000000
  0.000000000  0.000000000  0.000000000
  0.000000000  0.000000000  0.000000000
  0.000000000  0.000000000  0.000000000
  0.000000000  0.000000000  0.000000000
  0.000000000  0.000000000  0.000000000
  0.000000000  0.000000000  0.000000000
  0.000000000  0.000000000  0.000000000
  0.000000000  0.000000000  0.000000000
  0.000000000  0.000000000  0.000000000
  0.000000000  0.000000000  0.000000000
  0.000000000  0.000000000  0.000000000
  0.000000000  0.000000000  0.000000000
  0.000000000  0.000000000  0.000000000
  0.000000000  0.000000000  0.000000000
  0.000000000  0.000000000  0.000000000
  0.000000000  0.000000000  0.000000000
  0.000000000  0.000000000  0.000000000
  0.000000000  0.000000000  0.000000000
  0.000000000  0.000000000  0.000000000
 0 0 0
 0 0 0
 0 0 0
 0 0 0
 0 0 0
 0 0 0
 0 0 0
 0 0 0
 0 0 0
 0 0 0
 0 0 0
 0 0 0
 0 0 0
 0 0 0
 0 0 0
 0 0 0
 0 0 0
 0 0 0
 0 0 0
 0 0 0
 0 0 0
 0 0 0
 0 0 0
 0 0 0
 0 0 0
 0 0 0
 0 0 0
 0 0 0
 0 0 0
 0 0 0
 0 0 0
 0 0 0
 0 0 0
 0 0 0
 0 0 0
 0 0 0
 0 0 0
 0 0 0
 0 0 0
 0 0 0
 0 0 0
 0 0 0
 0 0 0
 0 0 0
 0 0 0
 0 0 0
 0 0 0
 0 0 0
 0 0 0
 0 0 0
 0 0 0
 0 0 0
 0 0 0
 0 0 0
 0 0 0
 0 0 0
 0 0 0
 0 0 0
 0 0 0
 0 0 0
 0 0 0
 0 0 0
 0 0 0
 0 0 0
 0 0 0
 0 0 0
 0 0 0
 0 0 0
 0 0 0
 0 0 0
 0 0 0
 0 0 0
 0 0 0
 0 0 0
 0 0 0
 0 0 0
 0 0 0
 0 0 0
 0 0 0
 0 0 0
 0 0 0
 0 0 0
 0 0 0
 0 0 0
 0 0 0
 0 0 0
 0 0 0
 0 0 0
 0 0 0
 0 0 0
 0 0 0
 0 0 0
 0 0 0
 0 0 0
 0 0 0
 0 0 0
 0 0 0
 0 0 0
 0 0 0
 0 0 0
 0 0 0
 0 0 0
 0 0 0
 0 0 0
 0 0 0
 0 0 0
 0 0 0
 0 0 0
 0 0 0
 0 0 0
 0 0 0
 0 0 0
 0 0 0
 0 0 0
 0 0 0
 0 0 0
 0 0 0
 0 0 0
 0 0 0
 0 0 0
 0 0 0
 0 0 0
 0 0 0
 0 0 0
 0 0 0
 0 0 0
 0 0 0
 0 0 0
 0 0 0
 0 0 0
 0 0 0
 0 0 0
 0 0 0
 0 0 0
 0 0 0
 0 0 0
 0 0 0
 0 0 0
 0 0 0
 0 0 0
 0 0 0
 0 0 0
 0 0 0
 0 0 0
 0 0 0
 0 0 0
 0 0 0
 0 0 0
 0 0 0
 0 0 0
 0 0 0
 0 0 0
 0 0 0
 0 0 0
 0 0 0
 0 0 0
 0 0 0
 0 0 0
 0 0 0
 0 0 0
 0 0 0
 0 0 0
 0 0 0
 0 0 0
 0 0 0
 0 0 0
 0 0 0
 0 0 0
 0 0 0
 0 0 0
 0 0 0
 0 0 0
 0 0 0
 0 0 0
 0 0 0
 0 0 0
 0 0 0
 0 0 0
 0 0 0
 0 0 0
 0 0 0
 0 0 0
 0 0 0
 0 0 0
 0 0 0
 0 0 0
 0 0 0
 0 0 0
 0 0 0
 0 0 0
 0 0 0
 0 0 0
 0 0 0
 0 0 0
 0 0 0
 0 0 0
 0 0 0
 0 0 0
 0 0 0
 0 0 0
 0 0 0
 0 0 0
 0 0 0
 0 0 0
 0 0 0
 0 0 0
 0 0 0
 0 0 0
 0 0 0
 0 0 0
 0 0 0
 0 0 0
 0 0 0
 0 0 0
 0 0 0
 0 0 0
 0 0 0
 0 0 0
 0 0 0
 0 0 0
 0 0 0
 0 0 0
 0 0 0
 0 0 0
 0 0 0
 0 0 0
 0 0 0
 0 0 0
 0 0 0
 0 0 0
 0 0 0
 0 0 0
 0 0 0
 0 0 0
 0 0 0
 0 0 0
 0 0 0
 0 0 0
 0 0 0
 0 0 0
 0 0 0
 0 0 0
 0 0 0
 0 0 0
 0 0 0
 0 0 0
 0 0 0
 0 0 0
 0 0 0
 0 0 0
 0 0 0
 0 0 0
 0 0 0
 0 0 0
 0 0 0
 0 0 0
 0 0 0
 0 0 0
 0 0 0
 0 0 0
 0 0 0
 0 0 0
 0 0 0
 0 0 0
 0 0 0
 0 0 0
 0 0 0
 0 0 0
 0 0 0
 0 0 0
 0 0 0
 0 0 0
 0 0 0
 0 0 0
 0 0 0
 0 0 0
 0 0 0
 0 0 0
 0 0 0
 0 0 0
 0 0 0
 0 0 0
 0 0 0
 0 0 0
 0 0 0
 0 0 0
 0 0 0
 0 0 0
 0 0 0
 0 0 0
 0 0 0
 0 0 0
 0 0 0
 0 0 0
 0 0 0
 0 0 0
 0 0 0
 0 0 0
 0 0 0
 0 0 0
 0 0 0
 0 0 0
 0 0 0
 0 0 0
 0 0 0
 0 0 0
 0 0 0
 0 0 0
 0 0 0
 0 0 0
 0 0 0
 0 0 0
 0 0 0
 0 0 0
 0 0 0
 0 0 0
 0 0 0
 0 0 0
 0 0 0
 0 0 0
 0 0 0
 0 0 0
 0 0 0
 0 0 0
 0 0 0
 0 0 0
 0 0 0
 0 0 0
 0 0 0
 0 0 0
 0 0 0
 0 0 0
 0 0 0
 0 0 0
 0 0 0
 0 0 0
  0.000000000  0.000000000  0.000000000
  0.000000000  0.000000000  0.000000000
  0.000000000  0.000000000  0.000000000
  0.000000000  0.000000000  0.000000000
  0.000000000  0.000000000  0.000000000
  0.000000000  0.000000000  0.000000000
  0.000000000  0.000000000  0.000000000
  0.000000000  0.000000000  0.000000000
  0.000000000  0.000000000  0.000000000
  0.000000000  0.000000000  0.000000000
  0.000000000  0.000000000  0.000000000
  0.000000000  0.000000000  0.000000000
  0.000000000  0.000000000  0.000000000
  0.000000000  0.000000000  0.000000000
  0.000000000  0.000000000  0.000000000
  0.000000000  0.000000000  0.000000000
  0.000000000  0.000000000  0.000000000
  0.000000000  0.000000000  0.000000000
  0.000000000  0.000000000  0.000000000
  0.000000000  0.000000000  0.000000000
  0.000000000  0.000000000  0.000000000
  0.000000000  0.000000000  0.000000000
  0.000000000  0.000000000  0.000000000
  0.000000000  0.000000000  0.000000000
  0.000000000  0.000000000  0.000000000
  0.000000000  0.000000000  0.000000000
  0.000000000  0.000000000  0.000000000
  0.000000000  0.000000000  0.000000000
  0.000000000  0.000000000  0.000000000
  0.000000000  0.000000000  0.000000000
  0.000000000  0.000000000  0.000000000
  0.000000000  0.000000000  0.000000000
  0.000000000  0.000000000  0.000000000
  0.000000000  0.000000000  0.000000000
  0.000000000  0.000000000  0.000000000
  0.000000000  0.000000000  0.000000000
  0.000000000  0.000000000  0.000000000
  0.000000000  0.000000000  0.000000000
  0.000000000  0.000000000  0.000000000
  0.000000000  0.000000000  0.000000000
  0.000000000  0.000000000  0.000000000
  0.000000000  0.000000000  0.000000000
  0.000000000  0.000000000  0.000000000
  0.000000000  0.000000000  0.000000000
  0.000000000  0.000000000  0.000000000
  0.000000000  0.000000000  0.000000000
  0.000000000  0.000000000  0.000000000
  0.000000000  0.000000000  0.000000000
  0.000000000  0.000000000  0.000000000
  0.000000000  0.000000000  0.000000000
  0.000000000  0.000000000  0.000000000
  0.000000000  0.000000000  0.000000000
  0.000000000  0.000000000  0.000000000
  0.000000000  0.000000000  0.000000000
  0.000000000  0.000000000  0.000000000
  0.000000000  0.000000000  0.000000000
  0.000000000  0.000000000  0.000000000
  0.000000000  0.000000000  0.000000000
  0.000000000  0.000000000  0.000000000
  0.000000000  0.000000000  0.000000000
  0.000000000  0.000000000  0.000000000
  0.000000000  0.000000000  0.000000000
  0.000000000  0.000000000  0.000000000
  0.000000000  0.000000000  0.000000000
  0.000000000  0.000000000  0.000000000
  0.000000000  0.000000000  0.000000000
  0.000000000  0.000000000  0.000000000
  0.000000000  0.000000000  0.000000000
  0.000000000  0.000000000  0.000000000
  0.000000000  0.000000000  0.000000000
  0.000000000  0.000000000  0.000000000
  0.000000000  0.000000000  0.000000000
  0.000000000  0.000000000  0.000000000
  0.000000000  0.000000000  0.000000000
  0.000000000  0.000000000  0.000000000
  0.000000000  0.000000000  0.000000000
  0.000000000  0.000000000  0.000000000
  0.000000000  0.000000000  0.000000000
  0.000000000  0.000000000  0.000000000
  0.000000000  0.000000000  0.000000000
  0.000000000  0.000000000  0.000000000
  0.000000000  0.000000000  0.000000000
  0.000000000  0.000000000  0.000000000
  0.000000000  0.000000000  0.000000000
  0.000000000  0.000000000  0.000000000
  0.000000000  0.000000000  0.000000000
  0.000000000  0.000000000  0.000000000
  0.000000000  0.000000000  0.000000000
  0.000000000  0.000000000  0.000000000
  0.000000000  0.000000000  0.000000000
  0.000000000  0.000000000  0.000000000
  0.000000000  0.000000000  0.000000000
  0.000000000  0.000000000  0.000000000
  0.000000000  0.000000000  0.000000000
  0.000000000  0.000000000  0.000000000
  0.000000000  0.000000000  0.000000000
  0.000000000  0.000000000  0.000000000
  0.000000000  0.000000000  0.000000000
  0.000000000  0.000000000  0.000000000
  0.000000000  0.000000000  0.000000000
  0.000000000  0.000000000  0.000000000
  0.000000000  0.000000000  0.000000000
  0.000000000  0.000000000  0.000000000
  0.000000000  0.000000000  0.000000000
  0.000000000  0.000000000  0.000000000
  0.000000000  0.000000000  0.000000000
  0.000000000  0.000000000  0.000000000
  0.000000000  0.000000000  0.000000000
  0.000000000  0.000000000  0.000000000
  0.000000000  0.000000000  0.000000000
  0.000000000  0.000000000  0.000000000
  0.000000000  0.000000000  0.000000000
  0.000000000  0.000000000  0.000000000
  0.000000000  0.000000000  0.000000000
  0.000000000  0.000000000  0.000000000
  0.000000000  0.000000000  0.000000000
  0.000000000  0.000000000  0.000000000
  0.000000000  0.000000000  0.000000000
  0.000000000  0.000000000  0.000000000
  0.000000000  0.000000000  0.000000000
  0.000000000  0.000000000  0.000000000
  0.000000000  0.000000000  0.000000000
  0.000000000  0.000000000  0.000000000
  0.000000000  0.000000000  0.000000000
  0.000000000  0.000000000  0.000000000
  0.000000000  0.000000000  0.000000000
  0.000000000  0.000000000  0.000000000
  0.000000000  0.000000000  0.000000000
  0.000000000  0.000000000  0.000000000
  0.000000000  0.000000000  0.000000000
  0.000000000  0.000000000  0.000000000
  0.000000000  0.000000000  0.000000000
  0.000000000  0.000000000  0.000000000
  0.000000000  0.000000000  0.000000000
  0.000000000  0.000000000  0.000000000
  0.000000000  0.000000000  0.000000000
  0.000000000  0.000000000  0.000000000
  0.000000000  0.000000000  0.000000000
  0.000000000  0.000000000  0.000000000
  0.000000000  0.000000000  0.000000000
  0.000000000  0.000000000  0.000000000
  0.000000000  0.000000000  0.000000000
  0.000000000  0.000000000  0.000000000
  0.000000000  0.000000000  0.000000000
  0.000000000  0.000000000  0.000000000
  0.000000000  0.000000000  0.000000000
  0.000000000  0.000000000  0.000000000
  0.000000000  0.000000000  0.000000000
  0.000000000  0.000000000  0.000000000
  0.000000000  0.000000000  0.000000000
  0.000000000  0.000000000  0.000000000
  0.000000000  0.000000000  0.000000000
  0.000000000  0.000000000  0.000000000
  0.000000000  0.000000000  0.000000000
  0.000000000  0.000000000  0.000000000
  0.000000000  0.000000000  0.000000000
  0.000000000  0.000000000  0.000000000
  0.000000000  0.000000000  0.000000000
  0.000000000  0.000000000  0.000000000
  0.000000000  0.000000000  0.000000000
  0.000000000  0.000000000  0.000000000
  0.000000000  0.000000000  0.000000000
  0.000000000  0.000000000  0.000000000
  0.000000000  0.000000000  0.000000000
  0.000000000  0.000000000  0.000000000
  0.000000000  0.000000000  0.000000000
  0.000000000  0.000000000  0.000000000
  0.000000000  0.000000000  0.000000000
  0.000000000  0.000000000  0.000000000
  0.000000000  0.000000000  0.000000000
  0.000000000  0.000000000  0.000000000
  0.000000000  0.000000000  0.000000000
  0.000000000  0.000000000  0.000000000
  0.000000000  0.000000000  0.000000000
  0.000000000  0.000000000  0.000000000
  0.000000000  0.000000000  0.000000000
  0.000000000  0.000000000  0.000000000
  0.000000000  0.000000000  0.000000000
  0.000000000  0.000000000  0.000000000
  0.000000000  0.000000000  0.000000000
  0.000000000  0.000000000  0.000000000
  0.000000000  0.000000000  0.000000000
  0.000000000  0.000000000  0.000000000
  0.000000000  0.000000000  0.000000000
  0.000000000  0.000000000  0.000000000
  0.000000000  0.000000000  0.000000000
  0.000000000  0.000000000  0.000000000
  0.000000000  0.000000000  0.000000000
  0.000000000  0.000000000  0.000000000
  0.000000000  0.000000000  0.000000000
  0.000000000  0.000000000  0.000000000
  0.000000000  0.000000000  0.000000000
  0.000000000  0.000000000  0.000000000
  0.000000000  0.000000000  0.000000000
  0.000000000  0.000000000  0.000000000
  0.000000000  0.000000000  0.000000000
  0.000000000  0.000000000  0.000000000
  0.000000000  0.000000000  0.000000000
  0.000000000  0.000000000  0.000000000
  0.000000000  0.000000000  0.000000000
  0.000000000  0.000000000  0.000000000
  0.000000000  0.000000000  0.000000000
  0.000000000  0.000000000  0.000000000
  0.000000000  0.000000000  0.000000000
  0.000000000  0.000000000  0.000000000
  0.000000000  0.000000000  0.000000000
  0.000000000  0.000000000  0.000000000
  0.000000000  0.000000000  0.000000000
  0.000000000  0.000000000  0.000000000
  0.000000000  0.000000000  0.000000000
  0.000000000  0.000000000  0.000000000
  0.000000000  0.000000000  0.000000000
  0.000000000  0.000000000  0.000000000
  0.000000000  0.000000000  0.000000000
  0.000000000  0.000000000  0.000000000
  0.000000000  0.000000000  0.000000000
  0.000000000  0.000000000  0.000000000
  0.000000000  0.000000000  0.000000000
  0.000000000  0.000000000  0.000000000
  0.000000000  0.000000000  0.000000000
  0.000000000  0.000000000  0.000000000
  0.000000000  0.000000000  0.000000000
  0.000000000  0.000000000  0.000000000
  0.000000000  0.000000000  0.000000000
  0.000000000  0.000000000  0.000000000
  0.000000000  0.000000000  0.000000000
  0.000000000  0.000000000  0.000000000
  0.000000000  0.000000000  0.000000000
  0.000000000  0.000000000  0.000000000
  0.000000000  0.000000000  0.000000000
  0.000000000  0.000000000  0.000000000
  0.000000000  0.000000000  0.000000000
  0.000000000  0.000000000  0.000000000
  0.000000000  0.000000000  0.000000000
  0.000000000  0.000000000  0.000000000
  0.000000000  0.000000000  0.000000000
  0.000000000  0.000000000  0.000000000
  0.000000000  0.000000000  0.000000000
  0.000000000  0.000000000  0.000000000
  0.000000000  0.000000000  0.000000000
  0.000000000  0.000000000  0.000000000
  0.000000000  0.000000000  0.000000000
  0.000000000  0.000000000  0.000000000
  0.000000000  0.000000000  0.000000000
  0.000000000  0.000000000  0.000000000
  0.000000000  0.000000000  0.000000000
  0.000000000  0.000000000  0.000000000
  0.000000000  0.000000000  0.000000000
  0.000000000  0.000000000  0.000000000
  0.000000000  0.000000000  0.000000000
  0.000000000  0.000000000  0.000000000
  0.000000000  0.000000000  0.000000000
  0.000000000  0.000000000  0.000000000
  0.000000000  0.000000000  0.000000000
  0.000000000  0.000000000  0.000000000
  0.000000000  0.000000000  0.000000000
  0.000000000  0.000000000  0.000000000
  0.000000000  0.000000000  0.000000000
  0.000000000  0.000000000  0.000000000
  0.000000000  0.000000000  0.000000000
  0.000000000  0.000000000  0.000000000
  0.000000000  0.000000000  0.000000000
  0.000000000  0.000000000  0.000000000
  0.000000000  0.000000000  0.000000000
  0.000000000  0.000000000  0.000000000
  0.000000000  0.000000000  0.000000000
  0.000000000  0.000000000  0.000000000
  0.000000000  0.000000000  0.000000000
  0.000000000  0.000000000  0.000000000
  0.000000000  0.000000000  0.000000000
  0.000000000  0.000000000  0.000000000
  0.000000000  0.000000000  0.000000000
  0.000000000  0.000000000  0.000000000
  0.000000000  0.000000000  0.000000000
  0.000000000  0.000000000  0.000000000
  0.000000000  0.000000000  0.000000000
  0.000000000  0.000000000  0.000000000
  0.000000000  0.000000000  0.000000000
  0.000000000  0.000000000  0.000000000
  0.000000000  0.000000000  0.000000000
  0.000000000  0.000000000  0.000000000
  0.000000000  0.000000000  0.000000000
  0.000000000  0.000000000  0.000000000
  0.000000000  0.000000000  0.000000000
  0.000000000  0.000000000  0.000000000
  0.000000000  0.000000000  0.000000000
  0.000000000  0.000000000  0.000000000
  0.000000000  0.000000000  0.000000000
  0.000000000  0.000000000  0.000000000
  0.000000000  0.000000000  0.000000000
  0.000000000  0.000000000  0.000000000
  0.000000000  0.000000000  0.000000000
  0.000000000  0.000000000  0.000000000
  0.000000000  0.000000000  0.000000000
  0.000000000  0.000000000  0.000000000
  0.000000000  0.000000000  0.000000000
  0.000000000  0.000000000  0.000000000
  0.000000000  0.000000000  0.000000000
  0.000000000  0.000000000  0.000000000
  0.000000000  0.000000000  0.000000000
  0.000000000  0.000000000  0.000000000
  0.000000000  0.000000000  0.000000000
  0.000000000  0.000000000  0.000000000
  0.000000000  0.000000000  0.000000000
  0.000000000  0.000000000  0.000000000
  0.000000000  0.000000000  0.000000000
  0.000000000  0.000000000  0.000000000
  0.000000000  0.000000000  0.000000000
  0.000000000  0.000000000  0.000000000
  0.000000000  0.000000000  0.000000000
  0.000000000  0.000000000  0.000000000
  0.000000000  0.000000000  0.000000000
  0.000000000  0.000000000  0.000000000
  0.000000000  0.000000000  0.000000000
  0.000000000  0.000000000  0.000000000
  0.000000000  0.000000000  0.000000000
  0.000000000  0.000000000  0.000000000
  0.000000000  0.000000000  0.000000000
  0.000000000  0.000000000  0.000000000
  0.000000000  0.000000000  0.000000000
  0.000000000  0.000000000  0.000000000
  0.000000000  0.000000000  0.000000000
  0.000000000  0.000000000  0.000000000
  0.000000000  0.000000000  0.000000000
  0.000000000  0.000000000  0.000000000
  0.000000000  0.000000000  0.000000000
  0.000000000  0.000000000  0.000000000
  0.000000000  0.000000000  0.000000000
  0.000000000  0.000000000  0.000000000
  0.000000000  0.000000000  0.000000000
  0.000000000  0.000000000  0.000000000
  0.000000000  0.000000000  0.000000000
  0.000000000  0.000000000  0.000000000
  0.000000000  0.000000000  0.000000000
  0.000000000  0.000000000  0.000000000
  0.000000000  0.000000000  0.000000000
  0.000000000  0.000000000  0.000000000
  0.000000000  0.000000000  0.000000000
  0.000000000  0.000000000  0.000000000
  0.000000000  0.000000000  0.000000000
  0.000000000  0.000000000  0.000000000
  0.000000000  0.000000000  0.000000000
  0.000000000  0.000000000  0.000000000
  0.000000000  0.000000000  0.000000000
  0.000000000  0.000000000  0.000000000
  0.000000000  0.000000000  0.000000000
  0.000000000  0.000000000  0.000000000
  0.000000000  0.000000000  0.000000000
  0.000000000  0.000000000  0.000000000
  0.000000000  0.000000000  0.000000000
  0.000000000  0.000000000  0.000000000
  0.000000000  0.000000000  0.000000000
  0.000000000  0.000000000  0.000000000
  0.000000000  0.000000000  0.000000000
  0.000000000  0.000000000  0.000000000
  0.000000000  0.000000000  0.000000000
  0.000000000  0.000000000  0.000000000
  0.000000000  0.000000000  0.000000000
  0.000000000  0.000000000  0.000000000
  0.000000000  0.000000000  0.000000000
  0.000000000  0.000000000  0.000000000
  0.000000000  0.000000000  0.000000000
  0.000000000  0.000000000  0.000000000
  0.000000000  0.000000000  0.000000000
  0.000000000  0.000000000  0.000000000
  0.000000000  0.000000000  0.000000000
  0.000000000  0.000000000  0.000000000
  0.000000000  0.000000000  0.000000000
  0.000000000  0.000000000  0.000000000
  0.000000000  0.000000000  0.000000000
  0.000000000  0.000000000  0.000000000
  0.000000000  0.000000000  0.000000000
  0.000000000  0.000000000  0.000000000
  0.000000000  0.000000000  0.000000000
  0.000000000  0.000000000  0.000000000
  0.000000000  0.000000000  0.000000000
  0.000000000  0.000000000  0.000000000
  0.000000000  0.000000000  0.000000000
  0.000000000  0.000000000  0.000000000
  0.000000000  0.000000000  0.000000000
  0.000000000  0.000000000  0.000000000
  0.000000000  0.000000000  0.000000000
  0.000000000  0.000000000  0.000000000
  0.000000000  0.000000000  0.000000000
  0.000000000  0.000000000  0.000000000
  0.000000000  0.000000000  0.000000000
  0.000000000  0.000000000  0.000000000
  0.000000000  0.000000000  0.000000000
  0.000000000  0.000000000  0.000000000
  0.000000000  0.000000000  0.000000000
  0.000000000  0.000000000  0.000000000
  0.000000000  0.000000000  0.000000000
  0.000000000  0.000000000  0.000000000
  0.000000000  0.000000000  0.000000000
  0.000000000  0.000000000  0.000000000
  0.000000000  0.000000000  0.000000000
  0.000000000  0.000000000  0.000000000
  0.000000000  0.000000000  0.000000000
  0.000000000  0.000000000  0.000000000
  0.000000000  0.000000000  0.000000000
  0.000000000  0.000000000  0.000000000
  0.000000000  0.000000000  0.000000000
  0.000000000  0.000000000  0.000000000
  0.000000000  0.000000000  0.000000000
  0.000000000  0.000000000  0.000000000
  0.000000000  0.000000000  0.000000000
  0.000000000  0.000000000  0.000000000
  0.000000000  0.000000000  0.000000000
  0.000000000  0.000000000  0.000000000
  0.000000000  0.000000000  0.000000000
  0.000000000  0.000000000  0.000000000
  0.000000000  0.000000000  0.000000000
  0.000000000  0.000000000  0.000000000
  0.000000000  0.000000000  0.000000000
  0.000000000  0.000000000  0.000000000
  0.000000000  0.000000000  0.000000000
  0.000000000  0.000000000  0.000000000
  0.000000000  0.000000000  0.000000000
  0.000000000  0.000000000  0.000000000
  0.000000000  0.000000000  0.000000000
  0.000000000  0.000000000  0.000000000
  0.000000000  0.000000000  0.000000000
  0.000000000  0.000000000  0.000000000
  0.000000000  0.000000000  0.000000000
  0.000000000  0.000000000  0.000000000
  0.000000000  0.000000000  0.000000000
  0.000000000  0.000000000  0.000000000
  0.000000000  0.000000000  0.000000000
  0.000000000  0.000000000  0.000000000
  0.000000000  0.000000000  0.000000000
  0.000000000  0.000000000  0.000000000
  0.000000000  0.000000000  0.000000000
  0.000000000  0.000000000  0.000000000
  0.000000000  0.000000000  0.000000000
  0.000000000  0.000000000  0.000000000
  0.000000000  0.000000000  0.000000000
  0.000000000  0.000000000  0.000000000
  0.000000000  0.000000000  0.000000000
  0.000000000  0.000000000  0.000000000
  0.000000000  0.000000000  0.000000000
  0.000000000  0.000000000  0.000000000
  0.000000000  0.000000000  0.000000000
  0.000000000  0.000000000  0.000000000
  0.000000000  0.000000000  0.000000000
  0.000000000  0.000000000  0.000000000
  0.000000000  0.000000000  0.000000000
  0.000000000  0.000000000  0.000000000
  0.000000000  0.000000000  0.000000000
  0.000000000  0.000000000  0.000000000
  0.000000000  0.000000000  0.000000000
  0.000000000  0.000000000  0.000000000
  0.000000000  0.000000000  0.000000000
  0.000000000  0.000000000  0.000000000
  0.000000000  0.000000000  0.000000000
  0.000000000  0.000000000  0.000000000
  0.000000000  0.000000000  0.000000000
  0.000000000  0.000000000  0.000000000
  0.000000000  0.000000000  0.000000000
  0.000000000  0.000000000  0.000000000
  0.000000000  0.000000000  0.000000000
  0.000000000  0.000000000  0.000000000
  0.000000000  0.000000000  0.000000000
  0.000000000  0.000000000  0.000000000
  0.000000000  0.000000000  0.000000000
  0.000000000  0.000000000  0.000000000
  0.000000000  0.000000000  0.000000000
  0.000000000  0.000000000  0.000000000
  0.000000000  0.000000000  0.000000000
  0.000000000  0.000000000  0.000000000
  0.000000000  0.000000000  0.000000000
  0.000000000  0.000000000  0.000000000
  0.000000000  0.000000000  0.000000000
  0.000000000  0.000000000  0.000000000
  0.000000000  0.000000000  0.000000000
  0.000000000  0.000000000  0.000000000
  0.000000000  0.000000000  0.000000000
  0.000000000  0.000000000  0.000000000
  0.000000000  0.000000000  0.000000000
  0.000000000  0.000000000  0.000000000
  0.000000000  0.000000000  0.000000000
  0.000000000  0.000000000  0.000000000
  0.000000000  0.000000000  0.000000000
  0.000000000  0.000000000  0.000000000
  0.000000000  0.000000000  0.000000000
  0.000000000  0.000000000  0.000000000
  0.000000000  0.000000000  0.000000000
  0.000000000  0.000000000  0.000000000
  0.000000000  0.000000000  0.000000000
  0.000000000  0.000000000  0.000000000
  0.000000000  0.000000000  0.000000000
  0.000000000  0.000000000  0.000000000
  0.000000000  0.000000000  0.000000000
  0.000000000  0.000000000  0.000000000
  0.000000000  0.000000000  0.000000000
  0.000000000  0.000000000  0.000000000
  0.000000000  0.000000000  0.000000000
  0.000000000  0.000000000  0.000000000
   1.06000000000000     
   1.06000000000000     
   1.06000000000000     
   1.06000000000000     
   1.06000000000000     
   1.06000000000000     
   1.06000000000000     
   1.06000000000000     
   1.06000000000000     
   1.06000000000000     
   1.06000000000000     
   1.06000000000000     
   1.06000000000000     
   1.06000000000000     
   1.06000000000000     
   1.06000000000000     
   1.06000000000000     
   1.06000000000000     
   1.06000000000000     
   1.06000000000000     
   1.06000000000000     
   1.06000000000000     
   1.06000000000000     
   1.06000000000000     
   1.06000000000000     
   1.06000000000000     
   1.06000000000000     
   1.06000000000000     
   1.06000000000000     
   1.06000000000000     
   1.06000000000000     
   1.06000000000000     
   1.06000000000000     
   1.06000000000000     
   1.06000000000000     
   1.06000000000000     
   1.06000000000000     
   1.06000000000000     
   1.06000000000000     
   1.06000000000000     
   1.06000000000000     
   1.06000000000000     
   1.06000000000000     
   1.06000000000000     
   1.06000000000000     
   1.06000000000000     
   1.06000000000000     
   1.06000000000000     
   1.06000000000000     
   1.06000000000000     
   1.06000000000000     
   1.06000000000000     
   1.06000000000000     
   1.06000000000000     
   1.06000000000000     
   1.06000000000000     
   1.06000000000000     
   1.06000000000000     
   1.06000000000000     
   1.06000000000000     
   1.06000000000000     
   1.06000000000000     
   1.06000000000000     
   1.06000000000000     
   1.06000000000000     
   1.06000000000000     
   1.06000000000000     
   1.06000000000000     
   1.06000000000000     
   1.06000000000000     
   1.06000000000000     
   1.06000000000000     
   1.06000000000000     
   1.06000000000000     
   1.06000000000000     
   1.06000000000000     
   1.06000000000000     
   1.06000000000000     
   1.06000000000000     
   1.06000000000000     
   1.06000000000000     
   1.06000000000000     
   1.06000000000000     
   1.06000000000000     
   1.06000000000000     
   1.06000000000000     
   1.06000000000000     
   1.06000000000000     
   1.06000000000000     
   1.06000000000000     
   1.06000000000000     
   1.06000000000000     
   1.06000000000000     
   1.06000000000000     
   1.06000000000000     
   1.06000000000000     
   1.06000000000000     
   1.06000000000000     
   1.06000000000000     
   1.06000000000000     
   1.06000000000000     
   1.06000000000000     
   1.06000000000000     
   1.06000000000000     
   1.06000000000000     
   1.06000000000000     
   1.06000000000000     
   1.06000000000000     
   1.06000000000000     
   1.06000000000000     
   1.06000000000000     
   1.06000000000000     
   1.06000000000000     
   1.06000000000000     
   1.06000000000000     
   1.06000000000000     
   1.06000000000000     
   1.06000000000000     
   1.06000000000000     
   1.06000000000000     
   1.06000000000000     
   1.06000000000000     
   1.06000000000000     
   1.06000000000000     
   1.06000000000000     
   1.06000000000000     
   1.06000000000000     
   1.06000000000000     
   1.06000000000000     
   1.06000000000000     
   1.06000000000000     
   1.06000000000000     
   1.06000000000000     
   1.06000000000000     
   1.06000000000000     
   1.06000000000000     
   1.06000000000000     
   1.06000000000000     
   1.06000000000000     
   1.06000000000000     
   1.06000000000000     
   1.06000000000000     
   1.06000000000000     
   1.06000000000000     
   1.06000000000000     
   1.06000000000000     
   1.06000000000000     
   1.06000000000000     
   1.06000000000000     
   1.06000000000000     
   1.06000000000000     
   1.06000000000000     
   1.06000000000000     
   1.06000000000000     
   1.06000000000000     
   1.06000000000000     
   1.06000000000000     
   1.06000000000000     
   1.06000000000000     
   1.06000000000000     
   1.06000000000000     
  3.000000000000000E-002
  3.000000000000000E-002
  3.000000000000000E-002
  3.000000000000000E-002
  3.000000000000000E-002
  3.000000000000000E-002
  3.000000000000000E-002
  3.000000000000000E-002
  3.000000000000000E-002
  3.000000000000000E-002
  3.000000000000000E-002
  3.000000000000000E-002
  3.000000000000000E-002
  3.000000000000000E-002
  3.000000000000000E-002
  3.000000000000000E-002
  3.000000000000000E-002
  3.000000000000000E-002
  3.000000000000000E-002
  3.000000000000000E-002
  3.000000000000000E-002
  3.000000000000000E-002
  3.000000000000000E-002
  3.000000000000000E-002
  3.000000000000000E-002
  3.000000000000000E-002
  3.000000000000000E-002
  3.000000000000000E-002
  3.000000000000000E-002
  3.000000000000000E-002
  3.000000000000000E-002
  3.000000000000000E-002
  3.000000000000000E-002
  3.000000000000000E-002
  3.000000000000000E-002
  3.000000000000000E-002
  3.000000000000000E-002
  3.000000000000000E-002
  3.000000000000000E-002
  3.000000000000000E-002
  3.000000000000000E-002
  3.000000000000000E-002
  3.000000000000000E-002
  3.000000000000000E-002
  3.000000000000000E-002
  3.000000000000000E-002
  3.000000000000000E-002
  3.000000000000000E-002
  3.000000000000000E-002
  3.000000000000000E-002
  3.000000000000000E-002
  3.000000000000000E-002
  3.000000000000000E-002
  3.000000000000000E-002
  3.000000000000000E-002
  3.000000000000000E-002
  3.000000000000000E-002
  3.000000000000000E-002
  3.000000000000000E-002
  3.000000000000000E-002
  3.000000000000000E-002
  3.000000000000000E-002
  3.000000000000000E-002
  3.000000000000000E-002
  3.000000000000000E-002
  3.000000000000000E-002
  3.000000000000000E-002
  3.000000000000000E-002
  3.000000000000000E-002
  3.000000000000000E-002
  3.000000000000000E-002
  3.000000000000000E-002
  3.000000000000000E-002
  3.000000000000000E-002
  3.000000000000000E-002
  3.000000000000000E-002
  3.000000000000000E-002
  3.000000000000000E-002
  3.000000000000000E-002
  3.000000000000000E-002
  3.000000000000000E-002
  3.000000000000000E-002
  3.000000000000000E-002
  3.000000000000000E-002
  3.000000000000000E-002
  3.000000000000000E-002
  3.000000000000000E-002
  3.000000000000000E-002
  3.000000000000000E-002
  3.000000000000000E-002
  3.000000000000000E-002
  3.000000000000000E-002
  3.000000000000000E-002
  3.000000000000000E-002
  3.000000000000000E-002
  3.000000000000000E-002
  3.000000000000000E-002
  3.000000000000000E-002
  3.000000000000000E-002
  3.000000000000000E-002
  3.000000000000000E-002
  3.000000000000000E-002
  3.000000000000000E-002
  3.000000000000000E-002
  3.000000000000000E-002
  3.000000000000000E-002
  3.000000000000000E-002
  3.000000000000000E-002
  3.000000000000000E-002
  3.000000000000000E-002
  3.000000000000000E-002
  3.000000000000000E-002
  3.000000000000000E-002
  3.000000000000000E-002
  3.000000000000000E-002
  3.000000000000000E-002
  3.000000000000000E-002
  3.000000000000000E-002
  3.000000000000000E-002
  3.000000000000000E-002
  3.000000000000000E-002
  3.000000000000000E-002
  3.000000000000000E-002
  3.000000000000000E-002
  3.000000000000000E-002
  3.000000000000000E-002
  3.000000000000000E-002
  3.000000000000000E-002
  3.000000000000000E-002
  3.000000000000000E-002
  3.000000000000000E-002
  3.000000000000000E-002
  3.000000000000000E-002
  3.000000000000000E-002
  3.000000000000000E-002
  3.000000000000000E-002
  3.000000000000000E-002
  3.000000000000000E-002
  3.000000000000000E-002
  3.000000000000000E-002
  3.000000000000000E-002
  3.000000000000000E-002
  3.000000000000000E-002
  3.000000000000000E-002
  3.000000000000000E-002
  3.000000000000000E-002
  3.000000000000000E-002
  3.000000000000000E-002
  3.000000000000000E-002
  3.000000000000000E-002
  3.000000000000000E-002
  3.000000000000000E-002
  3.000000000000000E-002
  3.000000000000000E-002
  3.000000000000000E-002
  3.000000000000000E-002
  3.000000000000000E-002
  3.000000000000000E-002
  3.000000000000000E-002
  3.000000000000000E-002
  3.000000000000000E-002
