           3
 2 1 2
   9   2  14
  0.000000000  0.000000000  0.000000000  0.250000000  0.250000000  0.500000000  0.500000000  0.750000000  0.750000000  1.000000000  1.000000000  1.000000000
  0.000000000  0.000000000  1.000000000  1.000000000
  0.471458774  0.471458774  0.471458774  0.471952079  0.472445384  0.472938689  0.473431994  0.473925299  0.474418605  0.474911910  0.475405215  0.475898520  0.476391825  0.476885130  0.477378436  0.477378436  0.477378436
 -0.828793069900E+01 -0.345629979970E+02  0.254237997580E+02  0.100000000000E+01
 -0.828793069900E+01 -0.345629979970E+02  0.254237997580E+02  0.707106731944E+00
 -0.828793069900E+01 -0.345629979970E+02  0.254237997580E+02  0.100000000000E+01
 -0.828793069900E+01 -0.345629979970E+02  0.254237997580E+02  0.707107656474E+00
 -0.828793069900E+01 -0.345629979970E+02  0.254237997580E+02  0.100000000000E+01
 -0.828793069900E+01 -0.345629979970E+02  0.254237997580E+02  0.707106681050E+00
 -0.828793069900E+01 -0.345629979970E+02  0.254237997580E+02  0.100000000000E+01
 -0.828793069900E+01 -0.345629979970E+02  0.254237997580E+02  0.707105835454E+00
 -0.828793069900E+01 -0.345629979970E+02  0.254237997580E+02  0.100000000000E+01
 -0.818660758400E+01 -0.340144582870E+02  0.250907150260E+02  0.100000000000E+01
 -0.753543482900E+01 -0.342535285990E+02  0.250234043480E+02  0.707106731944E+00
 -0.739944354600E+01 -0.348095273560E+02  0.252880782180E+02  0.100000000000E+01
 -0.774606028800E+01 -0.351708582470E+02  0.255930085830E+02  0.707107656474E+00
 -0.836673953000E+01 -0.349896555360E+02  0.256828729290E+02  0.100000000000E+01
 -0.816847120000E+01 -0.347138180510E+02  0.261453272010E+02  0.707106681050E+00
 -0.801253971500E+01 -0.342036506970E+02  0.260993670470E+02  0.100000000000E+01
 -0.796859580800E+01 -0.337752209080E+02  0.256887275110E+02  0.707105835454E+00
 -0.818660758400E+01 -0.340144582870E+02  0.250907150260E+02  0.100000000000E+01
 -0.814985478200E+01 -0.345474633270E+02  0.254829725250E+02  0.100000000000E+01
 -0.814985478200E+01 -0.345474633270E+02  0.254829725250E+02  0.707106778816E+00
 -0.814985478200E+01 -0.345474633270E+02  0.254829725250E+02  0.100000000000E+01
 -0.814985478200E+01 -0.345474633270E+02  0.254829725250E+02  0.707106445305E+00
 -0.814985478200E+01 -0.345474633270E+02  0.254829725250E+02  0.100000000000E+01
 -0.814985478200E+01 -0.345474633270E+02  0.254829725250E+02  0.707107247730E+00
 -0.814985478200E+01 -0.345474633270E+02  0.254829725250E+02  0.100000000000E+01
 -0.814985478200E+01 -0.345474633270E+02  0.254829725250E+02  0.707107492546E+00
 -0.814985478200E+01 -0.345474633270E+02  0.254829725250E+02  0.100000000000E+01
 -0.807486231700E+01 -0.340434053960E+02  0.251672600080E+02  0.100000000000E+01
 -0.751597142600E+01 -0.342831598760E+02  0.250652827430E+02  0.707106778816E+00
 -0.738790171600E+01 -0.347808732060E+02  0.252913065140E+02  0.100000000000E+01
 -0.765857908900E+01 -0.351278349150E+02  0.256015234490E+02  0.707106445305E+00
 -0.820878740300E+01 -0.349435758050E+02  0.257310761970E+02  0.100000000000E+01
 -0.805018831300E+01 -0.346795785560E+02  0.261608999410E+02  0.707107247730E+00
 -0.793573695700E+01 -0.342044100020E+02  0.260815395480E+02  0.100000000000E+01
 -0.790599134600E+01 -0.338227925880E+02  0.257076886380E+02  0.707107492546E+00
 -0.807486231700E+01 -0.340434053960E+02  0.251672600080E+02  0.100000000000E+01
 -0.801055478000E+01 -0.345317468220E+02  0.255391471590E+02  0.100000000000E+01
 -0.801055478000E+01 -0.345317468220E+02  0.255391471590E+02  0.707107601007E+00
 -0.801055478000E+01 -0.345317468220E+02  0.255391471590E+02  0.100000000000E+01
 -0.801055478000E+01 -0.345317468220E+02  0.255391471590E+02  0.707106486021E+00
 -0.801055478000E+01 -0.345317468220E+02  0.255391471590E+02  0.100000000000E+01
 -0.801055478000E+01 -0.345317468220E+02  0.255391471590E+02  0.707106060342E+00
 -0.801055478000E+01 -0.345317468220E+02  0.255391471590E+02  0.100000000000E+01
 -0.801055478000E+01 -0.345317468220E+02  0.255391471590E+02  0.707107423485E+00
 -0.801055478000E+01 -0.345317468220E+02  0.255391471590E+02  0.100000000000E+01
 -0.795210367800E+01 -0.340910704610E+02  0.252597106430E+02  0.100000000000E+01
 -0.746851119200E+01 -0.343094748880E+02  0.251142914890E+02  0.707107601007E+00
 -0.737338015700E+01 -0.347591982600E+02  0.253137300150E+02  0.100000000000E+01
 -0.758788046200E+01 -0.350770546050E+02  0.256107455910E+02  0.707106486021E+00
 -0.805912297900E+01 -0.348979183380E+02  0.257713392310E+02  0.100000000000E+01
 -0.793452620700E+01 -0.346506908910E+02  0.261622845540E+02  0.707106060342E+00
 -0.784443004000E+01 -0.342132201920E+02  0.260762162440E+02  0.100000000000E+01
 -0.781577143600E+01 -0.338574264170E+02  0.257400326560E+02  0.707107423485E+00
 -0.795210367800E+01 -0.340910704610E+02  0.252597106430E+02  0.100000000000E+01
 -0.786962802200E+01 -0.345157127770E+02  0.255909962300E+02  0.100000000000E+01
 -0.786962802200E+01 -0.345157127770E+02  0.255909962300E+02  0.707107078062E+00
 -0.786962802200E+01 -0.345157127770E+02  0.255909962300E+02  0.100000000000E+01
 -0.786962802200E+01 -0.345157127770E+02  0.255909962300E+02  0.707106816732E+00
 -0.786962802200E+01 -0.345157127770E+02  0.255909962300E+02  0.100000000000E+01
 -0.786962802200E+01 -0.345157127770E+02  0.255909962300E+02  0.707106335854E+00
 -0.786962802200E+01 -0.345157127770E+02  0.255909962300E+02  0.100000000000E+01
 -0.786962802200E+01 -0.345157127770E+02  0.255909962300E+02  0.707106725368E+00
 -0.786962802200E+01 -0.345157127770E+02  0.255909962300E+02  0.100000000000E+01
 -0.782775849200E+01 -0.341298091870E+02  0.253421412840E+02  0.100000000000E+01
 -0.741355015900E+01 -0.343297746480E+02  0.251599487270E+02  0.707107078062E+00
 -0.734931383500E+01 -0.347323821650E+02  0.253425445770E+02  0.100000000000E+01
 -0.751027499400E+01 -0.350235550750E+02  0.256226532460E+02  0.707106816732E+00
 -0.790609838900E+01 -0.348518542700E+02  0.258077607260E+02  0.100000000000E+01
 -0.780780898100E+01 -0.346153797840E+02  0.261489958320E+02  0.707106335854E+00
 -0.773578194400E+01 -0.342131954610E+02  0.260826345750E+02  0.100000000000E+01
 -0.771079337600E+01 -0.338653986630E+02  0.257717083980E+02  0.707106725368E+00
 -0.782775849200E+01 -0.341298091870E+02  0.253421412840E+02  0.100000000000E+01
 -0.772661527800E+01 -0.344991320040E+02  0.256365550000E+02  0.100000000000E+01
 -0.772661527800E+01 -0.344991320040E+02  0.256365550000E+02  0.707107248154E+00
 -0.772661527800E+01 -0.344991320040E+02  0.256365550000E+02  0.100000000000E+01
 -0.772661527800E+01 -0.344991320040E+02  0.256365550000E+02  0.707105214046E+00
 -0.772661527800E+01 -0.344991320040E+02  0.256365550000E+02  0.100000000000E+01
 -0.772661527800E+01 -0.344991320040E+02  0.256365550000E+02  0.707106354190E+00
 -0.772661527800E+01 -0.344991320040E+02  0.256365550000E+02  0.100000000000E+01
 -0.772661527800E+01 -0.344991320040E+02  0.256365550000E+02  0.707108325018E+00
 -0.772661527800E+01 -0.344991320040E+02  0.256365550000E+02  0.100000000000E+01
 -0.770210993400E+01 -0.341614891580E+02  0.254140116340E+02  0.100000000000E+01
 -0.735377985300E+01 -0.343389334080E+02  0.251961027940E+02  0.707107248154E+00
 -0.730889658000E+01 -0.347045576060E+02  0.253708790000E+02  0.100000000000E+01
 -0.742407113700E+01 -0.349716857520E+02  0.256357469640E+02  0.707105214046E+00
 -0.774887969400E+01 -0.348058917910E+02  0.258387446050E+02  0.100000000000E+01
 -0.766839708300E+01 -0.345745740440E+02  0.261322453980E+02  0.707106354190E+00
 -0.761218997500E+01 -0.342053783060E+02  0.260948336890E+02  0.100000000000E+01
 -0.759757058500E+01 -0.338592590820E+02  0.257931750770E+02  0.707108325018E+00
 -0.770210993400E+01 -0.341614891580E+02  0.254140116340E+02  0.100000000000E+01
 -0.758124438600E+01 -0.344816607490E+02  0.256734601800E+02  0.100000000000E+01
 -0.758124438600E+01 -0.344816607490E+02  0.256734601800E+02  0.707107301383E+00
 -0.758124438600E+01 -0.344816607490E+02  0.256734601800E+02  0.100000000000E+01
 -0.758124438600E+01 -0.344816607490E+02  0.256734601800E+02  0.707104886565E+00
 -0.758124438600E+01 -0.344816607490E+02  0.256734601800E+02  0.100000000000E+01
 -0.758124438600E+01 -0.344816607490E+02  0.256734601800E+02  0.707106641815E+00
 -0.758124438600E+01 -0.344816607490E+02  0.256734601800E+02  0.100000000000E+01
 -0.758124438600E+01 -0.344816607490E+02  0.256734601800E+02  0.707108538446E+00
 -0.758124438600E+01 -0.344816607490E+02  0.256734601800E+02  0.100000000000E+01
 -0.757369494400E+01 -0.341691469230E+02  0.254624098700E+02  0.100000000000E+01
 -0.729190980700E+01 -0.343427819640E+02  0.252284054360E+02  0.707107301383E+00
 -0.724960241100E+01 -0.346788063120E+02  0.253933977300E+02  0.100000000000E+01
 -0.732832478900E+01 -0.349194466550E+02  0.256454639520E+02  0.707104886565E+00
 -0.758803034400E+01 -0.347625597920E+02  0.258631620040E+02  0.100000000000E+01
 -0.751888568600E+01 -0.345389961140E+02  0.261276451850E+02  0.707106641815E+00
 -0.748039017300E+01 -0.341990913250E+02  0.260954793380E+02  0.100000000000E+01
 -0.748230181400E+01 -0.338707607660E+02  0.258095908080E+02  0.707108538446E+00
 -0.757369494400E+01 -0.341691469230E+02  0.254624098700E+02  0.100000000000E+01
 -0.743389485500E+01 -0.344629474640E+02  0.257006426210E+02  0.100000000000E+01
 -0.743389485500E+01 -0.344629474640E+02  0.257006426210E+02  0.707105829188E+00
 -0.743389485500E+01 -0.344629474640E+02  0.257006426210E+02  0.100000000000E+01
 -0.743389485500E+01 -0.344629474640E+02  0.257006426210E+02  0.707107123158E+00
 -0.743389485500E+01 -0.344629474640E+02  0.257006426210E+02  0.100000000000E+01
 -0.743389485500E+01 -0.344629474640E+02  0.257006426210E+02  0.707107974964E+00
 -0.743389485500E+01 -0.344629474640E+02  0.257006426210E+02  0.100000000000E+01
 -0.743389485500E+01 -0.344629474640E+02  0.257006426210E+02  0.707106719441E+00
 -0.743389485500E+01 -0.344629474640E+02  0.257006426210E+02  0.100000000000E+01
 -0.744144092700E+01 -0.341558051030E+02  0.254891444100E+02  0.100000000000E+01
 -0.721453426200E+01 -0.343438051580E+02  0.252560707510E+02  0.707105829188E+00
 -0.717331486600E+01 -0.346535509440E+02  0.254145488300E+02  0.100000000000E+01
 -0.721902194500E+01 -0.348758668660E+02  0.256510883650E+02  0.707107123158E+00
 -0.742757389700E+01 -0.347202096060E+02  0.258777944710E+02  0.100000000000E+01
 -0.736710648700E+01 -0.345132178130E+02  0.261438964070E+02  0.707107974964E+00
 -0.734591135600E+01 -0.341854364000E+02  0.261005112790E+02  0.100000000000E+01
 -0.736447746400E+01 -0.338812245130E+02  0.258218873830E+02  0.707106719441E+00
 -0.744144092700E+01 -0.341558051030E+02  0.254891444100E+02  0.100000000000E+01
 -0.728556500900E+01 -0.344428729920E+02  0.257206721670E+02  0.100000000000E+01
 -0.728556500900E+01 -0.344428729920E+02  0.257206721670E+02  0.707106815699E+00
 -0.728556500900E+01 -0.344428729920E+02  0.257206721670E+02  0.100000000000E+01
 -0.728556500900E+01 -0.344428729920E+02  0.257206721670E+02  0.707104436743E+00
 -0.728556500900E+01 -0.344428729920E+02  0.257206721670E+02  0.100000000000E+01
 -0.728556500900E+01 -0.344428729920E+02  0.257206721670E+02  0.707107449919E+00
 -0.728556500900E+01 -0.344428729920E+02  0.257206721670E+02  0.100000000000E+01
 -0.728556500900E+01 -0.344428729920E+02  0.257206721670E+02  0.707109064699E+00
 -0.728556500900E+01 -0.344428729920E+02  0.257206721670E+02  0.100000000000E+01
 -0.730363480300E+01 -0.341330701670E+02  0.255049597940E+02  0.100000000000E+01
 -0.711547647600E+01 -0.343390538930E+02  0.252787799230E+02  0.707106815699E+00
 -0.707572155800E+01 -0.346303505900E+02  0.254338414610E+02  0.100000000000E+01
 -0.710482728200E+01 -0.348337216580E+02  0.256614111820E+02  0.707104436743E+00
 -0.727134912800E+01 -0.346865946820E+02  0.258903759600E+02  0.100000000000E+01
 -0.722482967900E+01 -0.344945633080E+02  0.261610816230E+02  0.707107449919E+00
 -0.722057780000E+01 -0.341755684260E+02  0.260991217710E+02  0.100000000000E+01
 -0.724552812600E+01 -0.338632000590E+02  0.258344629850E+02  0.707109064699E+00
 -0.730363480300E+01 -0.341330701670E+02  0.255049597940E+02  0.100000000000E+01
 -0.713694427100E+01 -0.344207525640E+02  0.257357824300E+02  0.100000000000E+01
 -0.713694427100E+01 -0.344207525640E+02  0.257357824300E+02  0.707106193814E+00
 -0.713694427100E+01 -0.344207525640E+02  0.257357824300E+02  0.100000000000E+01
 -0.713694427100E+01 -0.344207525640E+02  0.257357824300E+02  0.707107902644E+00
 -0.713694427100E+01 -0.344207525640E+02  0.257357824300E+02  0.100000000000E+01
 -0.713694427100E+01 -0.344207525640E+02  0.257357824300E+02  0.707107069839E+00
 -0.713694427100E+01 -0.344207525640E+02  0.257357824300E+02  0.100000000000E+01
 -0.713694427100E+01 -0.344207525640E+02  0.257357824300E+02  0.707105786305E+00
 -0.713694427100E+01 -0.344207525640E+02  0.257357824300E+02  0.100000000000E+01
 -0.716697668800E+01 -0.341142321110E+02  0.255198825450E+02  0.100000000000E+01
 -0.700531377000E+01 -0.343235889480E+02  0.252742577700E+02  0.707106193814E+00
 -0.697267764000E+01 -0.346020723040E+02  0.254555076150E+02  0.100000000000E+01
 -0.698459169600E+01 -0.347907869980E+02  0.256731012020E+02  0.707107902644E+00
 -0.711407490200E+01 -0.346541665850E+02  0.259001885890E+02  0.100000000000E+01
 -0.708248678600E+01 -0.344812516130E+02  0.261745000410E+02  0.707107069839E+00
 -0.709737711800E+01 -0.341727494610E+02  0.260823790910E+02  0.100000000000E+01
 -0.713093872300E+01 -0.338463487430E+02  0.258395688400E+02  0.707105786305E+00
 -0.716697668800E+01 -0.341142321110E+02  0.255198825450E+02  0.100000000000E+01
 -0.698838568300E+01 -0.343957000920E+02  0.257462018200E+02  0.100000000000E+01
 -0.698838568300E+01 -0.343957000920E+02  0.257462018200E+02  0.707106384380E+00
 -0.698838568300E+01 -0.343957000920E+02  0.257462018200E+02  0.100000000000E+01
 -0.698838568300E+01 -0.343957000920E+02  0.257462018200E+02  0.707104403055E+00
 -0.698838568300E+01 -0.343957000920E+02  0.257462018200E+02  0.100000000000E+01
 -0.698838568300E+01 -0.343957000920E+02  0.257462018200E+02  0.707107750718E+00
 -0.698838568300E+01 -0.343957000920E+02  0.257462018200E+02  0.100000000000E+01
 -0.698838568300E+01 -0.343957000920E+02  0.257462018200E+02  0.707108890926E+00
 -0.698838568300E+01 -0.343957000920E+02  0.257462018200E+02  0.100000000000E+01
 -0.703090971400E+01 -0.340915774640E+02  0.255296271510E+02  0.100000000000E+01
 -0.689443703200E+01 -0.343003452820E+02  0.252559452970E+02  0.707106384380E+00
 -0.686043015100E+01 -0.345751694190E+02  0.254690608260E+02  0.100000000000E+01
 -0.685701576200E+01 -0.347545694340E+02  0.256821313980E+02  0.707104403055E+00
 -0.695608618500E+01 -0.346266962580E+02  0.259107040290E+02  0.100000000000E+01
 -0.694336187700E+01 -0.344512154480E+02  0.261576558920E+02  0.707107750718E+00
 -0.697194536100E+01 -0.341635293760E+02  0.260689928810E+02  0.100000000000E+01
 -0.701712045800E+01 -0.338296755830E+02  0.258462796080E+02  0.707108890926E+00
 -0.703090971400E+01 -0.340915774640E+02  0.255296271510E+02  0.100000000000E+01
 -0.684015642400E+01 -0.343675116770E+02  0.257525127340E+02  0.100000000000E+01
 -0.684015642400E+01 -0.343675116770E+02  0.257525127340E+02  0.707107764377E+00
 -0.684015642400E+01 -0.343675116770E+02  0.257525127340E+02  0.100000000000E+01
 -0.684015642400E+01 -0.343675116770E+02  0.257525127340E+02  0.707107031238E+00
 -0.684015642400E+01 -0.343675116770E+02  0.257525127340E+02  0.100000000000E+01
 -0.684015642400E+01 -0.343675116770E+02  0.257525127340E+02  0.707105695532E+00
 -0.684015642400E+01 -0.343675116770E+02  0.257525127340E+02  0.100000000000E+01
 -0.684015642400E+01 -0.343675116770E+02  0.257525127340E+02  0.707106535099E+00
 -0.684015642400E+01 -0.343675116770E+02  0.257525127340E+02  0.100000000000E+01
 -0.689415633000E+01 -0.340657396720E+02  0.255355615850E+02  0.100000000000E+01
 -0.678934774800E+01 -0.342761525590E+02  0.252657306670E+02  0.707107764377E+00
 -0.674124310400E+01 -0.345518001260E+02  0.254715519240E+02  0.100000000000E+01
 -0.672460654000E+01 -0.347244958080E+02  0.256851600530E+02  0.707107031238E+00
 -0.679819167300E+01 -0.346020280430E+02  0.259211108310E+02  0.100000000000E+01
 -0.680534560100E+01 -0.344158087520E+02  0.261421741170E+02  0.707105695532E+00
 -0.684534062700E+01 -0.341417768490E+02  0.260677933850E+02  0.100000000000E+01
 -0.690386710600E+01 -0.338023592020E+02  0.258537500150E+02  0.707106535099E+00
 -0.689415633000E+01 -0.340657396720E+02  0.255355615850E+02  0.100000000000E+01
 -0.669241116500E+01 -0.343363705530E+02  0.257554137800E+02  0.100000000000E+01
 -0.669241116500E+01 -0.343363705530E+02  0.257554137800E+02  0.707107266666E+00
 -0.669241116500E+01 -0.343363705530E+02  0.257554137800E+02  0.100000000000E+01
 -0.669241116500E+01 -0.343363705530E+02  0.257554137800E+02  0.707109709362E+00
 -0.669241116500E+01 -0.343363705530E+02  0.257554137800E+02  0.100000000000E+01
 -0.669241116500E+01 -0.343363705530E+02  0.257554137800E+02  0.707105757454E+00
 -0.669241116500E+01 -0.343363705530E+02  0.257554137800E+02  0.100000000000E+01
 -0.669241116500E+01 -0.343363705530E+02  0.257554137800E+02  0.707104332748E+00
 -0.669241116500E+01 -0.343363705530E+02  0.257554137800E+02  0.100000000000E+01
 -0.675551489000E+01 -0.340407951470E+02  0.255412308520E+02  0.100000000000E+01
 -0.668006492500E+01 -0.342578552920E+02  0.253003776160E+02  0.707107266666E+00
 -0.662066969900E+01 -0.345274492640E+02  0.254705848250E+02  0.100000000000E+01
 -0.659063655200E+01 -0.346977433440E+02  0.256804753300E+02  0.707109709362E+00
 -0.664270912900E+01 -0.345691744050E+02  0.259241069880E+02  0.100000000000E+01
 -0.666715580800E+01 -0.343830956870E+02  0.261471412860E+02  0.707105757454E+00
 -0.671998965500E+01 -0.341104949940E+02  0.260752552030E+02  0.100000000000E+01
 -0.678620792400E+01 -0.337994008850E+02  0.258544760370E+02  0.707104332748E+00
 -0.675551489000E+01 -0.340407951470E+02  0.255412308520E+02  0.100000000000E+01
 -0.654521402100E+01 -0.343026027930E+02  0.257555446150E+02  0.100000000000E+01
 -0.654521402100E+01 -0.343026027930E+02  0.257555446150E+02  0.707106232178E+00
 -0.654521402100E+01 -0.343026027930E+02  0.257555446150E+02  0.100000000000E+01
 -0.654521402100E+01 -0.343026027930E+02  0.257555446150E+02  0.707109476281E+00
 -0.654521402100E+01 -0.343026027930E+02  0.257555446150E+02  0.100000000000E+01
 -0.654521402100E+01 -0.343026027930E+02  0.257555446150E+02  0.707106882532E+00
 -0.654521402100E+01 -0.343026027930E+02  0.257555446150E+02  0.100000000000E+01
 -0.654521402100E+01 -0.343026027930E+02  0.257555446150E+02  0.707104533751E+00
 -0.654521402100E+01 -0.343026027930E+02  0.257555446150E+02  0.100000000000E+01
 -0.661215360900E+01 -0.340274646300E+02  0.255548650060E+02  0.100000000000E+01
 -0.656342481900E+01 -0.342390993570E+02  0.253297175370E+02  0.707106232178E+00
 -0.650264463100E+01 -0.344897536310E+02  0.254847560850E+02  0.100000000000E+01
 -0.646368575600E+01 -0.346473292770E+02  0.256851983990E+02  0.707109476281E+00
 -0.648973458900E+01 -0.345306413650E+02  0.259218685270E+02  0.100000000000E+01
 -0.652864275400E+01 -0.343594321750E+02  0.261744947460E+02  0.707106882532E+00
 -0.659732671900E+01 -0.340735015360E+02  0.260870371780E+02  0.100000000000E+01
 -0.666612904200E+01 -0.337917274740E+02  0.258473061340E+02  0.707104533751E+00
 -0.661215360900E+01 -0.340274646300E+02  0.255548650060E+02  0.100000000000E+01
 -0.639857313600E+01 -0.342665532150E+02  0.257534333330E+02  0.100000000000E+01
 -0.639857313600E+01 -0.342665532150E+02  0.257534333330E+02  0.707107351816E+00
 -0.639857313600E+01 -0.342665532150E+02  0.257534333330E+02  0.100000000000E+01
 -0.639857313600E+01 -0.342665532150E+02  0.257534333330E+02  0.707104936428E+00
 -0.639857313600E+01 -0.342665532150E+02  0.257534333330E+02  0.100000000000E+01
 -0.639857313600E+01 -0.342665532150E+02  0.257534333330E+02  0.707106528433E+00
 -0.639857313600E+01 -0.342665532150E+02  0.257534333330E+02  0.100000000000E+01
 -0.639857313600E+01 -0.342665532150E+02  0.257534333330E+02  0.707108308069E+00
 -0.639857313600E+01 -0.342665532150E+02  0.257534333330E+02  0.100000000000E+01
 -0.646542136500E+01 -0.340178626780E+02  0.255710585140E+02  0.100000000000E+01
 -0.642214536500E+01 -0.342058175750E+02  0.253650235140E+02  0.707107351816E+00
 -0.636251163300E+01 -0.344283422470E+02  0.255195951580E+02  0.100000000000E+01
 -0.631706930000E+01 -0.345933967500E+02  0.256916547410E+02  0.707104936428E+00
 -0.633741487500E+01 -0.344940720290E+02  0.259202835030E+02  0.100000000000E+01
 -0.637452897800E+01 -0.343262334430E+02  0.261768750550E+02  0.707106528433E+00
 -0.644902634500E+01 -0.340401909990E+02  0.260805963840E+02  0.100000000000E+01
 -0.652050079100E+01 -0.337782217730E+02  0.258383577530E+02  0.707108308069E+00
 -0.646542136500E+01 -0.340178626780E+02  0.255710585140E+02  0.100000000000E+01
           1
           2
           3
           4
           5
           6
           7
           8
           9
          10
          11
          12
          13
          14
          15
          16
          17
          18
          19
          20
          21
          22
          23
          24
          25
          26
          27
          28
          29
          30
          31
          32
          33
          34
          35
          36
          37
          38
          39
          40
          41
          42
          43
          44
          45
          46
          47
          48
          49
          50
          51
          52
          53
          54
          55
          56
          57
          58
          59
          60
          61
          62
          63
          64
          65
          66
          67
          68
          69
          70
          71
          72
          73
          74
          75
          76
          77
          78
          79
          80
          81
          82
          83
          84
          85
          86
          87
          88
          89
          90
          91
          92
          93
          94
          95
          96
          97
          98
          99
         100
         101
         102
         103
         104
         105
         106
         107
         108
         109
         110
         111
         112
         113
         114
         115
         116
         117
         118
         119
         120
         121
         122
         123
         124
         125
         126
         127
         128
         129
         130
         131
         132
         133
         134
         135
         136
         137
         138
         139
         140
         141
         142
         143
         144
         145
         146
         147
         148
         149
         150
         151
         152
         153
         154
         155
         156
         157
         158
         159
         160
         161
         162
         163
         164
         165
         166
         167
         168
         169
         170
         171
         172
         173
         174
         175
         176
         177
         178
         179
         180
         181
         182
         183
         184
         185
         186
         187
         188
         189
         190
         191
         192
         193
         194
         195
         196
         197
         198
         199
         200
         201
         202
         203
         204
         205
         206
         207
         208
         209
         210
         211
         212
         213
         214
         215
         216
         217
         218
         219
         220
         221
         222
         223
         224
         225
         226
         227
         228
         229
         230
         231
         232
         233
         234
         235
         236
         237
         238
         239
         240
         241
         242
         243
         244
         245
         246
         247
         248
         249
         250
         251
         252
 1 0 0
 0 0 0
 0 0 0
 0 0 0
 0 0 0
 0 0 0
 0 0 0
 0 0 0
 0 0 0
 0 0 0
 0 0 0
 0 0 0
 0 0 0
 0 0 0
 0 0 0
 0 0 0
 0 0 0
 0 0 0
 0 0 0
 0 0 0
 0 0 0
 0 0 0
 0 0 0
 0 0 0
 0 0 0
 0 0 0
 0 0 0
 0 0 0
 0 0 0
 0 0 0
 0 0 0
 0 0 0
 0 0 0
 0 0 0
 0 0 0
 0 0 0
 0 0 0
 0 0 0
 0 0 0
 0 0 0
 0 0 0
 0 0 0
 0 0 0
 0 0 0
 0 0 0
 0 0 0
 0 0 0
 0 0 0
 0 0 0
 0 0 0
 0 0 0
 0 0 0
 0 0 0
 0 0 0
 0 0 0
 0 0 0
 0 0 0
 0 0 0
 0 0 0
 0 0 0
 0 0 0
 0 0 0
 0 0 0
 0 0 0
 0 0 0
 0 0 0
 0 0 0
 0 0 0
 0 0 0
 0 0 0
 0 0 0
 0 0 0
 0 0 0
 0 0 0
 0 0 0
 0 0 0
 0 0 0
 0 0 0
 0 0 0
 0 0 0
 0 0 0
 0 0 0
 0 0 0
 0 0 0
 0 0 0
 0 0 0
 0 0 0
 0 0 0
 0 0 0
 0 0 0
 0 0 0
 0 0 0
 0 0 0
 0 0 0
 0 0 0
 0 0 0
 0 0 0
 0 0 0
 0 0 0
 0 0 0
 0 0 0
 0 0 0
 0 0 0
 0 0 0
 0 0 0
 0 0 0
 0 0 0
 0 0 0
 0 0 0
 0 0 0
 0 0 0
 0 0 0
 0 0 0
 0 0 0
 0 0 0
 0 0 0
 0 0 0
 0 0 0
 0 0 0
 0 0 0
 0 0 0
 0 0 0
 0 0 0
 0 0 0
 0 0 0
 0 0 0
 0 0 0
 0 0 0
 0 0 0
 0 0 0
 0 0 0
 0 0 0
 0 0 0
 0 0 0
 0 0 0
 0 0 0
 0 0 0
 0 0 0
 0 0 0
 0 0 0
 0 0 0
 0 0 0
 0 0 0
 0 0 0
 0 0 0
 0 0 0
 0 0 0
 0 0 0
 0 0 0
 0 0 0
 0 0 0
 0 0 0
 0 0 0
 0 0 0
 0 0 0
 0 0 0
 0 0 0
 0 0 0
 0 0 0
 0 0 0
 0 0 0
 0 0 0
 0 0 0
 0 0 0
 0 0 0
 0 0 0
 0 0 0
 0 0 0
 0 0 0
 0 0 0
 0 0 0
 0 0 0
 0 0 0
 0 0 0
 0 0 0
 0 0 0
 0 0 0
 0 0 0
 0 0 0
 0 0 0
 0 0 0
 0 0 0
 0 0 0
 0 0 0
 0 0 0
 0 0 0
 0 0 0
 0 0 0
 0 0 0
 0 0 0
 0 0 0
 0 0 0
 0 0 0
 0 0 0
 0 0 0
 0 0 0
 0 0 0
 0 0 0
 0 0 0
 0 0 0
 0 0 0
 0 0 0
 0 0 0
 0 0 0
 0 0 0
 0 0 0
 0 0 0
 0 0 0
 0 0 0
 0 0 0
 0 0 0
 0 0 0
 0 0 0
 0 0 0
 0 0 0
 0 0 0
 0 0 0
 0 0 0
 0 0 0
 0 0 0
 0 0 0
 0 0 0
 0 0 0
 0 0 0
 0 0 0
 0 0 0
 0 0 0
 0 0 0
 0 0 0
 0 0 0
 0 0 0
 0 0 0
 0 0 0
 0 0 0
 0 0 0
 0 0 0
 0 0 0
 0 0 0
 0 0 0
 0 0 0
 0 0 0
 0 0 0
 0 0 0
 0 0 0
 0 0 0
 0 0 0
 0 0 0
 0 0 0
 0 0 0
 0 0 0
 0 0 0
 0 0 0
 0 0 0
  0.000000000  0.000000000  0.000000000
  0.000000000  0.000000000  0.000000000
  0.000000000  0.000000000  0.000000000
  0.000000000  0.000000000  0.000000000
  0.000000000  0.000000000  0.000000000
  0.000000000  0.000000000  0.000000000
  0.000000000  0.000000000  0.000000000
  0.000000000  0.000000000  0.000000000
  0.000000000  0.000000000  0.000000000
  0.000000000  0.000000000  0.000000000
  0.000000000  0.000000000  0.000000000
  0.000000000  0.000000000  0.000000000
  0.000000000  0.000000000  0.000000000
  0.000000000  0.000000000  0.000000000
  0.000000000  0.000000000  0.000000000
  0.000000000  0.000000000  0.000000000
  0.000000000  0.000000000  0.000000000
  0.000000000  0.000000000  0.000000000
  0.000000000  0.000000000  0.000000000
  0.000000000  0.000000000  0.000000000
  0.000000000  0.000000000  0.000000000
  0.000000000  0.000000000  0.000000000
  0.000000000  0.000000000  0.000000000
  0.000000000  0.000000000  0.000000000
  0.000000000  0.000000000  0.000000000
  0.000000000  0.000000000  0.000000000
  0.000000000  0.000000000  0.000000000
  0.000000000  0.000000000  0.000000000
  0.000000000  0.000000000  0.000000000
  0.000000000  0.000000000  0.000000000
  0.000000000  0.000000000  0.000000000
  0.000000000  0.000000000  0.000000000
  0.000000000  0.000000000  0.000000000
  0.000000000  0.000000000  0.000000000
  0.000000000  0.000000000  0.000000000
  0.000000000  0.000000000  0.000000000
  0.000000000  0.000000000  0.000000000
  0.000000000  0.000000000  0.000000000
  0.000000000  0.000000000  0.000000000
  0.000000000  0.000000000  0.000000000
  0.000000000  0.000000000  0.000000000
  0.000000000  0.000000000  0.000000000
  0.000000000  0.000000000  0.000000000
  0.000000000  0.000000000  0.000000000
  0.000000000  0.000000000  0.000000000
  0.000000000  0.000000000  0.000000000
  0.000000000  0.000000000  0.000000000
  0.000000000  0.000000000  0.000000000
  0.000000000  0.000000000  0.000000000
  0.000000000  0.000000000  0.000000000
  0.000000000  0.000000000  0.000000000
  0.000000000  0.000000000  0.000000000
  0.000000000  0.000000000  0.000000000
  0.000000000  0.000000000  0.000000000
  0.000000000  0.000000000  0.000000000
  0.000000000  0.000000000  0.000000000
  0.000000000  0.000000000  0.000000000
  0.000000000  0.000000000  0.000000000
  0.000000000  0.000000000  0.000000000
  0.000000000  0.000000000  0.000000000
  0.000000000  0.000000000  0.000000000
  0.000000000  0.000000000  0.000000000
  0.000000000  0.000000000  0.000000000
  0.000000000  0.000000000  0.000000000
  0.000000000  0.000000000  0.000000000
  0.000000000  0.000000000  0.000000000
  0.000000000  0.000000000  0.000000000
  0.000000000  0.000000000  0.000000000
  0.000000000  0.000000000  0.000000000
  0.000000000  0.000000000  0.000000000
  0.000000000  0.000000000  0.000000000
  0.000000000  0.000000000  0.000000000
  0.000000000  0.000000000  0.000000000
  0.000000000  0.000000000  0.000000000
  0.000000000  0.000000000  0.000000000
  0.000000000  0.000000000  0.000000000
  0.000000000  0.000000000  0.000000000
  0.000000000  0.000000000  0.000000000
  0.000000000  0.000000000  0.000000000
  0.000000000  0.000000000  0.000000000
  0.000000000  0.000000000  0.000000000
  0.000000000  0.000000000  0.000000000
  0.000000000  0.000000000  0.000000000
  0.000000000  0.000000000  0.000000000
  0.000000000  0.000000000  0.000000000
  0.000000000  0.000000000  0.000000000
  0.000000000  0.000000000  0.000000000
  0.000000000  0.000000000  0.000000000
  0.000000000  0.000000000  0.000000000
  0.000000000  0.000000000  0.000000000
  0.000000000  0.000000000  0.000000000
  0.000000000  0.000000000  0.000000000
  0.000000000  0.000000000  0.000000000
  0.000000000  0.000000000  0.000000000
  0.000000000  0.000000000  0.000000000
  0.000000000  0.000000000  0.000000000
  0.000000000  0.000000000  0.000000000
  0.000000000  0.000000000  0.000000000
  0.000000000  0.000000000  0.000000000
  0.000000000  0.000000000  0.000000000
  0.000000000  0.000000000  0.000000000
  0.000000000  0.000000000  0.000000000
  0.000000000  0.000000000  0.000000000
  0.000000000  0.000000000  0.000000000
  0.000000000  0.000000000  0.000000000
  0.000000000  0.000000000  0.000000000
  0.000000000  0.000000000  0.000000000
  0.000000000  0.000000000  0.000000000
  0.000000000  0.000000000  0.000000000
  0.000000000  0.000000000  0.000000000
  0.000000000  0.000000000  0.000000000
  0.000000000  0.000000000  0.000000000
  0.000000000  0.000000000  0.000000000
  0.000000000  0.000000000  0.000000000
  0.000000000  0.000000000  0.000000000
  0.000000000  0.000000000  0.000000000
  0.000000000  0.000000000  0.000000000
  0.000000000  0.000000000  0.000000000
  0.000000000  0.000000000  0.000000000
  0.000000000  0.000000000  0.000000000
  0.000000000  0.000000000  0.000000000
  0.000000000  0.000000000  0.000000000
  0.000000000  0.000000000  0.000000000
  0.000000000  0.000000000  0.000000000
  0.000000000  0.000000000  0.000000000
  0.000000000  0.000000000  0.000000000
  0.000000000  0.000000000  0.000000000
  0.000000000  0.000000000  0.000000000
  0.000000000  0.000000000  0.000000000
  0.000000000  0.000000000  0.000000000
  0.000000000  0.000000000  0.000000000
  0.000000000  0.000000000  0.000000000
  0.000000000  0.000000000  0.000000000
  0.000000000  0.000000000  0.000000000
  0.000000000  0.000000000  0.000000000
  0.000000000  0.000000000  0.000000000
  0.000000000  0.000000000  0.000000000
  0.000000000  0.000000000  0.000000000
  0.000000000  0.000000000  0.000000000
  0.000000000  0.000000000  0.000000000
  0.000000000  0.000000000  0.000000000
  0.000000000  0.000000000  0.000000000
  0.000000000  0.000000000  0.000000000
  0.000000000  0.000000000  0.000000000
  0.000000000  0.000000000  0.000000000
  0.000000000  0.000000000  0.000000000
  0.000000000  0.000000000  0.000000000
  0.000000000  0.000000000  0.000000000
  0.000000000  0.000000000  0.000000000
  0.000000000  0.000000000  0.000000000
  0.000000000  0.000000000  0.000000000
  0.000000000  0.000000000  0.000000000
  0.000000000  0.000000000  0.000000000
  0.000000000  0.000000000  0.000000000
  0.000000000  0.000000000  0.000000000
  0.000000000  0.000000000  0.000000000
  0.000000000  0.000000000  0.000000000
  0.000000000  0.000000000  0.000000000
  0.000000000  0.000000000  0.000000000
  0.000000000  0.000000000  0.000000000
  0.000000000  0.000000000  0.000000000
  0.000000000  0.000000000  0.000000000
  0.000000000  0.000000000  0.000000000
  0.000000000  0.000000000  0.000000000
  0.000000000  0.000000000  0.000000000
  0.000000000  0.000000000  0.000000000
  0.000000000  0.000000000  0.000000000
  0.000000000  0.000000000  0.000000000
  0.000000000  0.000000000  0.000000000
  0.000000000  0.000000000  0.000000000
  0.000000000  0.000000000  0.000000000
  0.000000000  0.000000000  0.000000000
  0.000000000  0.000000000  0.000000000
  0.000000000  0.000000000  0.000000000
  0.000000000  0.000000000  0.000000000
  0.000000000  0.000000000  0.000000000
  0.000000000  0.000000000  0.000000000
  0.000000000  0.000000000  0.000000000
  0.000000000  0.000000000  0.000000000
  0.000000000  0.000000000  0.000000000
  0.000000000  0.000000000  0.000000000
  0.000000000  0.000000000  0.000000000
  0.000000000  0.000000000  0.000000000
  0.000000000  0.000000000  0.000000000
  0.000000000  0.000000000  0.000000000
  0.000000000  0.000000000  0.000000000
  0.000000000  0.000000000  0.000000000
  0.000000000  0.000000000  0.000000000
  0.000000000  0.000000000  0.000000000
  0.000000000  0.000000000  0.000000000
  0.000000000  0.000000000  0.000000000
  0.000000000  0.000000000  0.000000000
  0.000000000  0.000000000  0.000000000
  0.000000000  0.000000000  0.000000000
  0.000000000  0.000000000  0.000000000
  0.000000000  0.000000000  0.000000000
  0.000000000  0.000000000  0.000000000
  0.000000000  0.000000000  0.000000000
  0.000000000  0.000000000  0.000000000
  0.000000000  0.000000000  0.000000000
  0.000000000  0.000000000  0.000000000
  0.000000000  0.000000000  0.000000000
  0.000000000  0.000000000  0.000000000
  0.000000000  0.000000000  0.000000000
  0.000000000  0.000000000  0.000000000
  0.000000000  0.000000000  0.000000000
  0.000000000  0.000000000  0.000000000
  0.000000000  0.000000000  0.000000000
  0.000000000  0.000000000  0.000000000
  0.000000000  0.000000000  0.000000000
  0.000000000  0.000000000  0.000000000
  0.000000000  0.000000000  0.000000000
  0.000000000  0.000000000  0.000000000
  0.000000000  0.000000000  0.000000000
  0.000000000  0.000000000  0.000000000
  0.000000000  0.000000000  0.000000000
  0.000000000  0.000000000  0.000000000
  0.000000000  0.000000000  0.000000000
  0.000000000  0.000000000  0.000000000
  0.000000000  0.000000000  0.000000000
  0.000000000  0.000000000  0.000000000
  0.000000000  0.000000000  0.000000000
  0.000000000  0.000000000  0.000000000
  0.000000000  0.000000000  0.000000000
  0.000000000  0.000000000  0.000000000
  0.000000000  0.000000000  0.000000000
  0.000000000  0.000000000  0.000000000
  0.000000000  0.000000000  0.000000000
  0.000000000  0.000000000  0.000000000
  0.000000000  0.000000000  0.000000000
  0.000000000  0.000000000  0.000000000
  0.000000000  0.000000000  0.000000000
  0.000000000  0.000000000  0.000000000
  0.000000000  0.000000000  0.000000000
  0.000000000  0.000000000  0.000000000
  0.000000000  0.000000000  0.000000000
  0.000000000  0.000000000  0.000000000
  0.000000000  0.000000000  0.000000000
  0.000000000  0.000000000  0.000000000
  0.000000000  0.000000000  0.000000000
  0.000000000  0.000000000  0.000000000
  0.000000000  0.000000000  0.000000000
  0.000000000  0.000000000  0.000000000
  0.000000000  0.000000000  0.000000000
  0.000000000  0.000000000  0.000000000
  0.000000000  0.000000000  0.000000000
  0.000000000  0.000000000  0.000000000
  0.000000000  0.000000000  0.000000000
  0.000000000  0.000000000  0.000000000
  0.000000000  0.000000000  0.000000000
  0.000000000  0.000000000  0.000000000
  0.000000000  0.000000000  0.000000000
 0 0 0
 0 0 0
 0 0 0
 0 0 0
 0 0 0
 0 0 0
 0 0 0
 0 0 0
 0 0 0
 0 0 0
 0 0 0
 0 0 0
 0 0 0
 0 0 0
 0 0 0
 0 0 0
 0 0 0
 0 0 0
 0 0 0
 0 0 0
 0 0 0
 0 0 0
 0 0 0
 0 0 0
 0 0 0
 0 0 0
 0 0 0
 0 0 0
 0 0 0
 0 0 0
 0 0 0
 0 0 0
 0 0 0
 0 0 0
 0 0 0
 0 0 0
 0 0 0
 0 0 0
 0 0 0
 0 0 0
 0 0 0
 0 0 0
 0 0 0
 0 0 0
 0 0 0
 0 0 0
 0 0 0
 0 0 0
 0 0 0
 0 0 0
 0 0 0
 0 0 0
 0 0 0
 0 0 0
 0 0 0
 0 0 0
 0 0 0
 0 0 0
 0 0 0
 0 0 0
 0 0 0
 0 0 0
 0 0 0
 0 0 0
 0 0 0
 0 0 0
 0 0 0
 0 0 0
 0 0 0
 0 0 0
 0 0 0
 0 0 0
 0 0 0
 0 0 0
 0 0 0
 0 0 0
 0 0 0
 0 0 0
 0 0 0
 0 0 0
 0 0 0
 0 0 0
 0 0 0
 0 0 0
 0 0 0
 0 0 0
 0 0 0
 0 0 0
 0 0 0
 0 0 0
 0 0 0
 0 0 0
 0 0 0
 0 0 0
 0 0 0
 0 0 0
 0 0 0
 0 0 0
 0 0 0
 0 0 0
 0 0 0
 0 0 0
 0 0 0
 0 0 0
 0 0 0
 0 0 0
 0 0 0
 0 0 0
 0 0 0
 0 0 0
 0 0 0
 0 0 0
 0 0 0
 0 0 0
 0 0 0
 0 0 0
 0 0 0
 0 0 0
 0 0 0
 0 0 0
 0 0 0
 0 0 0
 0 0 0
 0 0 0
 0 0 0
 0 0 0
 0 0 0
 0 0 0
 0 0 0
 0 0 0
 0 0 0
 0 0 0
 0 0 0
 0 0 0
 0 0 0
 0 0 0
 0 0 0
 0 0 0
 0 0 0
 0 0 0
 0 0 0
 0 0 0
 0 0 0
 0 0 0
 0 0 0
 0 0 0
 0 0 0
 0 0 0
 0 0 0
 0 0 0
 0 0 0
 0 0 0
 0 0 0
 0 0 0
 0 0 0
 0 0 0
 0 0 0
 0 0 0
 0 0 0
 0 0 0
 0 0 0
 0 0 0
 0 0 0
 0 0 0
 0 0 0
 0 0 0
 0 0 0
 0 0 0
 0 0 0
 0 0 0
 0 0 0
 0 0 0
 0 0 0
 0 0 0
 0 0 0
 0 0 0
 0 0 0
 0 0 0
 0 0 0
 0 0 0
 0 0 0
 0 0 0
  0.000000000  0.000000000  0.000000000
  0.000000000  0.000000000  0.000000000
  0.000000000  0.000000000  0.000000000
  0.000000000  0.000000000  0.000000000
  0.000000000  0.000000000  0.000000000
  0.000000000  0.000000000  0.000000000
  0.000000000  0.000000000  0.000000000
  0.000000000  0.000000000  0.000000000
  0.000000000  0.000000000  0.000000000
  0.000000000  0.000000000  0.000000000
  0.000000000  0.000000000  0.000000000
  0.000000000  0.000000000  0.000000000
  0.000000000  0.000000000  0.000000000
  0.000000000  0.000000000  0.000000000
  0.000000000  0.000000000  0.000000000
  0.000000000  0.000000000  0.000000000
  0.000000000  0.000000000  0.000000000
  0.000000000  0.000000000  0.000000000
  0.000000000  0.000000000  0.000000000
  0.000000000  0.000000000  0.000000000
  0.000000000  0.000000000  0.000000000
  0.000000000  0.000000000  0.000000000
  0.000000000  0.000000000  0.000000000
  0.000000000  0.000000000  0.000000000
  0.000000000  0.000000000  0.000000000
  0.000000000  0.000000000  0.000000000
  0.000000000  0.000000000  0.000000000
  0.000000000  0.000000000  0.000000000
  0.000000000  0.000000000  0.000000000
  0.000000000  0.000000000  0.000000000
  0.000000000  0.000000000  0.000000000
  0.000000000  0.000000000  0.000000000
  0.000000000  0.000000000  0.000000000
  0.000000000  0.000000000  0.000000000
  0.000000000  0.000000000  0.000000000
  0.000000000  0.000000000  0.000000000
  0.000000000  0.000000000  0.000000000
  0.000000000  0.000000000  0.000000000
  0.000000000  0.000000000  0.000000000
  0.000000000  0.000000000  0.000000000
  0.000000000  0.000000000  0.000000000
  0.000000000  0.000000000  0.000000000
  0.000000000  0.000000000  0.000000000
  0.000000000  0.000000000  0.000000000
  0.000000000  0.000000000  0.000000000
  0.000000000  0.000000000  0.000000000
  0.000000000  0.000000000  0.000000000
  0.000000000  0.000000000  0.000000000
  0.000000000  0.000000000  0.000000000
  0.000000000  0.000000000  0.000000000
  0.000000000  0.000000000  0.000000000
  0.000000000  0.000000000  0.000000000
  0.000000000  0.000000000  0.000000000
  0.000000000  0.000000000  0.000000000
  0.000000000  0.000000000  0.000000000
  0.000000000  0.000000000  0.000000000
  0.000000000  0.000000000  0.000000000
  0.000000000  0.000000000  0.000000000
  0.000000000  0.000000000  0.000000000
  0.000000000  0.000000000  0.000000000
  0.000000000  0.000000000  0.000000000
  0.000000000  0.000000000  0.000000000
  0.000000000  0.000000000  0.000000000
  0.000000000  0.000000000  0.000000000
  0.000000000  0.000000000  0.000000000
  0.000000000  0.000000000  0.000000000
  0.000000000  0.000000000  0.000000000
  0.000000000  0.000000000  0.000000000
  0.000000000  0.000000000  0.000000000
  0.000000000  0.000000000  0.000000000
  0.000000000  0.000000000  0.000000000
  0.000000000  0.000000000  0.000000000
  0.000000000  0.000000000  0.000000000
  0.000000000  0.000000000  0.000000000
  0.000000000  0.000000000  0.000000000
  0.000000000  0.000000000  0.000000000
  0.000000000  0.000000000  0.000000000
  0.000000000  0.000000000  0.000000000
  0.000000000  0.000000000  0.000000000
  0.000000000  0.000000000  0.000000000
  0.000000000  0.000000000  0.000000000
  0.000000000  0.000000000  0.000000000
  0.000000000  0.000000000  0.000000000
  0.000000000  0.000000000  0.000000000
  0.000000000  0.000000000  0.000000000
  0.000000000  0.000000000  0.000000000
  0.000000000  0.000000000  0.000000000
  0.000000000  0.000000000  0.000000000
  0.000000000  0.000000000  0.000000000
  0.000000000  0.000000000  0.000000000
  0.000000000  0.000000000  0.000000000
  0.000000000  0.000000000  0.000000000
  0.000000000  0.000000000  0.000000000
  0.000000000  0.000000000  0.000000000
  0.000000000  0.000000000  0.000000000
  0.000000000  0.000000000  0.000000000
  0.000000000  0.000000000  0.000000000
  0.000000000  0.000000000  0.000000000
  0.000000000  0.000000000  0.000000000
  0.000000000  0.000000000  0.000000000
  0.000000000  0.000000000  0.000000000
  0.000000000  0.000000000  0.000000000
  0.000000000  0.000000000  0.000000000
  0.000000000  0.000000000  0.000000000
  0.000000000  0.000000000  0.000000000
  0.000000000  0.000000000  0.000000000
  0.000000000  0.000000000  0.000000000
  0.000000000  0.000000000  0.000000000
  0.000000000  0.000000000  0.000000000
  0.000000000  0.000000000  0.000000000
  0.000000000  0.000000000  0.000000000
  0.000000000  0.000000000  0.000000000
  0.000000000  0.000000000  0.000000000
  0.000000000  0.000000000  0.000000000
  0.000000000  0.000000000  0.000000000
  0.000000000  0.000000000  0.000000000
  0.000000000  0.000000000  0.000000000
  0.000000000  0.000000000  0.000000000
  0.000000000  0.000000000  0.000000000
  0.000000000  0.000000000  0.000000000
  0.000000000  0.000000000  0.000000000
  0.000000000  0.000000000  0.000000000
  0.000000000  0.000000000  0.000000000
  0.000000000  0.000000000  0.000000000
  0.000000000  0.000000000  0.000000000
  0.000000000  0.000000000  0.000000000
  0.000000000  0.000000000  0.000000000
  0.000000000  0.000000000  0.000000000
  0.000000000  0.000000000  0.000000000
  0.000000000  0.000000000  0.000000000
  0.000000000  0.000000000  0.000000000
  0.000000000  0.000000000  0.000000000
  0.000000000  0.000000000  0.000000000
  0.000000000  0.000000000  0.000000000
  0.000000000  0.000000000  0.000000000
  0.000000000  0.000000000  0.000000000
  0.000000000  0.000000000  0.000000000
  0.000000000  0.000000000  0.000000000
  0.000000000  0.000000000  0.000000000
  0.000000000  0.000000000  0.000000000
  0.000000000  0.000000000  0.000000000
  0.000000000  0.000000000  0.000000000
  0.000000000  0.000000000  0.000000000
  0.000000000  0.000000000  0.000000000
  0.000000000  0.000000000  0.000000000
  0.000000000  0.000000000  0.000000000
  0.000000000  0.000000000  0.000000000
  0.000000000  0.000000000  0.000000000
  0.000000000  0.000000000  0.000000000
  0.000000000  0.000000000  0.000000000
  0.000000000  0.000000000  0.000000000
  0.000000000  0.000000000  0.000000000
  0.000000000  0.000000000  0.000000000
  0.000000000  0.000000000  0.000000000
  0.000000000  0.000000000  0.000000000
  0.000000000  0.000000000  0.000000000
  0.000000000  0.000000000  0.000000000
  0.000000000  0.000000000  0.000000000
  0.000000000  0.000000000  0.000000000
  0.000000000  0.000000000  0.000000000
  0.000000000  0.000000000  0.000000000
  0.000000000  0.000000000  0.000000000
  0.000000000  0.000000000  0.000000000
  0.000000000  0.000000000  0.000000000
  0.000000000  0.000000000  0.000000000
  0.000000000  0.000000000  0.000000000
  0.000000000  0.000000000  0.000000000
  0.000000000  0.000000000  0.000000000
  0.000000000  0.000000000  0.000000000
  0.000000000  0.000000000  0.000000000
  0.000000000  0.000000000  0.000000000
  0.000000000  0.000000000  0.000000000
  0.000000000  0.000000000  0.000000000
  0.000000000  0.000000000  0.000000000
  0.000000000  0.000000000  0.000000000
  0.000000000  0.000000000  0.000000000
  0.000000000  0.000000000  0.000000000
  0.000000000  0.000000000  0.000000000
  0.000000000  0.000000000  0.000000000
  0.000000000  0.000000000  0.000000000
  0.000000000  0.000000000  0.000000000
  0.000000000  0.000000000  0.000000000
  0.000000000  0.000000000  0.000000000
  0.000000000  0.000000000  0.000000000
  0.000000000  0.000000000  0.000000000
  0.000000000  0.000000000  0.000000000
  0.000000000  0.000000000  0.000000000
  0.000000000  0.000000000  0.000000000
  0.000000000  0.000000000  0.000000000
  0.000000000  0.000000000  0.000000000
  0.000000000  0.000000000  0.000000000
  0.000000000  0.000000000  0.000000000
  0.000000000  0.000000000  0.000000000
  0.000000000  0.000000000  0.000000000
  0.000000000  0.000000000  0.000000000
  0.000000000  0.000000000  0.000000000
  0.000000000  0.000000000  0.000000000
  0.000000000  0.000000000  0.000000000
  0.000000000  0.000000000  0.000000000
  0.000000000  0.000000000  0.000000000
  0.000000000  0.000000000  0.000000000
  0.000000000  0.000000000  0.000000000
  0.000000000  0.000000000  0.000000000
  0.000000000  0.000000000  0.000000000
  0.000000000  0.000000000  0.000000000
  0.000000000  0.000000000  0.000000000
  0.000000000  0.000000000  0.000000000
  0.000000000  0.000000000  0.000000000
  0.000000000  0.000000000  0.000000000
  0.000000000  0.000000000  0.000000000
  0.000000000  0.000000000  0.000000000
  0.000000000  0.000000000  0.000000000
  0.000000000  0.000000000  0.000000000
  0.000000000  0.000000000  0.000000000
  0.000000000  0.000000000  0.000000000
  0.000000000  0.000000000  0.000000000
  0.000000000  0.000000000  0.000000000
  0.000000000  0.000000000  0.000000000
  0.000000000  0.000000000  0.000000000
  0.000000000  0.000000000  0.000000000
  0.000000000  0.000000000  0.000000000
  0.000000000  0.000000000  0.000000000
  0.000000000  0.000000000  0.000000000
  0.000000000  0.000000000  0.000000000
  0.000000000  0.000000000  0.000000000
  0.000000000  0.000000000  0.000000000
  0.000000000  0.000000000  0.000000000
  0.000000000  0.000000000  0.000000000
  0.000000000  0.000000000  0.000000000
  0.000000000  0.000000000  0.000000000
  0.000000000  0.000000000  0.000000000
  0.000000000  0.000000000  0.000000000
  0.000000000  0.000000000  0.000000000
  0.000000000  0.000000000  0.000000000
  0.000000000  0.000000000  0.000000000
  0.000000000  0.000000000  0.000000000
  0.000000000  0.000000000  0.000000000
  0.000000000  0.000000000  0.000000000
  0.000000000  0.000000000  0.000000000
  0.000000000  0.000000000  0.000000000
  0.000000000  0.000000000  0.000000000
  0.000000000  0.000000000  0.000000000
  0.000000000  0.000000000  0.000000000
  0.000000000  0.000000000  0.000000000
  0.000000000  0.000000000  0.000000000
  0.000000000  0.000000000  0.000000000
  0.000000000  0.000000000  0.000000000
  0.000000000  0.000000000  0.000000000
  0.000000000  0.000000000  0.000000000
  0.000000000  0.000000000  0.000000000
  0.000000000  0.000000000  0.000000000
  0.000000000  0.000000000  0.000000000
  0.000000000  0.000000000  0.000000000
  0.000000000  0.000000000  0.000000000
  0.000000000  0.000000000  0.000000000
  0.000000000  0.000000000  0.000000000
  0.000000000  0.000000000  0.000000000
  0.000000000  0.000000000  0.000000000
  0.000000000  0.000000000  0.000000000
  0.000000000  0.000000000  0.000000000
  0.000000000  0.000000000  0.000000000
  0.000000000  0.000000000  0.000000000
  0.000000000  0.000000000  0.000000000
  0.000000000  0.000000000  0.000000000
  0.000000000  0.000000000  0.000000000
  0.000000000  0.000000000  0.000000000
   1.06000000000000     
   1.06000000000000     
   1.06000000000000     
   1.06000000000000     
   1.06000000000000     
   1.06000000000000     
   1.06000000000000     
   1.06000000000000     
   1.06000000000000     
   1.06000000000000     
   1.06000000000000     
   1.06000000000000     
   1.06000000000000     
   1.06000000000000     
   1.06000000000000     
   1.06000000000000     
   1.06000000000000     
   1.06000000000000     
   1.06000000000000     
   1.06000000000000     
   1.06000000000000     
   1.06000000000000     
   1.06000000000000     
   1.06000000000000     
   1.06000000000000     
   1.06000000000000     
   1.06000000000000     
   1.06000000000000     
   1.06000000000000     
   1.06000000000000     
   1.06000000000000     
   1.06000000000000     
   1.06000000000000     
   1.06000000000000     
   1.06000000000000     
   1.06000000000000     
   1.06000000000000     
   1.06000000000000     
   1.06000000000000     
   1.06000000000000     
   1.06000000000000     
   1.06000000000000     
   1.06000000000000     
   1.06000000000000     
   1.06000000000000     
   1.06000000000000     
   1.06000000000000     
   1.06000000000000     
   1.06000000000000     
   1.06000000000000     
   1.06000000000000     
   1.06000000000000     
   1.06000000000000     
   1.06000000000000     
   1.06000000000000     
   1.06000000000000     
   1.06000000000000     
   1.06000000000000     
   1.06000000000000     
   1.06000000000000     
   1.06000000000000     
   1.06000000000000     
   1.06000000000000     
   1.06000000000000     
   1.06000000000000     
   1.06000000000000     
   1.06000000000000     
   1.06000000000000     
   1.06000000000000     
   1.06000000000000     
   1.06000000000000     
   1.06000000000000     
   1.06000000000000     
   1.06000000000000     
   1.06000000000000     
   1.06000000000000     
   1.06000000000000     
   1.06000000000000     
   1.06000000000000     
   1.06000000000000     
   1.06000000000000     
   1.06000000000000     
   1.06000000000000     
   1.06000000000000     
  3.000000000000000E-002
  3.000000000000000E-002
  3.000000000000000E-002
  3.000000000000000E-002
  3.000000000000000E-002
  3.000000000000000E-002
  3.000000000000000E-002
  3.000000000000000E-002
  3.000000000000000E-002
  3.000000000000000E-002
  3.000000000000000E-002
  3.000000000000000E-002
  3.000000000000000E-002
  3.000000000000000E-002
  3.000000000000000E-002
  3.000000000000000E-002
  3.000000000000000E-002
  3.000000000000000E-002
  3.000000000000000E-002
  3.000000000000000E-002
  3.000000000000000E-002
  3.000000000000000E-002
  3.000000000000000E-002
  3.000000000000000E-002
  3.000000000000000E-002
  3.000000000000000E-002
  3.000000000000000E-002
  3.000000000000000E-002
  3.000000000000000E-002
  3.000000000000000E-002
  3.000000000000000E-002
  3.000000000000000E-002
  3.000000000000000E-002
  3.000000000000000E-002
  3.000000000000000E-002
  3.000000000000000E-002
  3.000000000000000E-002
  3.000000000000000E-002
  3.000000000000000E-002
  3.000000000000000E-002
  3.000000000000000E-002
  3.000000000000000E-002
  3.000000000000000E-002
  3.000000000000000E-002
  3.000000000000000E-002
  3.000000000000000E-002
  3.000000000000000E-002
  3.000000000000000E-002
  3.000000000000000E-002
  3.000000000000000E-002
  3.000000000000000E-002
  3.000000000000000E-002
  3.000000000000000E-002
  3.000000000000000E-002
  3.000000000000000E-002
  3.000000000000000E-002
  3.000000000000000E-002
  3.000000000000000E-002
  3.000000000000000E-002
  3.000000000000000E-002
  3.000000000000000E-002
  3.000000000000000E-002
  3.000000000000000E-002
  3.000000000000000E-002
  3.000000000000000E-002
  3.000000000000000E-002
  3.000000000000000E-002
  3.000000000000000E-002
  3.000000000000000E-002
  3.000000000000000E-002
  3.000000000000000E-002
  3.000000000000000E-002
  3.000000000000000E-002
  3.000000000000000E-002
  3.000000000000000E-002
  3.000000000000000E-002
  3.000000000000000E-002
  3.000000000000000E-002
  3.000000000000000E-002
  3.000000000000000E-002
  3.000000000000000E-002
  3.000000000000000E-002
  3.000000000000000E-002
  3.000000000000000E-002
