           3
 2 1 2
   9   2  10
  0.000000000  0.000000000  0.000000000  0.250000000  0.250000000  0.500000000  0.500000000  0.750000000  0.750000000  1.000000000  1.000000000  1.000000000
  0.000000000  0.000000000  1.000000000  1.000000000
  0.805496829  0.805496829  0.805496829  0.806025370  0.806553911  0.807082452  0.807610994  0.808139535  0.808668076  0.809196617  0.809725159  0.809725159  0.809725159
 -0.159091033730E+02 -0.948390196000E+00  0.200943561380E+02  0.100000000000E+01
 -0.159091033730E+02 -0.948390196000E+00  0.200943561380E+02  0.707106726013E+00
 -0.159091033730E+02 -0.948390196000E+00  0.200943561380E+02  0.100000000000E+01
 -0.159091033730E+02 -0.948390196000E+00  0.200943561380E+02  0.707106658469E+00
 -0.159091033730E+02 -0.948390196000E+00  0.200943561380E+02  0.100000000000E+01
 -0.159091033730E+02 -0.948390196000E+00  0.200943561380E+02  0.707106737650E+00
 -0.159091033730E+02 -0.948390196000E+00  0.200943561380E+02  0.100000000000E+01
 -0.159091033730E+02 -0.948390196000E+00  0.200943561380E+02  0.707106865770E+00
 -0.159091033730E+02 -0.948390196000E+00  0.200943561380E+02  0.100000000000E+01
 -0.152410387070E+02 -0.123922077100E+01  0.206716886640E+02  0.100000000000E+01
 -0.149114364940E+02 -0.164757689200E+01  0.198956558470E+02  0.707106726013E+00
 -0.153248769020E+02 -0.157657418500E+01  0.191018668230E+02  0.100000000000E+01
 -0.162121177630E+02 -0.112586326900E+01  0.185933271160E+02  0.707106658469E+00
 -0.169582827350E+02 -0.491647803000E+00  0.191876703570E+02  0.100000000000E+01
 -0.174803863140E+02 -0.160425793900E+01  0.195730431160E+02  0.707106737650E+00
 -0.165790902730E+02 -0.198745678100E+01  0.203462084350E+02  0.100000000000E+01
 -0.157280258500E+02 -0.218629283400E+01  0.209745103420E+02  0.707106865770E+00
 -0.152410387070E+02 -0.123922077100E+01  0.206716886640E+02  0.100000000000E+01
 -0.159707796430E+02 -0.128023336800E+01  0.200001090520E+02  0.100000000000E+01
 -0.159707796430E+02 -0.128023336800E+01  0.200001090520E+02  0.707106897198E+00
 -0.159707796430E+02 -0.128023336800E+01  0.200001090520E+02  0.100000000000E+01
 -0.159707796430E+02 -0.128023336800E+01  0.200001090520E+02  0.707106910382E+00
 -0.159707796430E+02 -0.128023336800E+01  0.200001090520E+02  0.100000000000E+01
 -0.159707796430E+02 -0.128023336800E+01  0.200001090520E+02  0.707106708474E+00
 -0.159707796430E+02 -0.128023336800E+01  0.200001090520E+02  0.100000000000E+01
 -0.159707796430E+02 -0.128023336800E+01  0.200001090520E+02  0.707106723789E+00
 -0.159707796430E+02 -0.128023336800E+01  0.200001090520E+02  0.100000000000E+01
 -0.153485925630E+02 -0.155424869800E+01  0.205551505080E+02  0.100000000000E+01
 -0.149045395260E+02 -0.182527267800E+01  0.198355425090E+02  0.707106897198E+00
 -0.153486505590E+02 -0.165131456000E+01  0.191195220620E+02  0.100000000000E+01
 -0.161181202380E+02 -0.128489297100E+01  0.188403217970E+02  0.707106910382E+00
 -0.168863838920E+02 -0.876994927000E+00  0.191833143680E+02  0.100000000000E+01
 -0.172072019750E+02 -0.174079228000E+01  0.195906730780E+02  0.707106708474E+00
 -0.165145649710E+02 -0.206539173600E+01  0.202220575840E+02  0.100000000000E+01
 -0.158271449810E+02 -0.230521997500E+01  0.207918775880E+02  0.707106723789E+00
 -0.153485925630E+02 -0.155424869800E+01  0.205551505080E+02  0.100000000000E+01
 -0.160047075720E+02 -0.160633208200E+01  0.198766319400E+02  0.100000000000E+01
 -0.160047075720E+02 -0.160633208200E+01  0.198766319400E+02  0.707106816453E+00
 -0.160047075720E+02 -0.160633208200E+01  0.198766319400E+02  0.100000000000E+01
 -0.160047075720E+02 -0.160633208200E+01  0.198766319400E+02  0.707106445075E+00
 -0.160047075720E+02 -0.160633208200E+01  0.198766319400E+02  0.100000000000E+01
 -0.160047075720E+02 -0.160633208200E+01  0.198766319400E+02  0.707106475154E+00
 -0.160047075720E+02 -0.160633208200E+01  0.198766319400E+02  0.100000000000E+01
 -0.160047075720E+02 -0.160633208200E+01  0.198766319400E+02  0.707107097324E+00
 -0.160047075720E+02 -0.160633208200E+01  0.198766319400E+02  0.100000000000E+01
 -0.154062340220E+02 -0.188006799700E+01  0.204296982080E+02  0.100000000000E+01
 -0.148164449070E+02 -0.200733362900E+01  0.197507850370E+02  0.707106816453E+00
 -0.153611279380E+02 -0.174252741500E+01  0.191128051070E+02  0.100000000000E+01
 -0.160227526140E+02 -0.149136270400E+01  0.189433491300E+02  0.707106445075E+00
 -0.166999004230E+02 -0.128835743800E+01  0.192341857140E+02  0.100000000000E+01
 -0.168924708110E+02 -0.191070138000E+01  0.195662853830E+02  0.707106475154E+00
 -0.164338744520E+02 -0.220000741400E+01  0.200471998260E+02  0.100000000000E+01
 -0.158965673140E+02 -0.246280881900E+01  0.205559758120E+02  0.707107097324E+00
 -0.154062340220E+02 -0.188006799700E+01  0.204296982080E+02  0.100000000000E+01
 -0.160027562570E+02 -0.191876750800E+01  0.197184712480E+02  0.100000000000E+01
 -0.160027562570E+02 -0.191876750800E+01  0.197184712480E+02  0.707106855637E+00
 -0.160027562570E+02 -0.191876750800E+01  0.197184712480E+02  0.100000000000E+01
 -0.160027562570E+02 -0.191876750800E+01  0.197184712480E+02  0.707106632356E+00
 -0.160027562570E+02 -0.191876750800E+01  0.197184712480E+02  0.100000000000E+01
 -0.160027562570E+02 -0.191876750800E+01  0.197184712480E+02  0.707106591677E+00
 -0.160027562570E+02 -0.191876750800E+01  0.197184712480E+02  0.100000000000E+01
 -0.160027562570E+02 -0.191876750800E+01  0.197184712480E+02  0.707106915406E+00
 -0.160027562570E+02 -0.191876750800E+01  0.197184712480E+02  0.100000000000E+01
 -0.153967259070E+02 -0.221147254300E+01  0.202957403480E+02  0.100000000000E+01
 -0.147140469930E+02 -0.213517711200E+01  0.196643478790E+02  0.707106855637E+00
 -0.153483835740E+02 -0.183343994900E+01  0.190747615330E+02  0.100000000000E+01
 -0.159204878640E+02 -0.169484271300E+01  0.189645509940E+02  0.707106632356E+00
 -0.164745534570E+02 -0.169089520100E+01  0.192690650370E+02  0.100000000000E+01
 -0.166171783630E+02 -0.213570312200E+01  0.194911492910E+02  0.707106591677E+00
 -0.163499598680E+02 -0.239920922800E+01  0.198393653320E+02  0.100000000000E+01
 -0.159105207280E+02 -0.265073080500E+01  0.202853180590E+02  0.707106915406E+00
 -0.153967259070E+02 -0.221147254300E+01  0.202957403480E+02  0.100000000000E+01
 -0.159466566420E+02 -0.220363972000E+01  0.195236981450E+02  0.100000000000E+01
 -0.159466566420E+02 -0.220363972000E+01  0.195236981450E+02  0.707107041053E+00
 -0.159466566420E+02 -0.220363972000E+01  0.195236981450E+02  0.100000000000E+01
 -0.159466566420E+02 -0.220363972000E+01  0.195236981450E+02  0.707106474401E+00
 -0.159466566420E+02 -0.220363972000E+01  0.195236981450E+02  0.100000000000E+01
 -0.159466566420E+02 -0.220363972000E+01  0.195236981450E+02  0.707106234734E+00
 -0.159466566420E+02 -0.220363972000E+01  0.195236981450E+02  0.100000000000E+01
 -0.159466566420E+02 -0.220363972000E+01  0.195236981450E+02  0.707107196982E+00
 -0.159466566420E+02 -0.220363972000E+01  0.195236981450E+02  0.100000000000E+01
 -0.153789172630E+02 -0.246660346500E+01  0.201070067710E+02  0.100000000000E+01
 -0.146554456810E+02 -0.215658209100E+01  0.196827084610E+02  0.707107041053E+00
 -0.153158322530E+02 -0.187928428000E+01  0.190559361760E+02  0.100000000000E+01
 -0.158467142240E+02 -0.182130821700E+01  0.188506094840E+02  0.707106474401E+00
 -0.162610589880E+02 -0.205801557600E+01  0.192006741600E+02  0.100000000000E+01
 -0.164122505640E+02 -0.242650008200E+01  0.193138703990E+02  0.707106234734E+00
 -0.162299420220E+02 -0.266115824300E+01  0.195931674200E+02  0.100000000000E+01
 -0.158434978210E+02 -0.285131278700E+01  0.199970445630E+02  0.707107196982E+00
 -0.153789172630E+02 -0.246660346500E+01  0.201070067710E+02  0.100000000000E+01
 -0.158193548710E+02 -0.244340055500E+01  0.193031415810E+02  0.100000000000E+01
 -0.158193548710E+02 -0.244340055500E+01  0.193031415810E+02  0.707106555096E+00
 -0.158193548710E+02 -0.244340055500E+01  0.193031415810E+02  0.100000000000E+01
 -0.158193548710E+02 -0.244340055500E+01  0.193031415810E+02  0.707107258643E+00
 -0.158193548710E+02 -0.244340055500E+01  0.193031415810E+02  0.100000000000E+01
 -0.158193548710E+02 -0.244340055500E+01  0.193031415810E+02  0.707107306443E+00
 -0.158193548710E+02 -0.244340055500E+01  0.193031415810E+02  0.100000000000E+01
 -0.158193548710E+02 -0.244340055500E+01  0.193031415810E+02  0.707106334482E+00
 -0.158193548710E+02 -0.244340055500E+01  0.193031415810E+02  0.100000000000E+01
 -0.153137635100E+02 -0.267411605700E+01  0.198695537770E+02  0.100000000000E+01
 -0.146203169350E+02 -0.218067579500E+01  0.196713174870E+02  0.707106555096E+00
 -0.152679293160E+02 -0.194256935400E+01  0.190149294250E+02  0.100000000000E+01
 -0.157598535200E+02 -0.193984831800E+01  0.187308262170E+02  0.707107258643E+00
 -0.160898149950E+02 -0.231998221500E+01  0.190001449010E+02  0.100000000000E+01
 -0.162253896310E+02 -0.267517480700E+01  0.190738955160E+02  0.707107306443E+00
 -0.160630921380E+02 -0.289729770800E+01  0.193358206610E+02  0.100000000000E+01
 -0.157144935720E+02 -0.305696386800E+01  0.197266746880E+02  0.707106334482E+00
 -0.153137635100E+02 -0.267411605700E+01  0.198695537770E+02  0.100000000000E+01
 -0.156381498300E+02 -0.263363387500E+01  0.190717575600E+02  0.100000000000E+01
 -0.156381498300E+02 -0.263363387500E+01  0.190717575600E+02  0.707106764890E+00
 -0.156381498300E+02 -0.263363387500E+01  0.190717575600E+02  0.100000000000E+01
 -0.156381498300E+02 -0.263363387500E+01  0.190717575600E+02  0.707106428624E+00
 -0.156381498300E+02 -0.263363387500E+01  0.190717575600E+02  0.100000000000E+01
 -0.156381498300E+02 -0.263363387500E+01  0.190717575600E+02  0.707106751861E+00
 -0.156381498300E+02 -0.263363387500E+01  0.190717575600E+02  0.100000000000E+01
 -0.156381498300E+02 -0.263363387500E+01  0.190717575600E+02  0.707106999168E+00
 -0.156381498300E+02 -0.263363387500E+01  0.190717575600E+02  0.100000000000E+01
 -0.151891949550E+02 -0.284549488800E+01  0.196119693710E+02  0.100000000000E+01
 -0.146097605240E+02 -0.223899802200E+01  0.195778009090E+02  0.707106764890E+00
 -0.151930847970E+02 -0.203622744000E+01  0.189361681340E+02  0.100000000000E+01
 -0.156350728950E+02 -0.202749228200E+01  0.185704415970E+02  0.707106428624E+00
 -0.159393370280E+02 -0.249150440400E+01  0.187093512910E+02  0.100000000000E+01
 -0.161375749230E+02 -0.293306487300E+01  0.187497043340E+02  0.707106751861E+00
 -0.159148573880E+02 -0.317543918400E+01  0.190892360020E+02  0.100000000000E+01
 -0.155494466840E+02 -0.327864595300E+01  0.194928402420E+02  0.707106999168E+00
 -0.151891949550E+02 -0.284549488800E+01  0.196119693710E+02  0.100000000000E+01
 -0.154287561300E+02 -0.279344955300E+01  0.188404256700E+02  0.100000000000E+01
 -0.154287561300E+02 -0.279344955300E+01  0.188404256700E+02  0.707106901617E+00
 -0.154287561300E+02 -0.279344955300E+01  0.188404256700E+02  0.100000000000E+01
 -0.154287561300E+02 -0.279344955300E+01  0.188404256700E+02  0.707106797541E+00
 -0.154287561300E+02 -0.279344955300E+01  0.188404256700E+02  0.100000000000E+01
 -0.154287561300E+02 -0.279344955300E+01  0.188404256700E+02  0.707106666701E+00
 -0.154287561300E+02 -0.279344955300E+01  0.188404256700E+02  0.100000000000E+01
 -0.154287561300E+02 -0.279344955300E+01  0.188404256700E+02  0.707106758888E+00
 -0.154287561300E+02 -0.279344955300E+01  0.188404256700E+02  0.100000000000E+01
 -0.150328451060E+02 -0.299053227500E+01  0.193472093590E+02  0.100000000000E+01
 -0.146475060380E+02 -0.241796279600E+01  0.193040975370E+02  0.707106901617E+00
 -0.150608503120E+02 -0.221591786900E+01  0.187776053860E+02  0.100000000000E+01
 -0.154534377350E+02 -0.214829129400E+01  0.183647523640E+02  0.707106797541E+00
 -0.157964929170E+02 -0.261039168100E+01  0.183697050630E+02  0.100000000000E+01
 -0.160594505200E+02 -0.310124409300E+01  0.184693832430E+02  0.707106666701E+00
 -0.157761164610E+02 -0.333873053100E+01  0.188997375580E+02  0.100000000000E+01
 -0.154024782740E+02 -0.340266784200E+01  0.192923647980E+02  0.707106758888E+00
 -0.150328451060E+02 -0.299053227500E+01  0.193472093590E+02  0.100000000000E+01
 -0.152131651700E+02 -0.295538759000E+01  0.186163752660E+02  0.100000000000E+01
 -0.152131651700E+02 -0.295538759000E+01  0.186163752660E+02  0.707106564769E+00
 -0.152131651700E+02 -0.295538759000E+01  0.186163752660E+02  0.100000000000E+01
 -0.152131651700E+02 -0.295538759000E+01  0.186163752660E+02  0.707106899255E+00
 -0.152131651700E+02 -0.295538759000E+01  0.186163752660E+02  0.100000000000E+01
 -0.152131651700E+02 -0.295538759000E+01  0.186163752660E+02  0.707106914112E+00
 -0.152131651700E+02 -0.295538759000E+01  0.186163752660E+02  0.100000000000E+01
 -0.152131651700E+02 -0.295538759000E+01  0.186163752660E+02  0.707106672048E+00
 -0.152131651700E+02 -0.295538759000E+01  0.186163752660E+02  0.100000000000E+01
 -0.148961180010E+02 -0.311347680200E+01  0.191408800490E+02  0.100000000000E+01
 -0.146743849430E+02 -0.266355239800E+01  0.190106484740E+02  0.707106564769E+00
 -0.148809636810E+02 -0.244750488900E+01  0.185686483390E+02  0.100000000000E+01
 -0.153247361240E+02 -0.217028182500E+01  0.182357046450E+02  0.707106899255E+00
 -0.157456081080E+02 -0.264383853800E+01  0.182256501050E+02  0.100000000000E+01
 -0.161045766170E+02 -0.323545106800E+01  0.182949914350E+02  0.707106914112E+00
 -0.155745274060E+02 -0.350785210000E+01  0.186682910280E+02  0.100000000000E+01
 -0.152297336440E+02 -0.352999976400E+01  0.191058723860E+02  0.707106672048E+00
 -0.148961180010E+02 -0.311347680200E+01  0.191408800490E+02  0.100000000000E+01
 -0.149889318860E+02 -0.312213711100E+01  0.184047357430E+02  0.100000000000E+01
 -0.149889318860E+02 -0.312213711100E+01  0.184047357430E+02  0.707106809943E+00
 -0.149889318860E+02 -0.312213711100E+01  0.184047357430E+02  0.100000000000E+01
 -0.149889318860E+02 -0.312213711100E+01  0.184047357430E+02  0.707106774911E+00
 -0.149889318860E+02 -0.312213711100E+01  0.184047357430E+02  0.100000000000E+01
 -0.149889318860E+02 -0.312213711100E+01  0.184047357430E+02  0.707106638954E+00
 -0.149889318860E+02 -0.312213711100E+01  0.184047357430E+02  0.100000000000E+01
 -0.149889318860E+02 -0.312213711100E+01  0.184047357430E+02  0.707106651519E+00
 -0.149889318860E+02 -0.312213711100E+01  0.184047357430E+02  0.100000000000E+01
 -0.147343374190E+02 -0.323265100000E+01  0.189820874190E+02  0.100000000000E+01
 -0.145757895630E+02 -0.285777218600E+01  0.187860920550E+02  0.707106809943E+00
 -0.147337548890E+02 -0.273937191900E+01  0.183654775950E+02  0.100000000000E+01
 -0.151566261020E+02 -0.216077453500E+01  0.181349984440E+02  0.707106774911E+00
 -0.157203574560E+02 -0.266189866200E+01  0.181377920560E+02  0.100000000000E+01
 -0.161863323580E+02 -0.341497327500E+01  0.182226655490E+02  0.707106638954E+00
 -0.153399741290E+02 -0.364870077900E+01  0.184587421070E+02  0.100000000000E+01
 -0.150587431480E+02 -0.368236754600E+01  0.189858049550E+02  0.707106651519E+00
 -0.147343374190E+02 -0.323265100000E+01  0.189820874190E+02  0.100000000000E+01
           1
           2
           3
           4
           5
           6
           7
           8
           9
          10
          11
          12
          13
          14
          15
          16
          17
          18
          19
          20
          21
          22
          23
          24
          25
          26
          27
          28
          29
          30
          31
          32
          33
          34
          35
          36
          37
          38
          39
          40
          41
          42
          43
          44
          45
          46
          47
          48
          49
          50
          51
          52
          53
          54
          55
          56
          57
          58
          59
          60
          61
          62
          63
          64
          65
          66
          67
          68
          69
          70
          71
          72
          73
          74
          75
          76
          77
          78
          79
          80
          81
          82
          83
          84
          85
          86
          87
          88
          89
          90
          91
          92
          93
          94
          95
          96
          97
          98
          99
         100
         101
         102
         103
         104
         105
         106
         107
         108
         109
         110
         111
         112
         113
         114
         115
         116
         117
         118
         119
         120
         121
         122
         123
         124
         125
         126
         127
         128
         129
         130
         131
         132
         133
         134
         135
         136
         137
         138
         139
         140
         141
         142
         143
         144
         145
         146
         147
         148
         149
         150
         151
         152
         153
         154
         155
         156
         157
         158
         159
         160
         161
         162
         163
         164
         165
         166
         167
         168
         169
         170
         171
         172
         173
         174
         175
         176
         177
         178
         179
         180
 1 0 0
 0 0 0
 0 0 0
 0 0 0
 0 0 0
 0 0 0
 0 0 0
 0 0 0
 0 0 0
 0 0 0
 0 0 0
 0 0 0
 0 0 0
 0 0 0
 0 0 0
 0 0 0
 0 0 0
 0 0 0
 0 0 0
 0 0 0
 0 0 0
 0 0 0
 0 0 0
 0 0 0
 0 0 0
 0 0 0
 0 0 0
 0 0 0
 0 0 0
 0 0 0
 0 0 0
 0 0 0
 0 0 0
 0 0 0
 0 0 0
 0 0 0
 0 0 0
 0 0 0
 0 0 0
 0 0 0
 0 0 0
 0 0 0
 0 0 0
 0 0 0
 0 0 0
 0 0 0
 0 0 0
 0 0 0
 0 0 0
 0 0 0
 0 0 0
 0 0 0
 0 0 0
 0 0 0
 0 0 0
 0 0 0
 0 0 0
 0 0 0
 0 0 0
 0 0 0
 0 0 0
 0 0 0
 0 0 0
 0 0 0
 0 0 0
 0 0 0
 0 0 0
 0 0 0
 0 0 0
 0 0 0
 0 0 0
 0 0 0
 0 0 0
 0 0 0
 0 0 0
 0 0 0
 0 0 0
 0 0 0
 0 0 0
 0 0 0
 0 0 0
 0 0 0
 0 0 0
 0 0 0
 0 0 0
 0 0 0
 0 0 0
 0 0 0
 0 0 0
 0 0 0
 0 0 0
 0 0 0
 0 0 0
 0 0 0
 0 0 0
 0 0 0
 0 0 0
 0 0 0
 0 0 0
 0 0 0
 0 0 0
 0 0 0
 0 0 0
 0 0 0
 0 0 0
 0 0 0
 0 0 0
 0 0 0
 0 0 0
 0 0 0
 0 0 0
 0 0 0
 0 0 0
 0 0 0
 0 0 0
 0 0 0
 0 0 0
 0 0 0
 0 0 0
 0 0 0
 0 0 0
 0 0 0
 0 0 0
 0 0 0
 0 0 0
 0 0 0
 0 0 0
 0 0 0
 0 0 0
 0 0 0
 0 0 0
 0 0 0
 0 0 0
 0 0 0
 0 0 0
 0 0 0
 0 0 0
 0 0 0
 0 0 0
 0 0 0
 0 0 0
 0 0 0
 0 0 0
 0 0 0
 0 0 0
 0 0 0
 0 0 0
 0 0 0
 0 0 0
 0 0 0
 0 0 0
 0 0 0
 0 0 0
 0 0 0
 0 0 0
 0 0 0
 0 0 0
 0 0 0
 0 0 0
 0 0 0
 0 0 0
 0 0 0
 0 0 0
 0 0 0
 0 0 0
 0 0 0
 0 0 0
 0 0 0
 0 0 0
 0 0 0
 0 0 0
 0 0 0
 0 0 0
 0 0 0
 0 0 0
 0 0 0
 0 0 0
 0 0 0
 0 0 0
 0 0 0
 0 0 0
  0.000000000  0.000000000  0.000000000
  0.000000000  0.000000000  0.000000000
  0.000000000  0.000000000  0.000000000
  0.000000000  0.000000000  0.000000000
  0.000000000  0.000000000  0.000000000
  0.000000000  0.000000000  0.000000000
  0.000000000  0.000000000  0.000000000
  0.000000000  0.000000000  0.000000000
  0.000000000  0.000000000  0.000000000
  0.000000000  0.000000000  0.000000000
  0.000000000  0.000000000  0.000000000
  0.000000000  0.000000000  0.000000000
  0.000000000  0.000000000  0.000000000
  0.000000000  0.000000000  0.000000000
  0.000000000  0.000000000  0.000000000
  0.000000000  0.000000000  0.000000000
  0.000000000  0.000000000  0.000000000
  0.000000000  0.000000000  0.000000000
  0.000000000  0.000000000  0.000000000
  0.000000000  0.000000000  0.000000000
  0.000000000  0.000000000  0.000000000
  0.000000000  0.000000000  0.000000000
  0.000000000  0.000000000  0.000000000
  0.000000000  0.000000000  0.000000000
  0.000000000  0.000000000  0.000000000
  0.000000000  0.000000000  0.000000000
  0.000000000  0.000000000  0.000000000
  0.000000000  0.000000000  0.000000000
  0.000000000  0.000000000  0.000000000
  0.000000000  0.000000000  0.000000000
  0.000000000  0.000000000  0.000000000
  0.000000000  0.000000000  0.000000000
  0.000000000  0.000000000  0.000000000
  0.000000000  0.000000000  0.000000000
  0.000000000  0.000000000  0.000000000
  0.000000000  0.000000000  0.000000000
  0.000000000  0.000000000  0.000000000
  0.000000000  0.000000000  0.000000000
  0.000000000  0.000000000  0.000000000
  0.000000000  0.000000000  0.000000000
  0.000000000  0.000000000  0.000000000
  0.000000000  0.000000000  0.000000000
  0.000000000  0.000000000  0.000000000
  0.000000000  0.000000000  0.000000000
  0.000000000  0.000000000  0.000000000
  0.000000000  0.000000000  0.000000000
  0.000000000  0.000000000  0.000000000
  0.000000000  0.000000000  0.000000000
  0.000000000  0.000000000  0.000000000
  0.000000000  0.000000000  0.000000000
  0.000000000  0.000000000  0.000000000
  0.000000000  0.000000000  0.000000000
  0.000000000  0.000000000  0.000000000
  0.000000000  0.000000000  0.000000000
  0.000000000  0.000000000  0.000000000
  0.000000000  0.000000000  0.000000000
  0.000000000  0.000000000  0.000000000
  0.000000000  0.000000000  0.000000000
  0.000000000  0.000000000  0.000000000
  0.000000000  0.000000000  0.000000000
  0.000000000  0.000000000  0.000000000
  0.000000000  0.000000000  0.000000000
  0.000000000  0.000000000  0.000000000
  0.000000000  0.000000000  0.000000000
  0.000000000  0.000000000  0.000000000
  0.000000000  0.000000000  0.000000000
  0.000000000  0.000000000  0.000000000
  0.000000000  0.000000000  0.000000000
  0.000000000  0.000000000  0.000000000
  0.000000000  0.000000000  0.000000000
  0.000000000  0.000000000  0.000000000
  0.000000000  0.000000000  0.000000000
  0.000000000  0.000000000  0.000000000
  0.000000000  0.000000000  0.000000000
  0.000000000  0.000000000  0.000000000
  0.000000000  0.000000000  0.000000000
  0.000000000  0.000000000  0.000000000
  0.000000000  0.000000000  0.000000000
  0.000000000  0.000000000  0.000000000
  0.000000000  0.000000000  0.000000000
  0.000000000  0.000000000  0.000000000
  0.000000000  0.000000000  0.000000000
  0.000000000  0.000000000  0.000000000
  0.000000000  0.000000000  0.000000000
  0.000000000  0.000000000  0.000000000
  0.000000000  0.000000000  0.000000000
  0.000000000  0.000000000  0.000000000
  0.000000000  0.000000000  0.000000000
  0.000000000  0.000000000  0.000000000
  0.000000000  0.000000000  0.000000000
  0.000000000  0.000000000  0.000000000
  0.000000000  0.000000000  0.000000000
  0.000000000  0.000000000  0.000000000
  0.000000000  0.000000000  0.000000000
  0.000000000  0.000000000  0.000000000
  0.000000000  0.000000000  0.000000000
  0.000000000  0.000000000  0.000000000
  0.000000000  0.000000000  0.000000000
  0.000000000  0.000000000  0.000000000
  0.000000000  0.000000000  0.000000000
  0.000000000  0.000000000  0.000000000
  0.000000000  0.000000000  0.000000000
  0.000000000  0.000000000  0.000000000
  0.000000000  0.000000000  0.000000000
  0.000000000  0.000000000  0.000000000
  0.000000000  0.000000000  0.000000000
  0.000000000  0.000000000  0.000000000
  0.000000000  0.000000000  0.000000000
  0.000000000  0.000000000  0.000000000
  0.000000000  0.000000000  0.000000000
  0.000000000  0.000000000  0.000000000
  0.000000000  0.000000000  0.000000000
  0.000000000  0.000000000  0.000000000
  0.000000000  0.000000000  0.000000000
  0.000000000  0.000000000  0.000000000
  0.000000000  0.000000000  0.000000000
  0.000000000  0.000000000  0.000000000
  0.000000000  0.000000000  0.000000000
  0.000000000  0.000000000  0.000000000
  0.000000000  0.000000000  0.000000000
  0.000000000  0.000000000  0.000000000
  0.000000000  0.000000000  0.000000000
  0.000000000  0.000000000  0.000000000
  0.000000000  0.000000000  0.000000000
  0.000000000  0.000000000  0.000000000
  0.000000000  0.000000000  0.000000000
  0.000000000  0.000000000  0.000000000
  0.000000000  0.000000000  0.000000000
  0.000000000  0.000000000  0.000000000
  0.000000000  0.000000000  0.000000000
  0.000000000  0.000000000  0.000000000
  0.000000000  0.000000000  0.000000000
  0.000000000  0.000000000  0.000000000
  0.000000000  0.000000000  0.000000000
  0.000000000  0.000000000  0.000000000
  0.000000000  0.000000000  0.000000000
  0.000000000  0.000000000  0.000000000
  0.000000000  0.000000000  0.000000000
  0.000000000  0.000000000  0.000000000
  0.000000000  0.000000000  0.000000000
  0.000000000  0.000000000  0.000000000
  0.000000000  0.000000000  0.000000000
  0.000000000  0.000000000  0.000000000
  0.000000000  0.000000000  0.000000000
  0.000000000  0.000000000  0.000000000
  0.000000000  0.000000000  0.000000000
  0.000000000  0.000000000  0.000000000
  0.000000000  0.000000000  0.000000000
  0.000000000  0.000000000  0.000000000
  0.000000000  0.000000000  0.000000000
  0.000000000  0.000000000  0.000000000
  0.000000000  0.000000000  0.000000000
  0.000000000  0.000000000  0.000000000
  0.000000000  0.000000000  0.000000000
  0.000000000  0.000000000  0.000000000
  0.000000000  0.000000000  0.000000000
  0.000000000  0.000000000  0.000000000
  0.000000000  0.000000000  0.000000000
  0.000000000  0.000000000  0.000000000
  0.000000000  0.000000000  0.000000000
  0.000000000  0.000000000  0.000000000
  0.000000000  0.000000000  0.000000000
  0.000000000  0.000000000  0.000000000
  0.000000000  0.000000000  0.000000000
  0.000000000  0.000000000  0.000000000
  0.000000000  0.000000000  0.000000000
  0.000000000  0.000000000  0.000000000
  0.000000000  0.000000000  0.000000000
  0.000000000  0.000000000  0.000000000
  0.000000000  0.000000000  0.000000000
  0.000000000  0.000000000  0.000000000
  0.000000000  0.000000000  0.000000000
  0.000000000  0.000000000  0.000000000
  0.000000000  0.000000000  0.000000000
  0.000000000  0.000000000  0.000000000
  0.000000000  0.000000000  0.000000000
  0.000000000  0.000000000  0.000000000
  0.000000000  0.000000000  0.000000000
  0.000000000  0.000000000  0.000000000
  0.000000000  0.000000000  0.000000000
 0 0 0
 0 0 0
 0 0 0
 0 0 0
 0 0 0
 0 0 0
 0 0 0
 0 0 0
 0 0 0
 0 0 0
 0 0 0
 0 0 0
 0 0 0
 0 0 0
 0 0 0
 0 0 0
 0 0 0
 0 0 0
 0 0 0
 0 0 0
 0 0 0
 0 0 0
 0 0 0
 0 0 0
 0 0 0
 0 0 0
 0 0 0
 0 0 0
 0 0 0
 0 0 0
 0 0 0
 0 0 0
 0 0 0
 0 0 0
 0 0 0
 0 0 0
 0 0 0
 0 0 0
 0 0 0
 0 0 0
 0 0 0
 0 0 0
 0 0 0
 0 0 0
 0 0 0
 0 0 0
 0 0 0
 0 0 0
 0 0 0
 0 0 0
 0 0 0
 0 0 0
 0 0 0
 0 0 0
 0 0 0
 0 0 0
 0 0 0
 0 0 0
 0 0 0
 0 0 0
 0 0 0
 0 0 0
 0 0 0
 0 0 0
 0 0 0
 0 0 0
 0 0 0
 0 0 0
 0 0 0
 0 0 0
 0 0 0
 0 0 0
 0 0 0
 0 0 0
 0 0 0
 0 0 0
 0 0 0
 0 0 0
 0 0 0
 0 0 0
 0 0 0
 0 0 0
 0 0 0
 0 0 0
 0 0 0
 0 0 0
 0 0 0
 0 0 0
 0 0 0
 0 0 0
 0 0 0
 0 0 0
 0 0 0
 0 0 0
 0 0 0
 0 0 0
 0 0 0
 0 0 0
 0 0 0
 0 0 0
 0 0 0
 0 0 0
 0 0 0
 0 0 0
 0 0 0
 0 0 0
 0 0 0
 0 0 0
 0 0 0
 0 0 0
 0 0 0
 0 0 0
 0 0 0
 0 0 0
 0 0 0
 0 0 0
 0 0 0
 0 0 0
 0 0 0
 0 0 0
 0 0 0
 0 0 0
 0 0 0
 0 0 0
 0 0 0
 0 0 0
  0.000000000  0.000000000  0.000000000
  0.000000000  0.000000000  0.000000000
  0.000000000  0.000000000  0.000000000
  0.000000000  0.000000000  0.000000000
  0.000000000  0.000000000  0.000000000
  0.000000000  0.000000000  0.000000000
  0.000000000  0.000000000  0.000000000
  0.000000000  0.000000000  0.000000000
  0.000000000  0.000000000  0.000000000
  0.000000000  0.000000000  0.000000000
  0.000000000  0.000000000  0.000000000
  0.000000000  0.000000000  0.000000000
  0.000000000  0.000000000  0.000000000
  0.000000000  0.000000000  0.000000000
  0.000000000  0.000000000  0.000000000
  0.000000000  0.000000000  0.000000000
  0.000000000  0.000000000  0.000000000
  0.000000000  0.000000000  0.000000000
  0.000000000  0.000000000  0.000000000
  0.000000000  0.000000000  0.000000000
  0.000000000  0.000000000  0.000000000
  0.000000000  0.000000000  0.000000000
  0.000000000  0.000000000  0.000000000
  0.000000000  0.000000000  0.000000000
  0.000000000  0.000000000  0.000000000
  0.000000000  0.000000000  0.000000000
  0.000000000  0.000000000  0.000000000
  0.000000000  0.000000000  0.000000000
  0.000000000  0.000000000  0.000000000
  0.000000000  0.000000000  0.000000000
  0.000000000  0.000000000  0.000000000
  0.000000000  0.000000000  0.000000000
  0.000000000  0.000000000  0.000000000
  0.000000000  0.000000000  0.000000000
  0.000000000  0.000000000  0.000000000
  0.000000000  0.000000000  0.000000000
  0.000000000  0.000000000  0.000000000
  0.000000000  0.000000000  0.000000000
  0.000000000  0.000000000  0.000000000
  0.000000000  0.000000000  0.000000000
  0.000000000  0.000000000  0.000000000
  0.000000000  0.000000000  0.000000000
  0.000000000  0.000000000  0.000000000
  0.000000000  0.000000000  0.000000000
  0.000000000  0.000000000  0.000000000
  0.000000000  0.000000000  0.000000000
  0.000000000  0.000000000  0.000000000
  0.000000000  0.000000000  0.000000000
  0.000000000  0.000000000  0.000000000
  0.000000000  0.000000000  0.000000000
  0.000000000  0.000000000  0.000000000
  0.000000000  0.000000000  0.000000000
  0.000000000  0.000000000  0.000000000
  0.000000000  0.000000000  0.000000000
  0.000000000  0.000000000  0.000000000
  0.000000000  0.000000000  0.000000000
  0.000000000  0.000000000  0.000000000
  0.000000000  0.000000000  0.000000000
  0.000000000  0.000000000  0.000000000
  0.000000000  0.000000000  0.000000000
  0.000000000  0.000000000  0.000000000
  0.000000000  0.000000000  0.000000000
  0.000000000  0.000000000  0.000000000
  0.000000000  0.000000000  0.000000000
  0.000000000  0.000000000  0.000000000
  0.000000000  0.000000000  0.000000000
  0.000000000  0.000000000  0.000000000
  0.000000000  0.000000000  0.000000000
  0.000000000  0.000000000  0.000000000
  0.000000000  0.000000000  0.000000000
  0.000000000  0.000000000  0.000000000
  0.000000000  0.000000000  0.000000000
  0.000000000  0.000000000  0.000000000
  0.000000000  0.000000000  0.000000000
  0.000000000  0.000000000  0.000000000
  0.000000000  0.000000000  0.000000000
  0.000000000  0.000000000  0.000000000
  0.000000000  0.000000000  0.000000000
  0.000000000  0.000000000  0.000000000
  0.000000000  0.000000000  0.000000000
  0.000000000  0.000000000  0.000000000
  0.000000000  0.000000000  0.000000000
  0.000000000  0.000000000  0.000000000
  0.000000000  0.000000000  0.000000000
  0.000000000  0.000000000  0.000000000
  0.000000000  0.000000000  0.000000000
  0.000000000  0.000000000  0.000000000
  0.000000000  0.000000000  0.000000000
  0.000000000  0.000000000  0.000000000
  0.000000000  0.000000000  0.000000000
  0.000000000  0.000000000  0.000000000
  0.000000000  0.000000000  0.000000000
  0.000000000  0.000000000  0.000000000
  0.000000000  0.000000000  0.000000000
  0.000000000  0.000000000  0.000000000
  0.000000000  0.000000000  0.000000000
  0.000000000  0.000000000  0.000000000
  0.000000000  0.000000000  0.000000000
  0.000000000  0.000000000  0.000000000
  0.000000000  0.000000000  0.000000000
  0.000000000  0.000000000  0.000000000
  0.000000000  0.000000000  0.000000000
  0.000000000  0.000000000  0.000000000
  0.000000000  0.000000000  0.000000000
  0.000000000  0.000000000  0.000000000
  0.000000000  0.000000000  0.000000000
  0.000000000  0.000000000  0.000000000
  0.000000000  0.000000000  0.000000000
  0.000000000  0.000000000  0.000000000
  0.000000000  0.000000000  0.000000000
  0.000000000  0.000000000  0.000000000
  0.000000000  0.000000000  0.000000000
  0.000000000  0.000000000  0.000000000
  0.000000000  0.000000000  0.000000000
  0.000000000  0.000000000  0.000000000
  0.000000000  0.000000000  0.000000000
  0.000000000  0.000000000  0.000000000
  0.000000000  0.000000000  0.000000000
  0.000000000  0.000000000  0.000000000
  0.000000000  0.000000000  0.000000000
  0.000000000  0.000000000  0.000000000
  0.000000000  0.000000000  0.000000000
  0.000000000  0.000000000  0.000000000
  0.000000000  0.000000000  0.000000000
  0.000000000  0.000000000  0.000000000
  0.000000000  0.000000000  0.000000000
  0.000000000  0.000000000  0.000000000
  0.000000000  0.000000000  0.000000000
  0.000000000  0.000000000  0.000000000
  0.000000000  0.000000000  0.000000000
  0.000000000  0.000000000  0.000000000
  0.000000000  0.000000000  0.000000000
  0.000000000  0.000000000  0.000000000
  0.000000000  0.000000000  0.000000000
  0.000000000  0.000000000  0.000000000
  0.000000000  0.000000000  0.000000000
  0.000000000  0.000000000  0.000000000
  0.000000000  0.000000000  0.000000000
  0.000000000  0.000000000  0.000000000
  0.000000000  0.000000000  0.000000000
  0.000000000  0.000000000  0.000000000
  0.000000000  0.000000000  0.000000000
  0.000000000  0.000000000  0.000000000
  0.000000000  0.000000000  0.000000000
  0.000000000  0.000000000  0.000000000
  0.000000000  0.000000000  0.000000000
  0.000000000  0.000000000  0.000000000
  0.000000000  0.000000000  0.000000000
  0.000000000  0.000000000  0.000000000
  0.000000000  0.000000000  0.000000000
  0.000000000  0.000000000  0.000000000
  0.000000000  0.000000000  0.000000000
  0.000000000  0.000000000  0.000000000
  0.000000000  0.000000000  0.000000000
  0.000000000  0.000000000  0.000000000
  0.000000000  0.000000000  0.000000000
  0.000000000  0.000000000  0.000000000
  0.000000000  0.000000000  0.000000000
  0.000000000  0.000000000  0.000000000
  0.000000000  0.000000000  0.000000000
  0.000000000  0.000000000  0.000000000
  0.000000000  0.000000000  0.000000000
  0.000000000  0.000000000  0.000000000
  0.000000000  0.000000000  0.000000000
  0.000000000  0.000000000  0.000000000
  0.000000000  0.000000000  0.000000000
  0.000000000  0.000000000  0.000000000
  0.000000000  0.000000000  0.000000000
  0.000000000  0.000000000  0.000000000
  0.000000000  0.000000000  0.000000000
  0.000000000  0.000000000  0.000000000
  0.000000000  0.000000000  0.000000000
  0.000000000  0.000000000  0.000000000
  0.000000000  0.000000000  0.000000000
  0.000000000  0.000000000  0.000000000
  0.000000000  0.000000000  0.000000000
  0.000000000  0.000000000  0.000000000
  0.000000000  0.000000000  0.000000000
  0.000000000  0.000000000  0.000000000
  0.000000000  0.000000000  0.000000000
  0.000000000  0.000000000  0.000000000
  0.000000000  0.000000000  0.000000000
   1.06000000000000     
   1.06000000000000     
   1.06000000000000     
   1.06000000000000     
   1.06000000000000     
   1.06000000000000     
   1.06000000000000     
   1.06000000000000     
   1.06000000000000     
   1.06000000000000     
   1.06000000000000     
   1.06000000000000     
   1.06000000000000     
   1.06000000000000     
   1.06000000000000     
   1.06000000000000     
   1.06000000000000     
   1.06000000000000     
   1.06000000000000     
   1.06000000000000     
   1.06000000000000     
   1.06000000000000     
   1.06000000000000     
   1.06000000000000     
   1.06000000000000     
   1.06000000000000     
   1.06000000000000     
   1.06000000000000     
   1.06000000000000     
   1.06000000000000     
   1.06000000000000     
   1.06000000000000     
   1.06000000000000     
   1.06000000000000     
   1.06000000000000     
   1.06000000000000     
   1.06000000000000     
   1.06000000000000     
   1.06000000000000     
   1.06000000000000     
   1.06000000000000     
   1.06000000000000     
   1.06000000000000     
   1.06000000000000     
   1.06000000000000     
   1.06000000000000     
   1.06000000000000     
   1.06000000000000     
   1.06000000000000     
   1.06000000000000     
   1.06000000000000     
   1.06000000000000     
   1.06000000000000     
   1.06000000000000     
   1.06000000000000     
   1.06000000000000     
  3.000000000000000E-002
  3.000000000000000E-002
  3.000000000000000E-002
  3.000000000000000E-002
  3.000000000000000E-002
  3.000000000000000E-002
  3.000000000000000E-002
  3.000000000000000E-002
  3.000000000000000E-002
  3.000000000000000E-002
  3.000000000000000E-002
  3.000000000000000E-002
  3.000000000000000E-002
  3.000000000000000E-002
  3.000000000000000E-002
  3.000000000000000E-002
  3.000000000000000E-002
  3.000000000000000E-002
  3.000000000000000E-002
  3.000000000000000E-002
  3.000000000000000E-002
  3.000000000000000E-002
  3.000000000000000E-002
  3.000000000000000E-002
  3.000000000000000E-002
  3.000000000000000E-002
  3.000000000000000E-002
  3.000000000000000E-002
  3.000000000000000E-002
  3.000000000000000E-002
  3.000000000000000E-002
  3.000000000000000E-002
  3.000000000000000E-002
  3.000000000000000E-002
  3.000000000000000E-002
  3.000000000000000E-002
  3.000000000000000E-002
  3.000000000000000E-002
  3.000000000000000E-002
  3.000000000000000E-002
  3.000000000000000E-002
  3.000000000000000E-002
  3.000000000000000E-002
  3.000000000000000E-002
  3.000000000000000E-002
  3.000000000000000E-002
  3.000000000000000E-002
  3.000000000000000E-002
  3.000000000000000E-002
  3.000000000000000E-002
  3.000000000000000E-002
  3.000000000000000E-002
  3.000000000000000E-002
  3.000000000000000E-002
  3.000000000000000E-002
  3.000000000000000E-002
