           3
 2 1 2
   9   2  26
  0.000000000  0.000000000  0.000000000  0.250000000  0.250000000  0.500000000  0.500000000  0.750000000  0.750000000  1.000000000  1.000000000  1.000000000
  0.000000000  0.000000000  1.000000000  1.000000000
  0.698520085  0.698520085  0.698520085  0.698978154  0.699436223  0.699894292  0.700352361  0.700810430  0.701268499  0.701726568  0.702184637  0.702642706  0.703100775  0.703558844  0.704016914  0.704474983  0.704933052  0.705391121  0.705849190  0.706307259  0.706765328  0.707223397  0.707681466  0.708139535  0.708597604  0.709055673  0.709513742  0.709513742  0.709513742
 -0.189126255080E+02 -0.141306065910E+02  0.260005493760E+02  0.100000000000E+01
 -0.189126255080E+02 -0.141306065910E+02  0.260005493760E+02  0.707106967731E+00
 -0.189126255080E+02 -0.141306065910E+02  0.260005493760E+02  0.100000000000E+01
 -0.189126255080E+02 -0.141306065910E+02  0.260005493760E+02  0.707107255203E+00
 -0.189126255080E+02 -0.141306065910E+02  0.260005493760E+02  0.100000000000E+01
 -0.189126255080E+02 -0.141306065910E+02  0.260005493760E+02  0.707106571642E+00
 -0.189126255080E+02 -0.141306065910E+02  0.260005493760E+02  0.100000000000E+01
 -0.189126255080E+02 -0.141306065910E+02  0.260005493760E+02  0.707106557664E+00
 -0.189126255080E+02 -0.141306065910E+02  0.260005493760E+02  0.100000000000E+01
 -0.186538870310E+02 -0.138054344370E+02  0.252558001160E+02  0.100000000000E+01
 -0.193965837710E+02 -0.139521111900E+02  0.250574177910E+02  0.707106967731E+00
 -0.196763704080E+02 -0.142440982810E+02  0.256856582880E+02  0.100000000000E+01
 -0.197258256220E+02 -0.144711542060E+02  0.263176882270E+02  0.707107255203E+00
 -0.191144455840E+02 -0.143842444550E+02  0.265814616560E+02  0.100000000000E+01
 -0.185766747990E+02 -0.148083178440E+02  0.263650741130E+02  0.707106571642E+00
 -0.180918133420E+02 -0.149799409130E+02  0.259148782030E+02  0.100000000000E+01
 -0.180098316380E+02 -0.145068595580E+02  0.252309354270E+02  0.707106557664E+00
 -0.186538870310E+02 -0.138054344370E+02  0.252558001160E+02  0.100000000000E+01
 -0.188697371820E+02 -0.144039218150E+02  0.258962651760E+02  0.100000000000E+01
 -0.188697371820E+02 -0.144039218150E+02  0.258962651760E+02  0.707106933297E+00
 -0.188697371820E+02 -0.144039218150E+02  0.258962651760E+02  0.100000000000E+01
 -0.188697371820E+02 -0.144039218150E+02  0.258962651760E+02  0.707107098493E+00
 -0.188697371820E+02 -0.144039218150E+02  0.258962651760E+02  0.100000000000E+01
 -0.188697371820E+02 -0.144039218150E+02  0.258962651760E+02  0.707106747016E+00
 -0.188697371820E+02 -0.144039218150E+02  0.258962651760E+02  0.100000000000E+01
 -0.188697371820E+02 -0.144039218150E+02  0.258962651760E+02  0.707106677769E+00
 -0.188697371820E+02 -0.144039218150E+02  0.258962651760E+02  0.100000000000E+01
 -0.186039825950E+02 -0.140904080980E+02  0.251826614520E+02  0.100000000000E+01
 -0.193237939070E+02 -0.142214864870E+02  0.249692908340E+02  0.707106933297E+00
 -0.196048366030E+02 -0.145043347470E+02  0.255783896480E+02  0.100000000000E+01
 -0.196298830470E+02 -0.147090013180E+02  0.261690333440E+02  0.707107098493E+00
 -0.190617482390E+02 -0.146304390620E+02  0.264118507820E+02  0.100000000000E+01
 -0.185698208040E+02 -0.149794428850E+02  0.262942989660E+02  0.707106747016E+00
 -0.181428146160E+02 -0.150452623380E+02  0.258852144890E+02  0.100000000000E+01
 -0.179953899120E+02 -0.146776380050E+02  0.252385270330E+02  0.707106677769E+00
 -0.186039825950E+02 -0.140904080980E+02  0.251826614520E+02  0.100000000000E+01
 -0.188244296180E+02 -0.146772264270E+02  0.257929810290E+02  0.100000000000E+01
 -0.188244296180E+02 -0.146772264270E+02  0.257929810290E+02  0.707107454653E+00
 -0.188244296180E+02 -0.146772264270E+02  0.257929810290E+02  0.100000000000E+01
 -0.188244296180E+02 -0.146772264270E+02  0.257929810290E+02  0.707107190303E+00
 -0.188244296180E+02 -0.146772264270E+02  0.257929810290E+02  0.100000000000E+01
 -0.188244296180E+02 -0.146772264270E+02  0.257929810290E+02  0.707105988227E+00
 -0.188244296180E+02 -0.146772264270E+02  0.257929810290E+02  0.100000000000E+01
 -0.188244296180E+02 -0.146772264270E+02  0.257929810290E+02  0.707106637679E+00
 -0.188244296180E+02 -0.146772264270E+02  0.257929810290E+02  0.100000000000E+01
 -0.185543576180E+02 -0.143752513040E+02  0.251140334590E+02  0.100000000000E+01
 -0.192588834220E+02 -0.144803475120E+02  0.248462575170E+02  0.707107454653E+00
 -0.195447942780E+02 -0.147670407270E+02  0.254664857040E+02  0.100000000000E+01
 -0.196044131260E+02 -0.149813740770E+02  0.260574245950E+02  0.707107190303E+00
 -0.190187644020E+02 -0.148945155290E+02  0.262815241810E+02  0.100000000000E+01
 -0.185615865940E+02 -0.151602281730E+02  0.262036000720E+02  0.707105988227E+00
 -0.181908369650E+02 -0.151530694720E+02  0.258333716700E+02  0.100000000000E+01
 -0.179924304300E+02 -0.148613854850E+02  0.252382738510E+02  0.707106637679E+00
 -0.185543576180E+02 -0.143752513040E+02  0.251140334590E+02  0.100000000000E+01
 -0.187764304740E+02 -0.149502333430E+02  0.256901267190E+02  0.100000000000E+01
 -0.187764304740E+02 -0.149502333430E+02  0.256901267190E+02  0.707106814074E+00
 -0.187764304740E+02 -0.149502333430E+02  0.256901267190E+02  0.100000000000E+01
 -0.187764304740E+02 -0.149502333430E+02  0.256901267190E+02  0.707106533691E+00
 -0.187764304740E+02 -0.149502333430E+02  0.256901267190E+02  0.100000000000E+01
 -0.187764304740E+02 -0.149502333430E+02  0.256901267190E+02  0.707106801536E+00
 -0.187764304740E+02 -0.149502333430E+02  0.256901267190E+02  0.100000000000E+01
 -0.187764304740E+02 -0.149502333430E+02  0.256901267190E+02  0.707107102913E+00
 -0.187764304740E+02 -0.149502333430E+02  0.256901267190E+02  0.100000000000E+01
 -0.184988585700E+02 -0.146528710340E+02  0.250348114200E+02  0.100000000000E+01
 -0.192006560430E+02 -0.147334054360E+02  0.247063122080E+02  0.707106814074E+00
 -0.195311064110E+02 -0.150351636910E+02  0.253319297080E+02  0.100000000000E+01
 -0.196051208390E+02 -0.152652606930E+02  0.259526742110E+02  0.707106533691E+00
 -0.189720369610E+02 -0.151597870230E+02  0.261519320670E+02  0.100000000000E+01
 -0.185445034070E+02 -0.153570721120E+02  0.261013938370E+02  0.707106801536E+00
 -0.182299827210E+02 -0.152971418380E+02  0.257641682910E+02  0.100000000000E+01
 -0.179705592650E+02 -0.150586341670E+02  0.252093664580E+02  0.707107102913E+00
 -0.184988585700E+02 -0.146528710340E+02  0.250348114200E+02  0.100000000000E+01
 -0.187255019250E+02 -0.152226495890E+02  0.255871160350E+02  0.100000000000E+01
 -0.187255019250E+02 -0.152226495890E+02  0.255871160350E+02  0.707106689192E+00
 -0.187255019250E+02 -0.152226495890E+02  0.255871160350E+02  0.100000000000E+01
 -0.187255019250E+02 -0.152226495890E+02  0.255871160350E+02  0.707106883979E+00
 -0.187255019250E+02 -0.152226495890E+02  0.255871160350E+02  0.100000000000E+01
 -0.187255019250E+02 -0.152226495890E+02  0.255871160350E+02  0.707106861207E+00
 -0.187255019250E+02 -0.152226495890E+02  0.255871160350E+02  0.100000000000E+01
 -0.187255019250E+02 -0.152226495890E+02  0.255871160350E+02  0.707106623119E+00
 -0.187255019250E+02 -0.152226495890E+02  0.255871160350E+02  0.100000000000E+01
 -0.184364360400E+02 -0.149229141390E+02  0.249445175690E+02  0.100000000000E+01
 -0.191664668260E+02 -0.149651774460E+02  0.244931417360E+02  0.707106689192E+00
 -0.195003771710E+02 -0.153000471890E+02  0.252024456020E+02  0.100000000000E+01
 -0.195775054420E+02 -0.155367475210E+02  0.258287528930E+02  0.707106883979E+00
 -0.189304209620E+02 -0.154351320610E+02  0.260426545180E+02  0.100000000000E+01
 -0.185216566140E+02 -0.155654571880E+02  0.259920330970E+02  0.707106861207E+00
 -0.182258923430E+02 -0.154873165230E+02  0.256884082470E+02  0.100000000000E+01
 -0.179344679040E+02 -0.152669571920E+02  0.251672563840E+02  0.707106623119E+00
 -0.184364360400E+02 -0.149229141390E+02  0.249445175690E+02  0.100000000000E+01
 -0.186714506560E+02 -0.154941830190E+02  0.254833692330E+02  0.100000000000E+01
 -0.186714506560E+02 -0.154941830190E+02  0.254833692330E+02  0.707106729931E+00
 -0.186714506560E+02 -0.154941830190E+02  0.254833692330E+02  0.100000000000E+01
 -0.186714506560E+02 -0.154941830190E+02  0.254833692330E+02  0.707107357743E+00
 -0.186714506560E+02 -0.154941830190E+02  0.254833692330E+02  0.100000000000E+01
 -0.186714506560E+02 -0.154941830190E+02  0.254833692330E+02  0.707106695262E+00
 -0.186714506560E+02 -0.154941830190E+02  0.254833692330E+02  0.100000000000E+01
 -0.186714506560E+02 -0.154941830190E+02  0.254833692330E+02  0.707105973147E+00
 -0.186714506560E+02 -0.154941830190E+02  0.254833692330E+02  0.100000000000E+01
 -0.183585817960E+02 -0.151772902850E+02  0.248269974640E+02  0.100000000000E+01
 -0.191232489340E+02 -0.152034757630E+02  0.243178968640E+02  0.707106729931E+00
 -0.194400361650E+02 -0.155606139560E+02  0.250849397670E+02  0.100000000000E+01
 -0.194984483970E+02 -0.157986050260E+02  0.257125092710E+02  0.707107357743E+00
 -0.188857036870E+02 -0.157111893630E+02  0.259328514020E+02  0.100000000000E+01
 -0.184913788300E+02 -0.157864694920E+02  0.258823167040E+02  0.707106695262E+00
 -0.182129495760E+02 -0.156926339380E+02  0.256061106310E+02  0.100000000000E+01
 -0.178463748750E+02 -0.154809309360E+02  0.250982029000E+02  0.707105973147E+00
 -0.183585817960E+02 -0.151772902850E+02  0.248269974640E+02  0.100000000000E+01
 -0.186141353500E+02 -0.157645493050E+02  0.253783352300E+02  0.100000000000E+01
 -0.186141353500E+02 -0.157645493050E+02  0.253783352300E+02  0.707106523960E+00
 -0.186141353500E+02 -0.157645493050E+02  0.253783352300E+02  0.100000000000E+01
 -0.186141353500E+02 -0.157645493050E+02  0.253783352300E+02  0.707107052416E+00
 -0.186141353500E+02 -0.157645493050E+02  0.253783352300E+02  0.100000000000E+01
 -0.186141353500E+02 -0.157645493050E+02  0.253783352300E+02  0.707107196591E+00
 -0.186141353500E+02 -0.157645493050E+02  0.253783352300E+02  0.100000000000E+01
 -0.186141353500E+02 -0.157645493050E+02  0.253783352300E+02  0.707106194027E+00
 -0.186141353500E+02 -0.157645493050E+02  0.253783352300E+02  0.100000000000E+01
 -0.182751694740E+02 -0.154265238100E+02  0.247059685260E+02  0.100000000000E+01
 -0.190603981000E+02 -0.154363516320E+02  0.241544514080E+02  0.707106523960E+00
 -0.193951634890E+02 -0.158207292430E+02  0.249563458560E+02  0.100000000000E+01
 -0.194552195750E+02 -0.160669904240E+02  0.255838302120E+02  0.707107052416E+00
 -0.188232623870E+02 -0.159730954950E+02  0.257931557820E+02  0.100000000000E+01
 -0.184636643840E+02 -0.159953811240E+02  0.257386121050E+02  0.707107196591E+00
 -0.181955148500E+02 -0.159076371510E+02  0.255174428920E+02  0.100000000000E+01
 -0.178265656380E+02 -0.156919979640E+02  0.250489832300E+02  0.707106194027E+00
 -0.182751694740E+02 -0.154265238100E+02  0.247059685260E+02  0.100000000000E+01
 -0.185534722730E+02 -0.160335004610E+02  0.252715632240E+02  0.100000000000E+01
 -0.185534722730E+02 -0.160335004610E+02  0.252715632240E+02  0.707107120928E+00
 -0.185534722730E+02 -0.160335004610E+02  0.252715632240E+02  0.100000000000E+01
 -0.185534722730E+02 -0.160335004610E+02  0.252715632240E+02  0.707107062994E+00
 -0.185534722730E+02 -0.160335004610E+02  0.252715632240E+02  0.100000000000E+01
 -0.185534722730E+02 -0.160335004610E+02  0.252715632240E+02  0.707106190580E+00
 -0.185534722730E+02 -0.160335004610E+02  0.252715632240E+02  0.100000000000E+01
 -0.185534722730E+02 -0.160335004610E+02  0.252715632240E+02  0.707106896062E+00
 -0.185534722730E+02 -0.160335004610E+02  0.252715632240E+02  0.100000000000E+01
 -0.182054262450E+02 -0.156902247050E+02  0.246178094460E+02  0.100000000000E+01
 -0.189980817890E+02 -0.156648905410E+02  0.239881500470E+02  0.707107120928E+00
 -0.193449961090E+02 -0.160782531400E+02  0.248266710340E+02  0.100000000000E+01
 -0.193921012850E+02 -0.163380164770E+02  0.254750310040E+02  0.707107062994E+00
 -0.187434720930E+02 -0.162208960840E+02  0.256284486070E+02  0.100000000000E+01
 -0.184339844830E+02 -0.162129528930E+02  0.255926919450E+02  0.707106190580E+00
 -0.181964236470E+02 -0.161243938390E+02  0.254139222610E+02  0.100000000000E+01
 -0.178442808000E+02 -0.159167009680E+02  0.250086928350E+02  0.707106896062E+00
 -0.182054262450E+02 -0.156902247050E+02  0.246178094460E+02  0.100000000000E+01
 -0.184894375870E+02 -0.163010334100E+02  0.251632082100E+02  0.100000000000E+01
 -0.184894375870E+02 -0.163010334100E+02  0.251632082100E+02  0.707106855866E+00
 -0.184894375870E+02 -0.163010334100E+02  0.251632082100E+02  0.100000000000E+01
 -0.184894375870E+02 -0.163010334100E+02  0.251632082100E+02  0.707106265596E+00
 -0.184894375870E+02 -0.163010334100E+02  0.251632082100E+02  0.100000000000E+01
 -0.184894375870E+02 -0.163010334100E+02  0.251632082100E+02  0.707106529378E+00
 -0.184894375870E+02 -0.163010334100E+02  0.251632082100E+02  0.100000000000E+01
 -0.184894375870E+02 -0.163010334100E+02  0.251632082100E+02  0.707107420548E+00
 -0.184894375870E+02 -0.163010334100E+02  0.251632082100E+02  0.100000000000E+01
 -0.181410086940E+02 -0.159618192240E+02  0.245426946940E+02  0.100000000000E+01
 -0.188882478510E+02 -0.158828109890E+02  0.238274595670E+02  0.707106855866E+00
 -0.192899692880E+02 -0.163341118480E+02  0.246956129090E+02  0.100000000000E+01
 -0.193380559620E+02 -0.166036140890E+02  0.253461891480E+02  0.707106265596E+00
 -0.186584173280E+02 -0.164655443570E+02  0.254641434880E+02  0.100000000000E+01
 -0.183969228700E+02 -0.164348437450E+02  0.254396714680E+02  0.707106529378E+00
 -0.181843922260E+02 -0.163523756340E+02  0.253064284920E+02  0.100000000000E+01
 -0.178445270460E+02 -0.161487397120E+02  0.249519334650E+02  0.707107420548E+00
 -0.181410086940E+02 -0.159618192240E+02  0.245426946940E+02  0.100000000000E+01
 -0.184220203720E+02 -0.165672840890E+02  0.250537517950E+02  0.100000000000E+01
 -0.184220203720E+02 -0.165672840890E+02  0.250537517950E+02  0.707107106998E+00
 -0.184220203720E+02 -0.165672840890E+02  0.250537517950E+02  0.100000000000E+01
 -0.184220203720E+02 -0.165672840890E+02  0.250537517950E+02  0.707106494730E+00
 -0.184220203720E+02 -0.165672840890E+02  0.250537517950E+02  0.100000000000E+01
 -0.184220203720E+02 -0.165672840890E+02  0.250537517950E+02  0.707105644790E+00
 -0.184220203720E+02 -0.165672840890E+02  0.250537517950E+02  0.100000000000E+01
 -0.184220203720E+02 -0.165672840890E+02  0.250537517950E+02  0.707107873530E+00
 -0.184220203720E+02 -0.165672840890E+02  0.250537517950E+02  0.100000000000E+01
 -0.180543970920E+02 -0.162146713040E+02  0.244323353510E+02  0.100000000000E+01
 -0.187747363740E+02 -0.161096721760E+02  0.236900815170E+02  0.707107106998E+00
 -0.192389291200E+02 -0.165888279380E+02  0.245582515220E+02  0.100000000000E+01
 -0.193306387900E+02 -0.168888159370E+02  0.252353591310E+02  0.707106494730E+00
 -0.185935307340E+02 -0.167317913890E+02  0.253436663190E+02  0.100000000000E+01
 -0.183405796000E+02 -0.166836606210E+02  0.253344473350E+02  0.707105644790E+00
 -0.181444693160E+02 -0.165896166620E+02  0.252052744860E+02  0.100000000000E+01
 -0.178175609150E+02 -0.163735946440E+02  0.248624896140E+02  0.707107873530E+00
 -0.180543970920E+02 -0.162146713040E+02  0.244323353510E+02  0.100000000000E+01
 -0.183512016070E+02 -0.168323821040E+02  0.249436471350E+02  0.100000000000E+01
 -0.183512016070E+02 -0.168323821040E+02  0.249436471350E+02  0.707106726151E+00
 -0.183512016070E+02 -0.168323821040E+02  0.249436471350E+02  0.100000000000E+01
 -0.183512016070E+02 -0.168323821040E+02  0.249436471350E+02  0.707107064499E+00
 -0.183512016070E+02 -0.168323821040E+02  0.249436471350E+02  0.100000000000E+01
 -0.183512016070E+02 -0.168323821040E+02  0.249436471350E+02  0.707107103976E+00
 -0.183512016070E+02 -0.168323821040E+02  0.249436471350E+02  0.100000000000E+01
 -0.183512016070E+02 -0.168323821040E+02  0.249436471350E+02  0.707106230119E+00
 -0.183512016070E+02 -0.168323821040E+02  0.249436471350E+02  0.100000000000E+01
 -0.179765784190E+02 -0.164788755690E+02  0.243419868940E+02  0.100000000000E+01
 -0.186716925530E+02 -0.163442799410E+02  0.235619698100E+02  0.707106726151E+00
 -0.191668507500E+02 -0.168419387960E+02  0.244301691030E+02  0.100000000000E+01
 -0.192779282390E+02 -0.171584927020E+02  0.251165021370E+02  0.707107064499E+00
 -0.185539830420E+02 -0.170237328090E+02  0.252693219290E+02  0.100000000000E+01
 -0.182819517540E+02 -0.169483556890E+02  0.252673982980E+02  0.707107103976E+00
 -0.180769591070E+02 -0.168291690200E+02  0.251162924900E+02  0.100000000000E+01
 -0.177813080630E+02 -0.166100780840E+02  0.247851468230E+02  0.707106230119E+00
 -0.179765784190E+02 -0.164788755690E+02  0.243419868940E+02  0.100000000000E+01
 -0.182769548380E+02 -0.170964478280E+02  0.248333201540E+02  0.100000000000E+01
 -0.182769548380E+02 -0.170964478280E+02  0.248333201540E+02  0.707106642171E+00
 -0.182769548380E+02 -0.170964478280E+02  0.248333201540E+02  0.100000000000E+01
 -0.182769548380E+02 -0.170964478280E+02  0.248333201540E+02  0.707106449383E+00
 -0.182769548380E+02 -0.170964478280E+02  0.248333201540E+02  0.100000000000E+01
 -0.182769548380E+02 -0.170964478280E+02  0.248333201540E+02  0.707106970789E+00
 -0.182769548380E+02 -0.170964478280E+02  0.248333201540E+02  0.100000000000E+01
 -0.182769548380E+02 -0.170964478280E+02  0.248333201540E+02  0.707107062406E+00
 -0.182769548380E+02 -0.170964478280E+02  0.248333201540E+02  0.100000000000E+01
 -0.179071486860E+02 -0.167535121400E+02  0.242685191460E+02  0.100000000000E+01
 -0.185572058690E+02 -0.166157975060E+02  0.234916917170E+02  0.707106642171E+00
 -0.190980337050E+02 -0.171057634040E+02  0.242900591430E+02  0.100000000000E+01
 -0.192434539070E+02 -0.174371181340E+02  0.249817349080E+02  0.707106449383E+00
 -0.185020943920E+02 -0.173052275350E+02  0.251771744990E+02  0.100000000000E+01
 -0.182011667980E+02 -0.172273762650E+02  0.251984005010E+02  0.707106970789E+00
 -0.179771694820E+02 -0.170930455210E+02  0.250316714730E+02  0.100000000000E+01
 -0.177206612150E+02 -0.168777185580E+02  0.246937788740E+02  0.707107062406E+00
 -0.179071486860E+02 -0.167535121400E+02  0.242685191460E+02  0.100000000000E+01
 -0.181992469950E+02 -0.173595919100E+02  0.247231749720E+02  0.100000000000E+01
 -0.181992469950E+02 -0.173595919100E+02  0.247231749720E+02  0.707106739345E+00
 -0.181992469950E+02 -0.173595919100E+02  0.247231749720E+02  0.100000000000E+01
 -0.181992469950E+02 -0.173595919100E+02  0.247231749720E+02  0.707107151502E+00
 -0.181992469950E+02 -0.173595919100E+02  0.247231749720E+02  0.100000000000E+01
 -0.181992469950E+02 -0.173595919100E+02  0.247231749720E+02  0.707107036448E+00
 -0.181992469950E+02 -0.173595919100E+02  0.247231749720E+02  0.100000000000E+01
 -0.181992469950E+02 -0.173595919100E+02  0.247231749720E+02  0.707106197452E+00
 -0.181992469950E+02 -0.173595919100E+02  0.247231749720E+02  0.100000000000E+01
 -0.178220836720E+02 -0.170161455780E+02  0.241749463180E+02  0.100000000000E+01
 -0.184568521290E+02 -0.168805787930E+02  0.233921448790E+02  0.707106739345E+00
 -0.190095382940E+02 -0.173689437400E+02  0.241598627100E+02  0.100000000000E+01
 -0.191647751170E+02 -0.177017176090E+02  0.248429876220E+02  0.707107151502E+00
 -0.184088014780E+02 -0.175504132430E+02  0.250277738320E+02  0.100000000000E+01
 -0.181238681620E+02 -0.174805343850E+02  0.250667078320E+02  0.707107036448E+00
 -0.179086317030E+02 -0.173562385380E+02  0.249252103260E+02  0.100000000000E+01
 -0.176387212890E+02 -0.171390730940E+02  0.246012726250E+02  0.707106197452E+00
 -0.178220836720E+02 -0.170161455780E+02  0.241749463180E+02  0.100000000000E+01
 -0.181180390790E+02 -0.176219151910E+02  0.246135984160E+02  0.100000000000E+01
 -0.181180390790E+02 -0.176219151910E+02  0.246135984160E+02  0.707106782448E+00
 -0.181180390790E+02 -0.176219151910E+02  0.246135984160E+02  0.100000000000E+01
 -0.181180390790E+02 -0.176219151910E+02  0.246135984160E+02  0.707106261834E+00
 -0.181180390790E+02 -0.176219151910E+02  0.246135984160E+02  0.100000000000E+01
 -0.181180390790E+02 -0.176219151910E+02  0.246135984160E+02  0.707106521643E+00
 -0.181180390790E+02 -0.176219151910E+02  0.246135984160E+02  0.100000000000E+01
 -0.181180390790E+02 -0.176219151910E+02  0.246135984160E+02  0.707107558827E+00
 -0.181180390790E+02 -0.176219151910E+02  0.246135984160E+02  0.100000000000E+01
 -0.177430839290E+02 -0.172868232210E+02  0.240945329580E+02  0.100000000000E+01
 -0.183521827370E+02 -0.171489704980E+02  0.233008117920E+02  0.707106782448E+00
 -0.189200218250E+02 -0.176318411310E+02  0.240278656120E+02  0.100000000000E+01
 -0.190388032960E+02 -0.179516442420E+02  0.247049478710E+02  0.707106261834E+00
 -0.183058347460E+02 -0.177897475220E+02  0.248735724270E+02  0.100000000000E+01
 -0.180670907960E+02 -0.177240246310E+02  0.248973290530E+02  0.707106521643E+00
 -0.178662073440E+02 -0.176187991700E+02  0.247975237040E+02  0.100000000000E+01
 -0.175546982630E+02 -0.174080340510E+02  0.245285589540E+02  0.707107558827E+00
 -0.177430839290E+02 -0.172868232210E+02  0.240945329580E+02  0.100000000000E+01
 -0.180332869770E+02 -0.178835081680E+02  0.245049640860E+02  0.100000000000E+01
 -0.180332869770E+02 -0.178835081680E+02  0.245049640860E+02  0.707106370202E+00
 -0.180332869770E+02 -0.178835081680E+02  0.245049640860E+02  0.100000000000E+01
 -0.180332869770E+02 -0.178835081680E+02  0.245049640860E+02  0.707106665953E+00
 -0.180332869770E+02 -0.178835081680E+02  0.245049640860E+02  0.100000000000E+01
 -0.180332869770E+02 -0.178835081680E+02  0.245049640860E+02  0.707108124347E+00
 -0.180332869770E+02 -0.178835081680E+02  0.245049640860E+02  0.100000000000E+01
 -0.180332869770E+02 -0.178835081680E+02  0.245049640860E+02  0.707105964242E+00
 -0.180332869770E+02 -0.178835081680E+02  0.245049640860E+02  0.100000000000E+01
 -0.176212834330E+02 -0.175222631730E+02  0.239614456070E+02  0.100000000000E+01
 -0.182718307100E+02 -0.174333123360E+02  0.232252708480E+02  0.707106370202E+00
 -0.188321694340E+02 -0.178946416920E+02  0.238919887360E+02  0.100000000000E+01
 -0.189256578890E+02 -0.182101581530E+02  0.245800573830E+02  0.707106665953E+00
 -0.182153927180E+02 -0.180431792090E+02  0.247452003290E+02  0.100000000000E+01
 -0.180013231440E+02 -0.179746677340E+02  0.247509998460E+02  0.707108124347E+00
 -0.178111406620E+02 -0.178804128660E+02  0.246754159370E+02  0.100000000000E+01
 -0.174291752990E+02 -0.176502159100E+02  0.244247257220E+02  0.707105964242E+00
 -0.176212834330E+02 -0.175222631730E+02  0.239614456070E+02  0.100000000000E+01
 -0.179449422610E+02 -0.181444505580E+02  0.243976358220E+02  0.100000000000E+01
 -0.179449422610E+02 -0.181444505580E+02  0.243976358220E+02  0.707106428380E+00
 -0.179449422610E+02 -0.181444505580E+02  0.243976358220E+02  0.100000000000E+01
 -0.179449422610E+02 -0.181444505580E+02  0.243976358220E+02  0.707106900271E+00
 -0.179449422610E+02 -0.181444505580E+02  0.243976358220E+02  0.100000000000E+01
 -0.179449422610E+02 -0.181444505580E+02  0.243976358220E+02  0.707107943367E+00
 -0.179449422610E+02 -0.181444505580E+02  0.243976358220E+02  0.100000000000E+01
 -0.179449422610E+02 -0.181444505580E+02  0.243976358220E+02  0.707105852727E+00
 -0.179449422610E+02 -0.181444505580E+02  0.243976358220E+02  0.100000000000E+01
 -0.174523976930E+02 -0.177208063420E+02  0.237781276440E+02  0.100000000000E+01
 -0.181395134450E+02 -0.176830919920E+02  0.231044996480E+02  0.707106428380E+00
 -0.187336089530E+02 -0.181573157840E+02  0.237618042380E+02  0.100000000000E+01
 -0.188619311860E+02 -0.184897275900E+02  0.244663255410E+02  0.707106900271E+00
 -0.181459125350E+02 -0.183173083300E+02  0.246504107620E+02  0.100000000000E+01
 -0.179285912260E+02 -0.182410502740E+02  0.246477578850E+02  0.707107943367E+00
 -0.177384832420E+02 -0.181410833580E+02  0.245640862290E+02  0.100000000000E+01
 -0.173334087770E+02 -0.178898583760E+02  0.242923152520E+02  0.707105852727E+00
 -0.174523976930E+02 -0.177208063420E+02  0.237781276440E+02  0.100000000000E+01
 -0.178529528420E+02 -0.184048101550E+02  0.242919675430E+02  0.100000000000E+01
 -0.178529528420E+02 -0.184048101550E+02  0.242919675430E+02  0.707106873904E+00
 -0.178529528420E+02 -0.184048101550E+02  0.242919675430E+02  0.100000000000E+01
 -0.178529528420E+02 -0.184048101550E+02  0.242919675430E+02  0.707106867826E+00
 -0.178529528420E+02 -0.184048101550E+02  0.242919675430E+02  0.100000000000E+01
 -0.178529528420E+02 -0.184048101550E+02  0.242919675430E+02  0.707106472470E+00
 -0.178529528420E+02 -0.184048101550E+02  0.242919675430E+02  0.100000000000E+01
 -0.178529528420E+02 -0.184048101550E+02  0.242919675430E+02  0.707106922719E+00
 -0.178529528420E+02 -0.184048101550E+02  0.242919675430E+02  0.100000000000E+01
 -0.172549506240E+02 -0.179001626270E+02  0.235745532040E+02  0.100000000000E+01
 -0.180155130410E+02 -0.179322582170E+02  0.229853554180E+02  0.707106873904E+00
 -0.186155456330E+02 -0.184156635050E+02  0.236486718220E+02  0.100000000000E+01
 -0.187550066090E+02 -0.187364714230E+02  0.243162138800E+02  0.707106867826E+00
 -0.180609499110E+02 -0.185803362540E+02  0.245414982270E+02  0.100000000000E+01
 -0.178497927560E+02 -0.184898163550E+02  0.245305979010E+02  0.707106472470E+00
 -0.176503805220E+02 -0.183872792410E+02  0.244731536530E+02  0.100000000000E+01
 -0.171961623520E+02 -0.180928098940E+02  0.241738834040E+02  0.707106922719E+00
 -0.172549506240E+02 -0.179001626270E+02  0.235745532040E+02  0.100000000000E+01
 -0.177572864730E+02 -0.186646094750E+02  0.241882026970E+02  0.100000000000E+01
 -0.177572864730E+02 -0.186646094750E+02  0.241882026970E+02  0.707107042664E+00
 -0.177572864730E+02 -0.186646094750E+02  0.241882026970E+02  0.100000000000E+01
 -0.177572864730E+02 -0.186646094750E+02  0.241882026970E+02  0.707106805290E+00
 -0.177572864730E+02 -0.186646094750E+02  0.241882026970E+02  0.100000000000E+01
 -0.177572864730E+02 -0.186646094750E+02  0.241882026970E+02  0.707105849974E+00
 -0.177572864730E+02 -0.186646094750E+02  0.241882026970E+02  0.100000000000E+01
 -0.177572864730E+02 -0.186646094750E+02  0.241882026970E+02  0.707107320862E+00
 -0.177572864730E+02 -0.186646094750E+02  0.241882026970E+02  0.100000000000E+01
 -0.171256517550E+02 -0.181409795150E+02  0.234652014460E+02  0.100000000000E+01
 -0.178492394700E+02 -0.181758766310E+02  0.228913655600E+02  0.707107042664E+00
 -0.185127175650E+02 -0.186738236370E+02  0.235215618990E+02  0.100000000000E+01
 -0.186644386720E+02 -0.189946951230E+02  0.241793999330E+02  0.707106805290E+00
 -0.179812037080E+02 -0.188502394830E+02  0.244445093020E+02  0.100000000000E+01
 -0.177574853830E+02 -0.187513058990E+02  0.244665431030E+02  0.707105849974E+00
 -0.175538552570E+02 -0.186312314150E+02  0.243900992900E+02  0.100000000000E+01
 -0.171103217790E+02 -0.183249411370E+02  0.240797592280E+02  0.707107320862E+00
 -0.171256517550E+02 -0.181409795150E+02  0.234652014460E+02  0.100000000000E+01
 -0.176580336880E+02 -0.189238399650E+02  0.240864014280E+02  0.100000000000E+01
 -0.176580336880E+02 -0.189238399650E+02  0.240864014280E+02  0.707106990019E+00
 -0.176580336880E+02 -0.189238399650E+02  0.240864014280E+02  0.100000000000E+01
 -0.176580336880E+02 -0.189238399650E+02  0.240864014280E+02  0.707106669847E+00
 -0.176580336880E+02 -0.189238399650E+02  0.240864014280E+02  0.100000000000E+01
 -0.176580336880E+02 -0.189238399650E+02  0.240864014280E+02  0.707106083816E+00
 -0.176580336880E+02 -0.189238399650E+02  0.240864014280E+02  0.100000000000E+01
 -0.176580336880E+02 -0.189238399650E+02  0.240864014280E+02  0.707107403298E+00
 -0.176580336880E+02 -0.189238399650E+02  0.240864014280E+02  0.100000000000E+01
 -0.171210584640E+02 -0.184860542590E+02  0.234998241750E+02  0.100000000000E+01
 -0.177329397950E+02 -0.184308599400E+02  0.227830321200E+02  0.707106990019E+00
 -0.184091323110E+02 -0.189308949260E+02  0.233935507280E+02  0.100000000000E+01
 -0.185800081870E+02 -0.192542463740E+02  0.240403330920E+02  0.707106669847E+00
 -0.179152766730E+02 -0.191335650560E+02  0.243674065480E+02  0.100000000000E+01
 -0.176612290280E+02 -0.190153519950E+02  0.244352507260E+02  0.707106083816E+00
 -0.174271072330E+02 -0.188660365690E+02  0.243409403280E+02  0.100000000000E+01
 -0.170182730530E+02 -0.185768223250E+02  0.240656487620E+02  0.707107403298E+00
 -0.171210584640E+02 -0.184860542590E+02  0.234998241750E+02  0.100000000000E+01
 -0.175554308410E+02 -0.191825150030E+02  0.239865260690E+02  0.100000000000E+01
 -0.175554308410E+02 -0.191825150030E+02  0.239865260690E+02  0.707106761435E+00
 -0.175554308410E+02 -0.191825150030E+02  0.239865260690E+02  0.100000000000E+01
 -0.175554308410E+02 -0.191825150030E+02  0.239865260690E+02  0.707106898833E+00
 -0.175554308410E+02 -0.191825150030E+02  0.239865260690E+02  0.100000000000E+01
 -0.175554308410E+02 -0.191825150030E+02  0.239865260690E+02  0.707107062864E+00
 -0.175554308410E+02 -0.191825150030E+02  0.239865260690E+02  0.100000000000E+01
 -0.175554308410E+02 -0.191825150030E+02  0.239865260690E+02  0.707106683410E+00
 -0.175554308410E+02 -0.191825150030E+02  0.239865260690E+02  0.100000000000E+01
 -0.170729523850E+02 -0.187954032690E+02  0.234835013880E+02  0.100000000000E+01
 -0.176129213380E+02 -0.186888154410E+02  0.226882134450E+02  0.707106761435E+00
 -0.182888878080E+02 -0.191863132040E+02  0.232801045330E+02  0.100000000000E+01
 -0.185451877620E+02 -0.195397988160E+02  0.239193153190E+02  0.707106898833E+00
 -0.178516273270E+02 -0.194201633590E+02  0.242953358030E+02  0.100000000000E+01
 -0.175663027690E+02 -0.192753046520E+02  0.244170460680E+02  0.707107062864E+00
 -0.173020001120E+02 -0.190945006710E+02  0.242973385280E+02  0.100000000000E+01
 -0.169241925100E+02 -0.188135581840E+02  0.240140711480E+02  0.707106683410E+00
 -0.170729523850E+02 -0.187954032690E+02  0.234835013880E+02  0.100000000000E+01
 -0.174498114000E+02 -0.194406701900E+02  0.238884656690E+02  0.100000000000E+01
 -0.174498114000E+02 -0.194406701900E+02  0.238884656690E+02  0.707106759062E+00
 -0.174498114000E+02 -0.194406701900E+02  0.238884656690E+02  0.100000000000E+01
 -0.174498114000E+02 -0.194406701900E+02  0.238884656690E+02  0.707107043460E+00
 -0.174498114000E+02 -0.194406701900E+02  0.238884656690E+02  0.100000000000E+01
 -0.174498114000E+02 -0.194406701900E+02  0.238884656690E+02  0.707107051421E+00
 -0.174498114000E+02 -0.194406701900E+02  0.238884656690E+02  0.100000000000E+01
 -0.174498114000E+02 -0.194406701900E+02  0.238884656690E+02  0.707106420087E+00
 -0.174498114000E+02 -0.194406701900E+02  0.238884656690E+02  0.100000000000E+01
 -0.169554605810E+02 -0.190501804400E+02  0.233965613970E+02  0.100000000000E+01
 -0.175051786830E+02 -0.189561717760E+02  0.226080620640E+02  0.707106759062E+00
 -0.181541021330E+02 -0.194400415980E+02  0.231811711570E+02  0.100000000000E+01
 -0.184607634740E+02 -0.198097685870E+02  0.238086503440E+02  0.707107043460E+00
 -0.177620772840E+02 -0.196873293530E+02  0.241991856630E+02  0.100000000000E+01
 -0.174792082160E+02 -0.195264225710E+02  0.243630349860E+02  0.707107051421E+00
 -0.172019488970E+02 -0.193271481740E+02  0.242276791700E+02  0.100000000000E+01
 -0.167956529300E+02 -0.190244781700E+02  0.239534621950E+02  0.707106420087E+00
 -0.169554605810E+02 -0.190501804400E+02  0.233965613970E+02  0.100000000000E+01
 -0.173415535760E+02 -0.196983565330E+02  0.237920621260E+02  0.100000000000E+01
 -0.173415535760E+02 -0.196983565330E+02  0.237920621260E+02  0.707106368790E+00
 -0.173415535760E+02 -0.196983565330E+02  0.237920621260E+02  0.100000000000E+01
 -0.173415535760E+02 -0.196983565330E+02  0.237920621260E+02  0.707106072850E+00
 -0.173415535760E+02 -0.196983565330E+02  0.237920621260E+02  0.100000000000E+01
 -0.173415535760E+02 -0.196983565330E+02  0.237920621260E+02  0.707107298088E+00
 -0.173415535760E+02 -0.196983565330E+02  0.237920621260E+02  0.100000000000E+01
 -0.173415535760E+02 -0.196983565330E+02  0.237920621260E+02  0.707107254042E+00
 -0.173415535760E+02 -0.196983565330E+02  0.237920621260E+02  0.100000000000E+01
 -0.168326228680E+02 -0.193025130670E+02  0.233087993630E+02  0.100000000000E+01
 -0.173892186370E+02 -0.192315250940E+02  0.225595674750E+02  0.707106368790E+00
 -0.180016682680E+02 -0.196923715500E+02  0.231017903960E+02  0.100000000000E+01
 -0.183165368630E+02 -0.200536689140E+02  0.236959200770E+02  0.707106072850E+00
 -0.176719445770E+02 -0.199553339830E+02  0.241057921250E+02  0.100000000000E+01
 -0.173958642150E+02 -0.197744450260E+02  0.242837390180E+02  0.707107298088E+00
 -0.171127537210E+02 -0.195640928310E+02  0.241429896550E+02  0.100000000000E+01
 -0.166638839070E+02 -0.192282584880E+02  0.238896349180E+02  0.707107254042E+00
 -0.168326228680E+02 -0.193025130670E+02  0.233087993630E+02  0.100000000000E+01
 -0.172310381430E+02 -0.199556328000E+02  0.236971352660E+02  0.100000000000E+01
 -0.172310381430E+02 -0.199556328000E+02  0.236971352660E+02  0.707106450311E+00
 -0.172310381430E+02 -0.199556328000E+02  0.236971352660E+02  0.100000000000E+01
 -0.172310381430E+02 -0.199556328000E+02  0.236971352660E+02  0.707107266822E+00
 -0.172310381430E+02 -0.199556328000E+02  0.236971352660E+02  0.100000000000E+01
 -0.172310381430E+02 -0.199556328000E+02  0.236971352660E+02  0.707107606952E+00
 -0.172310381430E+02 -0.199556328000E+02  0.236971352660E+02  0.100000000000E+01
 -0.172310381430E+02 -0.199556328000E+02  0.236971352660E+02  0.707105906218E+00
 -0.172310381430E+02 -0.199556328000E+02  0.236971352660E+02  0.100000000000E+01
 -0.167308085950E+02 -0.195725005540E+02  0.232439466950E+02  0.100000000000E+01
 -0.172479513020E+02 -0.194774896400E+02  0.224659637780E+02  0.707106450311E+00
 -0.178560982160E+02 -0.199434897240E+02  0.230174613670E+02  0.100000000000E+01
 -0.181531527010E+02 -0.202865478210E+02  0.235798441110E+02  0.707107266822E+00
 -0.175935844730E+02 -0.202333111640E+02  0.240255878560E+02  0.100000000000E+01
 -0.173141536090E+02 -0.200237935440E+02  0.242332575450E+02  0.707107606952E+00
 -0.170102740280E+02 -0.197922306260E+02  0.240789592790E+02  0.100000000000E+01
 -0.165763136780E+02 -0.194612457490E+02  0.238281564610E+02  0.707105906218E+00
 -0.167308085950E+02 -0.195725005540E+02  0.232439466950E+02  0.100000000000E+01
 -0.171186208830E+02 -0.202125592860E+02  0.236035020670E+02  0.100000000000E+01
 -0.171186208830E+02 -0.202125592860E+02  0.236035020670E+02  0.707106821331E+00
 -0.171186208830E+02 -0.202125592860E+02  0.236035020670E+02  0.100000000000E+01
 -0.171186208830E+02 -0.202125592860E+02  0.236035020670E+02  0.707107257039E+00
 -0.171186208830E+02 -0.202125592860E+02  0.236035020670E+02  0.100000000000E+01
 -0.171186208830E+02 -0.202125592860E+02  0.236035020670E+02  0.707107046652E+00
 -0.171186208830E+02 -0.202125592860E+02  0.236035020670E+02  0.100000000000E+01
 -0.171186208830E+02 -0.202125592860E+02  0.236035020670E+02  0.707106466046E+00
 -0.171186208830E+02 -0.202125592860E+02  0.236035020670E+02  0.100000000000E+01
 -0.166170655860E+02 -0.198342837340E+02  0.231701185820E+02  0.100000000000E+01
 -0.171253513140E+02 -0.197344037890E+02  0.223839676530E+02  0.707106821331E+00
 -0.177193906640E+02 -0.201933624490E+02  0.229249860170E+02  0.100000000000E+01
 -0.180386642180E+02 -0.205379525600E+02  0.234640565660E+02  0.707107257039E+00
 -0.175064575740E+02 -0.205050655880E+02  0.239386225820E+02  0.100000000000E+01
 -0.172394937500E+02 -0.202689752250E+02  0.242749129350E+02  0.707107046652E+00
 -0.168903854290E+02 -0.200008233480E+02  0.240524522650E+02  0.100000000000E+01
 -0.164428905610E+02 -0.196575647090E+02  0.237597197220E+02  0.707106466046E+00
 -0.166170655860E+02 -0.198342837340E+02  0.231701185820E+02  0.100000000000E+01
 -0.170046185680E+02 -0.204691931640E+02  0.235109891640E+02  0.100000000000E+01
 -0.170046185680E+02 -0.204691931640E+02  0.235109891640E+02  0.707107402821E+00
 -0.170046185680E+02 -0.204691931640E+02  0.235109891640E+02  0.100000000000E+01
 -0.170046185680E+02 -0.204691931640E+02  0.235109891640E+02  0.707106346477E+00
 -0.170046185680E+02 -0.204691931640E+02  0.235109891640E+02  0.100000000000E+01
 -0.170046185680E+02 -0.204691931640E+02  0.235109891640E+02  0.707105932094E+00
 -0.170046185680E+02 -0.204691931640E+02  0.235109891640E+02  0.100000000000E+01
 -0.170046185680E+02 -0.204691931640E+02  0.235109891640E+02  0.707107414560E+00
 -0.170046185680E+02 -0.204691931640E+02  0.235109891640E+02  0.100000000000E+01
 -0.165208387010E+02 -0.201099135930E+02  0.231124579970E+02  0.100000000000E+01
 -0.169877240210E+02 -0.200213508100E+02  0.223963272600E+02  0.707107402821E+00
 -0.175799439080E+02 -0.204424021870E+02  0.228367470610E+02  0.100000000000E+01
 -0.179271313910E+02 -0.207906889420E+02  0.233514728520E+02  0.707106346477E+00
 -0.174007777770E+02 -0.207634012160E+02  0.238373392310E+02  0.100000000000E+01
 -0.171659857400E+02 -0.204980864790E+02  0.243095213630E+02  0.707105932094E+00
 -0.167600815890E+02 -0.201844245760E+02  0.240645537430E+02  0.100000000000E+01
 -0.163063198210E+02 -0.198454461010E+02  0.237053297540E+02  0.707107414560E+00
 -0.165208387010E+02 -0.201099135930E+02  0.231124579970E+02  0.100000000000E+01
 -0.168893042790E+02 -0.207255863380E+02  0.234194393140E+02  0.100000000000E+01
 -0.168893042790E+02 -0.207255863380E+02  0.234194393140E+02  0.707106870240E+00
 -0.168893042790E+02 -0.207255863380E+02  0.234194393140E+02  0.100000000000E+01
 -0.168893042790E+02 -0.207255863380E+02  0.234194393140E+02  0.707107243993E+00
 -0.168893042790E+02 -0.207255863380E+02  0.234194393140E+02  0.100000000000E+01
 -0.168893042790E+02 -0.207255863380E+02  0.234194393140E+02  0.707106899227E+00
 -0.168893042790E+02 -0.207255863380E+02  0.234194393140E+02  0.100000000000E+01
 -0.168893042790E+02 -0.207255863380E+02  0.234194393140E+02  0.707106584166E+00
 -0.168893042790E+02 -0.207255863380E+02  0.234194393140E+02  0.100000000000E+01
 -0.164214140010E+02 -0.203921621560E+02  0.230338751550E+02  0.100000000000E+01
 -0.168604939500E+02 -0.203092143130E+02  0.223542912540E+02  0.707106870240E+00
 -0.174691844730E+02 -0.206985824430E+02  0.227390941540E+02  0.100000000000E+01
 -0.178533389430E+02 -0.210490207370E+02  0.232574066260E+02  0.707107243993E+00
 -0.172955289870E+02 -0.210150651900E+02  0.237541869040E+02  0.100000000000E+01
 -0.170823630490E+02 -0.206994902680E+02  0.243219125260E+02  0.707106899227E+00
 -0.166181520390E+02 -0.203366692730E+02  0.240848127940E+02  0.100000000000E+01
 -0.161709735810E+02 -0.200378383170E+02  0.236262363730E+02  0.707106584166E+00
 -0.164214140010E+02 -0.203921621560E+02  0.230338751550E+02  0.100000000000E+01
           1
           2
           3
           4
           5
           6
           7
           8
           9
          10
          11
          12
          13
          14
          15
          16
          17
          18
          19
          20
          21
          22
          23
          24
          25
          26
          27
          28
          29
          30
          31
          32
          33
          34
          35
          36
          37
          38
          39
          40
          41
          42
          43
          44
          45
          46
          47
          48
          49
          50
          51
          52
          53
          54
          55
          56
          57
          58
          59
          60
          61
          62
          63
          64
          65
          66
          67
          68
          69
          70
          71
          72
          73
          74
          75
          76
          77
          78
          79
          80
          81
          82
          83
          84
          85
          86
          87
          88
          89
          90
          91
          92
          93
          94
          95
          96
          97
          98
          99
         100
         101
         102
         103
         104
         105
         106
         107
         108
         109
         110
         111
         112
         113
         114
         115
         116
         117
         118
         119
         120
         121
         122
         123
         124
         125
         126
         127
         128
         129
         130
         131
         132
         133
         134
         135
         136
         137
         138
         139
         140
         141
         142
         143
         144
         145
         146
         147
         148
         149
         150
         151
         152
         153
         154
         155
         156
         157
         158
         159
         160
         161
         162
         163
         164
         165
         166
         167
         168
         169
         170
         171
         172
         173
         174
         175
         176
         177
         178
         179
         180
         181
         182
         183
         184
         185
         186
         187
         188
         189
         190
         191
         192
         193
         194
         195
         196
         197
         198
         199
         200
         201
         202
         203
         204
         205
         206
         207
         208
         209
         210
         211
         212
         213
         214
         215
         216
         217
         218
         219
         220
         221
         222
         223
         224
         225
         226
         227
         228
         229
         230
         231
         232
         233
         234
         235
         236
         237
         238
         239
         240
         241
         242
         243
         244
         245
         246
         247
         248
         249
         250
         251
         252
         253
         254
         255
         256
         257
         258
         259
         260
         261
         262
         263
         264
         265
         266
         267
         268
         269
         270
         271
         272
         273
         274
         275
         276
         277
         278
         279
         280
         281
         282
         283
         284
         285
         286
         287
         288
         289
         290
         291
         292
         293
         294
         295
         296
         297
         298
         299
         300
         301
         302
         303
         304
         305
         306
         307
         308
         309
         310
         311
         312
         313
         314
         315
         316
         317
         318
         319
         320
         321
         322
         323
         324
         325
         326
         327
         328
         329
         330
         331
         332
         333
         334
         335
         336
         337
         338
         339
         340
         341
         342
         343
         344
         345
         346
         347
         348
         349
         350
         351
         352
         353
         354
         355
         356
         357
         358
         359
         360
         361
         362
         363
         364
         365
         366
         367
         368
         369
         370
         371
         372
         373
         374
         375
         376
         377
         378
         379
         380
         381
         382
         383
         384
         385
         386
         387
         388
         389
         390
         391
         392
         393
         394
         395
         396
         397
         398
         399
         400
         401
         402
         403
         404
         405
         406
         407
         408
         409
         410
         411
         412
         413
         414
         415
         416
         417
         418
         419
         420
         421
         422
         423
         424
         425
         426
         427
         428
         429
         430
         431
         432
         433
         434
         435
         436
         437
         438
         439
         440
         441
         442
         443
         444
         445
         446
         447
         448
         449
         450
         451
         452
         453
         454
         455
         456
         457
         458
         459
         460
         461
         462
         463
         464
         465
         466
         467
         468
 1 0 0
 0 0 0
 0 0 0
 0 0 0
 0 0 0
 0 0 0
 0 0 0
 0 0 0
 0 0 0
 0 0 0
 0 0 0
 0 0 0
 0 0 0
 0 0 0
 0 0 0
 0 0 0
 0 0 0
 0 0 0
 0 0 0
 0 0 0
 0 0 0
 0 0 0
 0 0 0
 0 0 0
 0 0 0
 0 0 0
 0 0 0
 0 0 0
 0 0 0
 0 0 0
 0 0 0
 0 0 0
 0 0 0
 0 0 0
 0 0 0
 0 0 0
 0 0 0
 0 0 0
 0 0 0
 0 0 0
 0 0 0
 0 0 0
 0 0 0
 0 0 0
 0 0 0
 0 0 0
 0 0 0
 0 0 0
 0 0 0
 0 0 0
 0 0 0
 0 0 0
 0 0 0
 0 0 0
 0 0 0
 0 0 0
 0 0 0
 0 0 0
 0 0 0
 0 0 0
 0 0 0
 0 0 0
 0 0 0
 0 0 0
 0 0 0
 0 0 0
 0 0 0
 0 0 0
 0 0 0
 0 0 0
 0 0 0
 0 0 0
 0 0 0
 0 0 0
 0 0 0
 0 0 0
 0 0 0
 0 0 0
 0 0 0
 0 0 0
 0 0 0
 0 0 0
 0 0 0
 0 0 0
 0 0 0
 0 0 0
 0 0 0
 0 0 0
 0 0 0
 0 0 0
 0 0 0
 0 0 0
 0 0 0
 0 0 0
 0 0 0
 0 0 0
 0 0 0
 0 0 0
 0 0 0
 0 0 0
 0 0 0
 0 0 0
 0 0 0
 0 0 0
 0 0 0
 0 0 0
 0 0 0
 0 0 0
 0 0 0
 0 0 0
 0 0 0
 0 0 0
 0 0 0
 0 0 0
 0 0 0
 0 0 0
 0 0 0
 0 0 0
 0 0 0
 0 0 0
 0 0 0
 0 0 0
 0 0 0
 0 0 0
 0 0 0
 0 0 0
 0 0 0
 0 0 0
 0 0 0
 0 0 0
 0 0 0
 0 0 0
 0 0 0
 0 0 0
 0 0 0
 0 0 0
 0 0 0
 0 0 0
 0 0 0
 0 0 0
 0 0 0
 0 0 0
 0 0 0
 0 0 0
 0 0 0
 0 0 0
 0 0 0
 0 0 0
 0 0 0
 0 0 0
 0 0 0
 0 0 0
 0 0 0
 0 0 0
 0 0 0
 0 0 0
 0 0 0
 0 0 0
 0 0 0
 0 0 0
 0 0 0
 0 0 0
 0 0 0
 0 0 0
 0 0 0
 0 0 0
 0 0 0
 0 0 0
 0 0 0
 0 0 0
 0 0 0
 0 0 0
 0 0 0
 0 0 0
 0 0 0
 0 0 0
 0 0 0
 0 0 0
 0 0 0
 0 0 0
 0 0 0
 0 0 0
 0 0 0
 0 0 0
 0 0 0
 0 0 0
 0 0 0
 0 0 0
 0 0 0
 0 0 0
 0 0 0
 0 0 0
 0 0 0
 0 0 0
 0 0 0
 0 0 0
 0 0 0
 0 0 0
 0 0 0
 0 0 0
 0 0 0
 0 0 0
 0 0 0
 0 0 0
 0 0 0
 0 0 0
 0 0 0
 0 0 0
 0 0 0
 0 0 0
 0 0 0
 0 0 0
 0 0 0
 0 0 0
 0 0 0
 0 0 0
 0 0 0
 0 0 0
 0 0 0
 0 0 0
 0 0 0
 0 0 0
 0 0 0
 0 0 0
 0 0 0
 0 0 0
 0 0 0
 0 0 0
 0 0 0
 0 0 0
 0 0 0
 0 0 0
 0 0 0
 0 0 0
 0 0 0
 0 0 0
 0 0 0
 0 0 0
 0 0 0
 0 0 0
 0 0 0
 0 0 0
 0 0 0
 0 0 0
 0 0 0
 0 0 0
 0 0 0
 0 0 0
 0 0 0
 0 0 0
 0 0 0
 0 0 0
 0 0 0
 0 0 0
 0 0 0
 0 0 0
 0 0 0
 0 0 0
 0 0 0
 0 0 0
 0 0 0
 0 0 0
 0 0 0
 0 0 0
 0 0 0
 0 0 0
 0 0 0
 0 0 0
 0 0 0
 0 0 0
 0 0 0
 0 0 0
 0 0 0
 0 0 0
 0 0 0
 0 0 0
 0 0 0
 0 0 0
 0 0 0
 0 0 0
 0 0 0
 0 0 0
 0 0 0
 0 0 0
 0 0 0
 0 0 0
 0 0 0
 0 0 0
 0 0 0
 0 0 0
 0 0 0
 0 0 0
 0 0 0
 0 0 0
 0 0 0
 0 0 0
 0 0 0
 0 0 0
 0 0 0
 0 0 0
 0 0 0
 0 0 0
 0 0 0
 0 0 0
 0 0 0
 0 0 0
 0 0 0
 0 0 0
 0 0 0
 0 0 0
 0 0 0
 0 0 0
 0 0 0
 0 0 0
 0 0 0
 0 0 0
 0 0 0
 0 0 0
 0 0 0
 0 0 0
 0 0 0
 0 0 0
 0 0 0
 0 0 0
 0 0 0
 0 0 0
 0 0 0
 0 0 0
 0 0 0
 0 0 0
 0 0 0
 0 0 0
 0 0 0
 0 0 0
 0 0 0
 0 0 0
 0 0 0
 0 0 0
 0 0 0
 0 0 0
 0 0 0
 0 0 0
 0 0 0
 0 0 0
 0 0 0
 0 0 0
 0 0 0
 0 0 0
 0 0 0
 0 0 0
 0 0 0
 0 0 0
 0 0 0
 0 0 0
 0 0 0
 0 0 0
 0 0 0
 0 0 0
 0 0 0
 0 0 0
 0 0 0
 0 0 0
 0 0 0
 0 0 0
 0 0 0
 0 0 0
 0 0 0
 0 0 0
 0 0 0
 0 0 0
 0 0 0
 0 0 0
 0 0 0
 0 0 0
 0 0 0
 0 0 0
 0 0 0
 0 0 0
 0 0 0
 0 0 0
 0 0 0
 0 0 0
 0 0 0
 0 0 0
 0 0 0
 0 0 0
 0 0 0
 0 0 0
 0 0 0
 0 0 0
 0 0 0
 0 0 0
 0 0 0
 0 0 0
 0 0 0
 0 0 0
 0 0 0
 0 0 0
 0 0 0
 0 0 0
 0 0 0
 0 0 0
 0 0 0
 0 0 0
 0 0 0
 0 0 0
 0 0 0
 0 0 0
 0 0 0
 0 0 0
 0 0 0
 0 0 0
 0 0 0
 0 0 0
 0 0 0
 0 0 0
 0 0 0
 0 0 0
 0 0 0
 0 0 0
 0 0 0
 0 0 0
 0 0 0
 0 0 0
 0 0 0
 0 0 0
 0 0 0
 0 0 0
 0 0 0
 0 0 0
 0 0 0
 0 0 0
 0 0 0
 0 0 0
 0 0 0
 0 0 0
 0 0 0
 0 0 0
 0 0 0
 0 0 0
 0 0 0
 0 0 0
 0 0 0
 0 0 0
 0 0 0
 0 0 0
 0 0 0
 0 0 0
 0 0 0
 0 0 0
 0 0 0
 0 0 0
 0 0 0
 0 0 0
 0 0 0
 0 0 0
 0 0 0
 0 0 0
 0 0 0
 0 0 0
 0 0 0
 0 0 0
 0 0 0
 0 0 0
 0 0 0
 0 0 0
 0 0 0
 0 0 0
 0 0 0
  0.000000000  0.000000000  0.000000000
  0.000000000  0.000000000  0.000000000
  0.000000000  0.000000000  0.000000000
  0.000000000  0.000000000  0.000000000
  0.000000000  0.000000000  0.000000000
  0.000000000  0.000000000  0.000000000
  0.000000000  0.000000000  0.000000000
  0.000000000  0.000000000  0.000000000
  0.000000000  0.000000000  0.000000000
  0.000000000  0.000000000  0.000000000
  0.000000000  0.000000000  0.000000000
  0.000000000  0.000000000  0.000000000
  0.000000000  0.000000000  0.000000000
  0.000000000  0.000000000  0.000000000
  0.000000000  0.000000000  0.000000000
  0.000000000  0.000000000  0.000000000
  0.000000000  0.000000000  0.000000000
  0.000000000  0.000000000  0.000000000
  0.000000000  0.000000000  0.000000000
  0.000000000  0.000000000  0.000000000
  0.000000000  0.000000000  0.000000000
  0.000000000  0.000000000  0.000000000
  0.000000000  0.000000000  0.000000000
  0.000000000  0.000000000  0.000000000
  0.000000000  0.000000000  0.000000000
  0.000000000  0.000000000  0.000000000
  0.000000000  0.000000000  0.000000000
  0.000000000  0.000000000  0.000000000
  0.000000000  0.000000000  0.000000000
  0.000000000  0.000000000  0.000000000
  0.000000000  0.000000000  0.000000000
  0.000000000  0.000000000  0.000000000
  0.000000000  0.000000000  0.000000000
  0.000000000  0.000000000  0.000000000
  0.000000000  0.000000000  0.000000000
  0.000000000  0.000000000  0.000000000
  0.000000000  0.000000000  0.000000000
  0.000000000  0.000000000  0.000000000
  0.000000000  0.000000000  0.000000000
  0.000000000  0.000000000  0.000000000
  0.000000000  0.000000000  0.000000000
  0.000000000  0.000000000  0.000000000
  0.000000000  0.000000000  0.000000000
  0.000000000  0.000000000  0.000000000
  0.000000000  0.000000000  0.000000000
  0.000000000  0.000000000  0.000000000
  0.000000000  0.000000000  0.000000000
  0.000000000  0.000000000  0.000000000
  0.000000000  0.000000000  0.000000000
  0.000000000  0.000000000  0.000000000
  0.000000000  0.000000000  0.000000000
  0.000000000  0.000000000  0.000000000
  0.000000000  0.000000000  0.000000000
  0.000000000  0.000000000  0.000000000
  0.000000000  0.000000000  0.000000000
  0.000000000  0.000000000  0.000000000
  0.000000000  0.000000000  0.000000000
  0.000000000  0.000000000  0.000000000
  0.000000000  0.000000000  0.000000000
  0.000000000  0.000000000  0.000000000
  0.000000000  0.000000000  0.000000000
  0.000000000  0.000000000  0.000000000
  0.000000000  0.000000000  0.000000000
  0.000000000  0.000000000  0.000000000
  0.000000000  0.000000000  0.000000000
  0.000000000  0.000000000  0.000000000
  0.000000000  0.000000000  0.000000000
  0.000000000  0.000000000  0.000000000
  0.000000000  0.000000000  0.000000000
  0.000000000  0.000000000  0.000000000
  0.000000000  0.000000000  0.000000000
  0.000000000  0.000000000  0.000000000
  0.000000000  0.000000000  0.000000000
  0.000000000  0.000000000  0.000000000
  0.000000000  0.000000000  0.000000000
  0.000000000  0.000000000  0.000000000
  0.000000000  0.000000000  0.000000000
  0.000000000  0.000000000  0.000000000
  0.000000000  0.000000000  0.000000000
  0.000000000  0.000000000  0.000000000
  0.000000000  0.000000000  0.000000000
  0.000000000  0.000000000  0.000000000
  0.000000000  0.000000000  0.000000000
  0.000000000  0.000000000  0.000000000
  0.000000000  0.000000000  0.000000000
  0.000000000  0.000000000  0.000000000
  0.000000000  0.000000000  0.000000000
  0.000000000  0.000000000  0.000000000
  0.000000000  0.000000000  0.000000000
  0.000000000  0.000000000  0.000000000
  0.000000000  0.000000000  0.000000000
  0.000000000  0.000000000  0.000000000
  0.000000000  0.000000000  0.000000000
  0.000000000  0.000000000  0.000000000
  0.000000000  0.000000000  0.000000000
  0.000000000  0.000000000  0.000000000
  0.000000000  0.000000000  0.000000000
  0.000000000  0.000000000  0.000000000
  0.000000000  0.000000000  0.000000000
  0.000000000  0.000000000  0.000000000
  0.000000000  0.000000000  0.000000000
  0.000000000  0.000000000  0.000000000
  0.000000000  0.000000000  0.000000000
  0.000000000  0.000000000  0.000000000
  0.000000000  0.000000000  0.000000000
  0.000000000  0.000000000  0.000000000
  0.000000000  0.000000000  0.000000000
  0.000000000  0.000000000  0.000000000
  0.000000000  0.000000000  0.000000000
  0.000000000  0.000000000  0.000000000
  0.000000000  0.000000000  0.000000000
  0.000000000  0.000000000  0.000000000
  0.000000000  0.000000000  0.000000000
  0.000000000  0.000000000  0.000000000
  0.000000000  0.000000000  0.000000000
  0.000000000  0.000000000  0.000000000
  0.000000000  0.000000000  0.000000000
  0.000000000  0.000000000  0.000000000
  0.000000000  0.000000000  0.000000000
  0.000000000  0.000000000  0.000000000
  0.000000000  0.000000000  0.000000000
  0.000000000  0.000000000  0.000000000
  0.000000000  0.000000000  0.000000000
  0.000000000  0.000000000  0.000000000
  0.000000000  0.000000000  0.000000000
  0.000000000  0.000000000  0.000000000
  0.000000000  0.000000000  0.000000000
  0.000000000  0.000000000  0.000000000
  0.000000000  0.000000000  0.000000000
  0.000000000  0.000000000  0.000000000
  0.000000000  0.000000000  0.000000000
  0.000000000  0.000000000  0.000000000
  0.000000000  0.000000000  0.000000000
  0.000000000  0.000000000  0.000000000
  0.000000000  0.000000000  0.000000000
  0.000000000  0.000000000  0.000000000
  0.000000000  0.000000000  0.000000000
  0.000000000  0.000000000  0.000000000
  0.000000000  0.000000000  0.000000000
  0.000000000  0.000000000  0.000000000
  0.000000000  0.000000000  0.000000000
  0.000000000  0.000000000  0.000000000
  0.000000000  0.000000000  0.000000000
  0.000000000  0.000000000  0.000000000
  0.000000000  0.000000000  0.000000000
  0.000000000  0.000000000  0.000000000
  0.000000000  0.000000000  0.000000000
  0.000000000  0.000000000  0.000000000
  0.000000000  0.000000000  0.000000000
  0.000000000  0.000000000  0.000000000
  0.000000000  0.000000000  0.000000000
  0.000000000  0.000000000  0.000000000
  0.000000000  0.000000000  0.000000000
  0.000000000  0.000000000  0.000000000
  0.000000000  0.000000000  0.000000000
  0.000000000  0.000000000  0.000000000
  0.000000000  0.000000000  0.000000000
  0.000000000  0.000000000  0.000000000
  0.000000000  0.000000000  0.000000000
  0.000000000  0.000000000  0.000000000
  0.000000000  0.000000000  0.000000000
  0.000000000  0.000000000  0.000000000
  0.000000000  0.000000000  0.000000000
  0.000000000  0.000000000  0.000000000
  0.000000000  0.000000000  0.000000000
  0.000000000  0.000000000  0.000000000
  0.000000000  0.000000000  0.000000000
  0.000000000  0.000000000  0.000000000
  0.000000000  0.000000000  0.000000000
  0.000000000  0.000000000  0.000000000
  0.000000000  0.000000000  0.000000000
  0.000000000  0.000000000  0.000000000
  0.000000000  0.000000000  0.000000000
  0.000000000  0.000000000  0.000000000
  0.000000000  0.000000000  0.000000000
  0.000000000  0.000000000  0.000000000
  0.000000000  0.000000000  0.000000000
  0.000000000  0.000000000  0.000000000
  0.000000000  0.000000000  0.000000000
  0.000000000  0.000000000  0.000000000
  0.000000000  0.000000000  0.000000000
  0.000000000  0.000000000  0.000000000
  0.000000000  0.000000000  0.000000000
  0.000000000  0.000000000  0.000000000
  0.000000000  0.000000000  0.000000000
  0.000000000  0.000000000  0.000000000
  0.000000000  0.000000000  0.000000000
  0.000000000  0.000000000  0.000000000
  0.000000000  0.000000000  0.000000000
  0.000000000  0.000000000  0.000000000
  0.000000000  0.000000000  0.000000000
  0.000000000  0.000000000  0.000000000
  0.000000000  0.000000000  0.000000000
  0.000000000  0.000000000  0.000000000
  0.000000000  0.000000000  0.000000000
  0.000000000  0.000000000  0.000000000
  0.000000000  0.000000000  0.000000000
  0.000000000  0.000000000  0.000000000
  0.000000000  0.000000000  0.000000000
  0.000000000  0.000000000  0.000000000
  0.000000000  0.000000000  0.000000000
  0.000000000  0.000000000  0.000000000
  0.000000000  0.000000000  0.000000000
  0.000000000  0.000000000  0.000000000
  0.000000000  0.000000000  0.000000000
  0.000000000  0.000000000  0.000000000
  0.000000000  0.000000000  0.000000000
  0.000000000  0.000000000  0.000000000
  0.000000000  0.000000000  0.000000000
  0.000000000  0.000000000  0.000000000
  0.000000000  0.000000000  0.000000000
  0.000000000  0.000000000  0.000000000
  0.000000000  0.000000000  0.000000000
  0.000000000  0.000000000  0.000000000
  0.000000000  0.000000000  0.000000000
  0.000000000  0.000000000  0.000000000
  0.000000000  0.000000000  0.000000000
  0.000000000  0.000000000  0.000000000
  0.000000000  0.000000000  0.000000000
  0.000000000  0.000000000  0.000000000
  0.000000000  0.000000000  0.000000000
  0.000000000  0.000000000  0.000000000
  0.000000000  0.000000000  0.000000000
  0.000000000  0.000000000  0.000000000
  0.000000000  0.000000000  0.000000000
  0.000000000  0.000000000  0.000000000
  0.000000000  0.000000000  0.000000000
  0.000000000  0.000000000  0.000000000
  0.000000000  0.000000000  0.000000000
  0.000000000  0.000000000  0.000000000
  0.000000000  0.000000000  0.000000000
  0.000000000  0.000000000  0.000000000
  0.000000000  0.000000000  0.000000000
  0.000000000  0.000000000  0.000000000
  0.000000000  0.000000000  0.000000000
  0.000000000  0.000000000  0.000000000
  0.000000000  0.000000000  0.000000000
  0.000000000  0.000000000  0.000000000
  0.000000000  0.000000000  0.000000000
  0.000000000  0.000000000  0.000000000
  0.000000000  0.000000000  0.000000000
  0.000000000  0.000000000  0.000000000
  0.000000000  0.000000000  0.000000000
  0.000000000  0.000000000  0.000000000
  0.000000000  0.000000000  0.000000000
  0.000000000  0.000000000  0.000000000
  0.000000000  0.000000000  0.000000000
  0.000000000  0.000000000  0.000000000
  0.000000000  0.000000000  0.000000000
  0.000000000  0.000000000  0.000000000
  0.000000000  0.000000000  0.000000000
  0.000000000  0.000000000  0.000000000
  0.000000000  0.000000000  0.000000000
  0.000000000  0.000000000  0.000000000
  0.000000000  0.000000000  0.000000000
  0.000000000  0.000000000  0.000000000
  0.000000000  0.000000000  0.000000000
  0.000000000  0.000000000  0.000000000
  0.000000000  0.000000000  0.000000000
  0.000000000  0.000000000  0.000000000
  0.000000000  0.000000000  0.000000000
  0.000000000  0.000000000  0.000000000
  0.000000000  0.000000000  0.000000000
  0.000000000  0.000000000  0.000000000
  0.000000000  0.000000000  0.000000000
  0.000000000  0.000000000  0.000000000
  0.000000000  0.000000000  0.000000000
  0.000000000  0.000000000  0.000000000
  0.000000000  0.000000000  0.000000000
  0.000000000  0.000000000  0.000000000
  0.000000000  0.000000000  0.000000000
  0.000000000  0.000000000  0.000000000
  0.000000000  0.000000000  0.000000000
  0.000000000  0.000000000  0.000000000
  0.000000000  0.000000000  0.000000000
  0.000000000  0.000000000  0.000000000
  0.000000000  0.000000000  0.000000000
  0.000000000  0.000000000  0.000000000
  0.000000000  0.000000000  0.000000000
  0.000000000  0.000000000  0.000000000
  0.000000000  0.000000000  0.000000000
  0.000000000  0.000000000  0.000000000
  0.000000000  0.000000000  0.000000000
  0.000000000  0.000000000  0.000000000
  0.000000000  0.000000000  0.000000000
  0.000000000  0.000000000  0.000000000
  0.000000000  0.000000000  0.000000000
  0.000000000  0.000000000  0.000000000
  0.000000000  0.000000000  0.000000000
  0.000000000  0.000000000  0.000000000
  0.000000000  0.000000000  0.000000000
  0.000000000  0.000000000  0.000000000
  0.000000000  0.000000000  0.000000000
  0.000000000  0.000000000  0.000000000
  0.000000000  0.000000000  0.000000000
  0.000000000  0.000000000  0.000000000
  0.000000000  0.000000000  0.000000000
  0.000000000  0.000000000  0.000000000
  0.000000000  0.000000000  0.000000000
  0.000000000  0.000000000  0.000000000
  0.000000000  0.000000000  0.000000000
  0.000000000  0.000000000  0.000000000
  0.000000000  0.000000000  0.000000000
  0.000000000  0.000000000  0.000000000
  0.000000000  0.000000000  0.000000000
  0.000000000  0.000000000  0.000000000
  0.000000000  0.000000000  0.000000000
  0.000000000  0.000000000  0.000000000
  0.000000000  0.000000000  0.000000000
  0.000000000  0.000000000  0.000000000
  0.000000000  0.000000000  0.000000000
  0.000000000  0.000000000  0.000000000
  0.000000000  0.000000000  0.000000000
  0.000000000  0.000000000  0.000000000
  0.000000000  0.000000000  0.000000000
  0.000000000  0.000000000  0.000000000
  0.000000000  0.000000000  0.000000000
  0.000000000  0.000000000  0.000000000
  0.000000000  0.000000000  0.000000000
  0.000000000  0.000000000  0.000000000
  0.000000000  0.000000000  0.000000000
  0.000000000  0.000000000  0.000000000
  0.000000000  0.000000000  0.000000000
  0.000000000  0.000000000  0.000000000
  0.000000000  0.000000000  0.000000000
  0.000000000  0.000000000  0.000000000
  0.000000000  0.000000000  0.000000000
  0.000000000  0.000000000  0.000000000
  0.000000000  0.000000000  0.000000000
  0.000000000  0.000000000  0.000000000
  0.000000000  0.000000000  0.000000000
  0.000000000  0.000000000  0.000000000
  0.000000000  0.000000000  0.000000000
  0.000000000  0.000000000  0.000000000
  0.000000000  0.000000000  0.000000000
  0.000000000  0.000000000  0.000000000
  0.000000000  0.000000000  0.000000000
  0.000000000  0.000000000  0.000000000
  0.000000000  0.000000000  0.000000000
  0.000000000  0.000000000  0.000000000
  0.000000000  0.000000000  0.000000000
  0.000000000  0.000000000  0.000000000
  0.000000000  0.000000000  0.000000000
  0.000000000  0.000000000  0.000000000
  0.000000000  0.000000000  0.000000000
  0.000000000  0.000000000  0.000000000
  0.000000000  0.000000000  0.000000000
  0.000000000  0.000000000  0.000000000
  0.000000000  0.000000000  0.000000000
  0.000000000  0.000000000  0.000000000
  0.000000000  0.000000000  0.000000000
  0.000000000  0.000000000  0.000000000
  0.000000000  0.000000000  0.000000000
  0.000000000  0.000000000  0.000000000
  0.000000000  0.000000000  0.000000000
  0.000000000  0.000000000  0.000000000
  0.000000000  0.000000000  0.000000000
  0.000000000  0.000000000  0.000000000
  0.000000000  0.000000000  0.000000000
  0.000000000  0.000000000  0.000000000
  0.000000000  0.000000000  0.000000000
  0.000000000  0.000000000  0.000000000
  0.000000000  0.000000000  0.000000000
  0.000000000  0.000000000  0.000000000
  0.000000000  0.000000000  0.000000000
  0.000000000  0.000000000  0.000000000
  0.000000000  0.000000000  0.000000000
  0.000000000  0.000000000  0.000000000
  0.000000000  0.000000000  0.000000000
  0.000000000  0.000000000  0.000000000
  0.000000000  0.000000000  0.000000000
  0.000000000  0.000000000  0.000000000
  0.000000000  0.000000000  0.000000000
  0.000000000  0.000000000  0.000000000
  0.000000000  0.000000000  0.000000000
  0.000000000  0.000000000  0.000000000
  0.000000000  0.000000000  0.000000000
  0.000000000  0.000000000  0.000000000
  0.000000000  0.000000000  0.000000000
  0.000000000  0.000000000  0.000000000
  0.000000000  0.000000000  0.000000000
  0.000000000  0.000000000  0.000000000
  0.000000000  0.000000000  0.000000000
  0.000000000  0.000000000  0.000000000
  0.000000000  0.000000000  0.000000000
  0.000000000  0.000000000  0.000000000
  0.000000000  0.000000000  0.000000000
  0.000000000  0.000000000  0.000000000
  0.000000000  0.000000000  0.000000000
  0.000000000  0.000000000  0.000000000
  0.000000000  0.000000000  0.000000000
  0.000000000  0.000000000  0.000000000
  0.000000000  0.000000000  0.000000000
  0.000000000  0.000000000  0.000000000
  0.000000000  0.000000000  0.000000000
  0.000000000  0.000000000  0.000000000
  0.000000000  0.000000000  0.000000000
  0.000000000  0.000000000  0.000000000
  0.000000000  0.000000000  0.000000000
  0.000000000  0.000000000  0.000000000
  0.000000000  0.000000000  0.000000000
  0.000000000  0.000000000  0.000000000
  0.000000000  0.000000000  0.000000000
  0.000000000  0.000000000  0.000000000
  0.000000000  0.000000000  0.000000000
  0.000000000  0.000000000  0.000000000
  0.000000000  0.000000000  0.000000000
  0.000000000  0.000000000  0.000000000
  0.000000000  0.000000000  0.000000000
  0.000000000  0.000000000  0.000000000
  0.000000000  0.000000000  0.000000000
  0.000000000  0.000000000  0.000000000
  0.000000000  0.000000000  0.000000000
  0.000000000  0.000000000  0.000000000
  0.000000000  0.000000000  0.000000000
  0.000000000  0.000000000  0.000000000
  0.000000000  0.000000000  0.000000000
  0.000000000  0.000000000  0.000000000
  0.000000000  0.000000000  0.000000000
  0.000000000  0.000000000  0.000000000
  0.000000000  0.000000000  0.000000000
  0.000000000  0.000000000  0.000000000
  0.000000000  0.000000000  0.000000000
  0.000000000  0.000000000  0.000000000
  0.000000000  0.000000000  0.000000000
  0.000000000  0.000000000  0.000000000
  0.000000000  0.000000000  0.000000000
  0.000000000  0.000000000  0.000000000
  0.000000000  0.000000000  0.000000000
  0.000000000  0.000000000  0.000000000
  0.000000000  0.000000000  0.000000000
  0.000000000  0.000000000  0.000000000
  0.000000000  0.000000000  0.000000000
  0.000000000  0.000000000  0.000000000
  0.000000000  0.000000000  0.000000000
  0.000000000  0.000000000  0.000000000
  0.000000000  0.000000000  0.000000000
  0.000000000  0.000000000  0.000000000
  0.000000000  0.000000000  0.000000000
  0.000000000  0.000000000  0.000000000
  0.000000000  0.000000000  0.000000000
  0.000000000  0.000000000  0.000000000
  0.000000000  0.000000000  0.000000000
  0.000000000  0.000000000  0.000000000
  0.000000000  0.000000000  0.000000000
  0.000000000  0.000000000  0.000000000
  0.000000000  0.000000000  0.000000000
  0.000000000  0.000000000  0.000000000
  0.000000000  0.000000000  0.000000000
  0.000000000  0.000000000  0.000000000
  0.000000000  0.000000000  0.000000000
  0.000000000  0.000000000  0.000000000
  0.000000000  0.000000000  0.000000000
  0.000000000  0.000000000  0.000000000
  0.000000000  0.000000000  0.000000000
  0.000000000  0.000000000  0.000000000
  0.000000000  0.000000000  0.000000000
  0.000000000  0.000000000  0.000000000
  0.000000000  0.000000000  0.000000000
  0.000000000  0.000000000  0.000000000
  0.000000000  0.000000000  0.000000000
  0.000000000  0.000000000  0.000000000
  0.000000000  0.000000000  0.000000000
  0.000000000  0.000000000  0.000000000
  0.000000000  0.000000000  0.000000000
  0.000000000  0.000000000  0.000000000
  0.000000000  0.000000000  0.000000000
  0.000000000  0.000000000  0.000000000
 0 0 0
 0 0 0
 0 0 0
 0 0 0
 0 0 0
 0 0 0
 0 0 0
 0 0 0
 0 0 0
 0 0 0
 0 0 0
 0 0 0
 0 0 0
 0 0 0
 0 0 0
 0 0 0
 0 0 0
 0 0 0
 0 0 0
 0 0 0
 0 0 0
 0 0 0
 0 0 0
 0 0 0
 0 0 0
 0 0 0
 0 0 0
 0 0 0
 0 0 0
 0 0 0
 0 0 0
 0 0 0
 0 0 0
 0 0 0
 0 0 0
 0 0 0
 0 0 0
 0 0 0
 0 0 0
 0 0 0
 0 0 0
 0 0 0
 0 0 0
 0 0 0
 0 0 0
 0 0 0
 0 0 0
 0 0 0
 0 0 0
 0 0 0
 0 0 0
 0 0 0
 0 0 0
 0 0 0
 0 0 0
 0 0 0
 0 0 0
 0 0 0
 0 0 0
 0 0 0
 0 0 0
 0 0 0
 0 0 0
 0 0 0
 0 0 0
 0 0 0
 0 0 0
 0 0 0
 0 0 0
 0 0 0
 0 0 0
 0 0 0
 0 0 0
 0 0 0
 0 0 0
 0 0 0
 0 0 0
 0 0 0
 0 0 0
 0 0 0
 0 0 0
 0 0 0
 0 0 0
 0 0 0
 0 0 0
 0 0 0
 0 0 0
 0 0 0
 0 0 0
 0 0 0
 0 0 0
 0 0 0
 0 0 0
 0 0 0
 0 0 0
 0 0 0
 0 0 0
 0 0 0
 0 0 0
 0 0 0
 0 0 0
 0 0 0
 0 0 0
 0 0 0
 0 0 0
 0 0 0
 0 0 0
 0 0 0
 0 0 0
 0 0 0
 0 0 0
 0 0 0
 0 0 0
 0 0 0
 0 0 0
 0 0 0
 0 0 0
 0 0 0
 0 0 0
 0 0 0
 0 0 0
 0 0 0
 0 0 0
 0 0 0
 0 0 0
 0 0 0
 0 0 0
 0 0 0
 0 0 0
 0 0 0
 0 0 0
 0 0 0
 0 0 0
 0 0 0
 0 0 0
 0 0 0
 0 0 0
 0 0 0
 0 0 0
 0 0 0
 0 0 0
 0 0 0
 0 0 0
 0 0 0
 0 0 0
 0 0 0
 0 0 0
 0 0 0
 0 0 0
 0 0 0
 0 0 0
 0 0 0
 0 0 0
 0 0 0
 0 0 0
 0 0 0
 0 0 0
 0 0 0
 0 0 0
 0 0 0
 0 0 0
 0 0 0
 0 0 0
 0 0 0
 0 0 0
 0 0 0
 0 0 0
 0 0 0
 0 0 0
 0 0 0
 0 0 0
 0 0 0
 0 0 0
 0 0 0
 0 0 0
 0 0 0
 0 0 0
 0 0 0
 0 0 0
 0 0 0
 0 0 0
 0 0 0
 0 0 0
 0 0 0
 0 0 0
 0 0 0
 0 0 0
 0 0 0
 0 0 0
 0 0 0
 0 0 0
 0 0 0
 0 0 0
 0 0 0
 0 0 0
 0 0 0
 0 0 0
 0 0 0
 0 0 0
 0 0 0
 0 0 0
 0 0 0
 0 0 0
 0 0 0
 0 0 0
 0 0 0
 0 0 0
 0 0 0
 0 0 0
 0 0 0
 0 0 0
 0 0 0
 0 0 0
 0 0 0
 0 0 0
 0 0 0
 0 0 0
 0 0 0
 0 0 0
 0 0 0
 0 0 0
 0 0 0
 0 0 0
 0 0 0
 0 0 0
 0 0 0
 0 0 0
 0 0 0
 0 0 0
 0 0 0
 0 0 0
 0 0 0
 0 0 0
 0 0 0
 0 0 0
 0 0 0
 0 0 0
 0 0 0
 0 0 0
 0 0 0
 0 0 0
 0 0 0
 0 0 0
 0 0 0
 0 0 0
 0 0 0
 0 0 0
 0 0 0
 0 0 0
 0 0 0
 0 0 0
 0 0 0
 0 0 0
 0 0 0
 0 0 0
 0 0 0
 0 0 0
 0 0 0
 0 0 0
 0 0 0
 0 0 0
 0 0 0
 0 0 0
 0 0 0
 0 0 0
 0 0 0
 0 0 0
 0 0 0
 0 0 0
 0 0 0
 0 0 0
 0 0 0
 0 0 0
 0 0 0
 0 0 0
 0 0 0
 0 0 0
 0 0 0
 0 0 0
 0 0 0
 0 0 0
 0 0 0
 0 0 0
 0 0 0
 0 0 0
 0 0 0
 0 0 0
 0 0 0
 0 0 0
 0 0 0
 0 0 0
 0 0 0
 0 0 0
 0 0 0
 0 0 0
 0 0 0
 0 0 0
 0 0 0
 0 0 0
 0 0 0
 0 0 0
 0 0 0
 0 0 0
 0 0 0
 0 0 0
 0 0 0
 0 0 0
 0 0 0
 0 0 0
 0 0 0
 0 0 0
 0 0 0
 0 0 0
 0 0 0
 0 0 0
 0 0 0
 0 0 0
 0 0 0
 0 0 0
 0 0 0
 0 0 0
 0 0 0
 0 0 0
 0 0 0
 0 0 0
 0 0 0
 0 0 0
 0 0 0
 0 0 0
 0 0 0
 0 0 0
 0 0 0
 0 0 0
 0 0 0
 0 0 0
 0 0 0
 0 0 0
 0 0 0
 0 0 0
 0 0 0
 0 0 0
 0 0 0
 0 0 0
 0 0 0
 0 0 0
 0 0 0
 0 0 0
 0 0 0
 0 0 0
 0 0 0
  0.000000000  0.000000000  0.000000000
  0.000000000  0.000000000  0.000000000
  0.000000000  0.000000000  0.000000000
  0.000000000  0.000000000  0.000000000
  0.000000000  0.000000000  0.000000000
  0.000000000  0.000000000  0.000000000
  0.000000000  0.000000000  0.000000000
  0.000000000  0.000000000  0.000000000
  0.000000000  0.000000000  0.000000000
  0.000000000  0.000000000  0.000000000
  0.000000000  0.000000000  0.000000000
  0.000000000  0.000000000  0.000000000
  0.000000000  0.000000000  0.000000000
  0.000000000  0.000000000  0.000000000
  0.000000000  0.000000000  0.000000000
  0.000000000  0.000000000  0.000000000
  0.000000000  0.000000000  0.000000000
  0.000000000  0.000000000  0.000000000
  0.000000000  0.000000000  0.000000000
  0.000000000  0.000000000  0.000000000
  0.000000000  0.000000000  0.000000000
  0.000000000  0.000000000  0.000000000
  0.000000000  0.000000000  0.000000000
  0.000000000  0.000000000  0.000000000
  0.000000000  0.000000000  0.000000000
  0.000000000  0.000000000  0.000000000
  0.000000000  0.000000000  0.000000000
  0.000000000  0.000000000  0.000000000
  0.000000000  0.000000000  0.000000000
  0.000000000  0.000000000  0.000000000
  0.000000000  0.000000000  0.000000000
  0.000000000  0.000000000  0.000000000
  0.000000000  0.000000000  0.000000000
  0.000000000  0.000000000  0.000000000
  0.000000000  0.000000000  0.000000000
  0.000000000  0.000000000  0.000000000
  0.000000000  0.000000000  0.000000000
  0.000000000  0.000000000  0.000000000
  0.000000000  0.000000000  0.000000000
  0.000000000  0.000000000  0.000000000
  0.000000000  0.000000000  0.000000000
  0.000000000  0.000000000  0.000000000
  0.000000000  0.000000000  0.000000000
  0.000000000  0.000000000  0.000000000
  0.000000000  0.000000000  0.000000000
  0.000000000  0.000000000  0.000000000
  0.000000000  0.000000000  0.000000000
  0.000000000  0.000000000  0.000000000
  0.000000000  0.000000000  0.000000000
  0.000000000  0.000000000  0.000000000
  0.000000000  0.000000000  0.000000000
  0.000000000  0.000000000  0.000000000
  0.000000000  0.000000000  0.000000000
  0.000000000  0.000000000  0.000000000
  0.000000000  0.000000000  0.000000000
  0.000000000  0.000000000  0.000000000
  0.000000000  0.000000000  0.000000000
  0.000000000  0.000000000  0.000000000
  0.000000000  0.000000000  0.000000000
  0.000000000  0.000000000  0.000000000
  0.000000000  0.000000000  0.000000000
  0.000000000  0.000000000  0.000000000
  0.000000000  0.000000000  0.000000000
  0.000000000  0.000000000  0.000000000
  0.000000000  0.000000000  0.000000000
  0.000000000  0.000000000  0.000000000
  0.000000000  0.000000000  0.000000000
  0.000000000  0.000000000  0.000000000
  0.000000000  0.000000000  0.000000000
  0.000000000  0.000000000  0.000000000
  0.000000000  0.000000000  0.000000000
  0.000000000  0.000000000  0.000000000
  0.000000000  0.000000000  0.000000000
  0.000000000  0.000000000  0.000000000
  0.000000000  0.000000000  0.000000000
  0.000000000  0.000000000  0.000000000
  0.000000000  0.000000000  0.000000000
  0.000000000  0.000000000  0.000000000
  0.000000000  0.000000000  0.000000000
  0.000000000  0.000000000  0.000000000
  0.000000000  0.000000000  0.000000000
  0.000000000  0.000000000  0.000000000
  0.000000000  0.000000000  0.000000000
  0.000000000  0.000000000  0.000000000
  0.000000000  0.000000000  0.000000000
  0.000000000  0.000000000  0.000000000
  0.000000000  0.000000000  0.000000000
  0.000000000  0.000000000  0.000000000
  0.000000000  0.000000000  0.000000000
  0.000000000  0.000000000  0.000000000
  0.000000000  0.000000000  0.000000000
  0.000000000  0.000000000  0.000000000
  0.000000000  0.000000000  0.000000000
  0.000000000  0.000000000  0.000000000
  0.000000000  0.000000000  0.000000000
  0.000000000  0.000000000  0.000000000
  0.000000000  0.000000000  0.000000000
  0.000000000  0.000000000  0.000000000
  0.000000000  0.000000000  0.000000000
  0.000000000  0.000000000  0.000000000
  0.000000000  0.000000000  0.000000000
  0.000000000  0.000000000  0.000000000
  0.000000000  0.000000000  0.000000000
  0.000000000  0.000000000  0.000000000
  0.000000000  0.000000000  0.000000000
  0.000000000  0.000000000  0.000000000
  0.000000000  0.000000000  0.000000000
  0.000000000  0.000000000  0.000000000
  0.000000000  0.000000000  0.000000000
  0.000000000  0.000000000  0.000000000
  0.000000000  0.000000000  0.000000000
  0.000000000  0.000000000  0.000000000
  0.000000000  0.000000000  0.000000000
  0.000000000  0.000000000  0.000000000
  0.000000000  0.000000000  0.000000000
  0.000000000  0.000000000  0.000000000
  0.000000000  0.000000000  0.000000000
  0.000000000  0.000000000  0.000000000
  0.000000000  0.000000000  0.000000000
  0.000000000  0.000000000  0.000000000
  0.000000000  0.000000000  0.000000000
  0.000000000  0.000000000  0.000000000
  0.000000000  0.000000000  0.000000000
  0.000000000  0.000000000  0.000000000
  0.000000000  0.000000000  0.000000000
  0.000000000  0.000000000  0.000000000
  0.000000000  0.000000000  0.000000000
  0.000000000  0.000000000  0.000000000
  0.000000000  0.000000000  0.000000000
  0.000000000  0.000000000  0.000000000
  0.000000000  0.000000000  0.000000000
  0.000000000  0.000000000  0.000000000
  0.000000000  0.000000000  0.000000000
  0.000000000  0.000000000  0.000000000
  0.000000000  0.000000000  0.000000000
  0.000000000  0.000000000  0.000000000
  0.000000000  0.000000000  0.000000000
  0.000000000  0.000000000  0.000000000
  0.000000000  0.000000000  0.000000000
  0.000000000  0.000000000  0.000000000
  0.000000000  0.000000000  0.000000000
  0.000000000  0.000000000  0.000000000
  0.000000000  0.000000000  0.000000000
  0.000000000  0.000000000  0.000000000
  0.000000000  0.000000000  0.000000000
  0.000000000  0.000000000  0.000000000
  0.000000000  0.000000000  0.000000000
  0.000000000  0.000000000  0.000000000
  0.000000000  0.000000000  0.000000000
  0.000000000  0.000000000  0.000000000
  0.000000000  0.000000000  0.000000000
  0.000000000  0.000000000  0.000000000
  0.000000000  0.000000000  0.000000000
  0.000000000  0.000000000  0.000000000
  0.000000000  0.000000000  0.000000000
  0.000000000  0.000000000  0.000000000
  0.000000000  0.000000000  0.000000000
  0.000000000  0.000000000  0.000000000
  0.000000000  0.000000000  0.000000000
  0.000000000  0.000000000  0.000000000
  0.000000000  0.000000000  0.000000000
  0.000000000  0.000000000  0.000000000
  0.000000000  0.000000000  0.000000000
  0.000000000  0.000000000  0.000000000
  0.000000000  0.000000000  0.000000000
  0.000000000  0.000000000  0.000000000
  0.000000000  0.000000000  0.000000000
  0.000000000  0.000000000  0.000000000
  0.000000000  0.000000000  0.000000000
  0.000000000  0.000000000  0.000000000
  0.000000000  0.000000000  0.000000000
  0.000000000  0.000000000  0.000000000
  0.000000000  0.000000000  0.000000000
  0.000000000  0.000000000  0.000000000
  0.000000000  0.000000000  0.000000000
  0.000000000  0.000000000  0.000000000
  0.000000000  0.000000000  0.000000000
  0.000000000  0.000000000  0.000000000
  0.000000000  0.000000000  0.000000000
  0.000000000  0.000000000  0.000000000
  0.000000000  0.000000000  0.000000000
  0.000000000  0.000000000  0.000000000
  0.000000000  0.000000000  0.000000000
  0.000000000  0.000000000  0.000000000
  0.000000000  0.000000000  0.000000000
  0.000000000  0.000000000  0.000000000
  0.000000000  0.000000000  0.000000000
  0.000000000  0.000000000  0.000000000
  0.000000000  0.000000000  0.000000000
  0.000000000  0.000000000  0.000000000
  0.000000000  0.000000000  0.000000000
  0.000000000  0.000000000  0.000000000
  0.000000000  0.000000000  0.000000000
  0.000000000  0.000000000  0.000000000
  0.000000000  0.000000000  0.000000000
  0.000000000  0.000000000  0.000000000
  0.000000000  0.000000000  0.000000000
  0.000000000  0.000000000  0.000000000
  0.000000000  0.000000000  0.000000000
  0.000000000  0.000000000  0.000000000
  0.000000000  0.000000000  0.000000000
  0.000000000  0.000000000  0.000000000
  0.000000000  0.000000000  0.000000000
  0.000000000  0.000000000  0.000000000
  0.000000000  0.000000000  0.000000000
  0.000000000  0.000000000  0.000000000
  0.000000000  0.000000000  0.000000000
  0.000000000  0.000000000  0.000000000
  0.000000000  0.000000000  0.000000000
  0.000000000  0.000000000  0.000000000
  0.000000000  0.000000000  0.000000000
  0.000000000  0.000000000  0.000000000
  0.000000000  0.000000000  0.000000000
  0.000000000  0.000000000  0.000000000
  0.000000000  0.000000000  0.000000000
  0.000000000  0.000000000  0.000000000
  0.000000000  0.000000000  0.000000000
  0.000000000  0.000000000  0.000000000
  0.000000000  0.000000000  0.000000000
  0.000000000  0.000000000  0.000000000
  0.000000000  0.000000000  0.000000000
  0.000000000  0.000000000  0.000000000
  0.000000000  0.000000000  0.000000000
  0.000000000  0.000000000  0.000000000
  0.000000000  0.000000000  0.000000000
  0.000000000  0.000000000  0.000000000
  0.000000000  0.000000000  0.000000000
  0.000000000  0.000000000  0.000000000
  0.000000000  0.000000000  0.000000000
  0.000000000  0.000000000  0.000000000
  0.000000000  0.000000000  0.000000000
  0.000000000  0.000000000  0.000000000
  0.000000000  0.000000000  0.000000000
  0.000000000  0.000000000  0.000000000
  0.000000000  0.000000000  0.000000000
  0.000000000  0.000000000  0.000000000
  0.000000000  0.000000000  0.000000000
  0.000000000  0.000000000  0.000000000
  0.000000000  0.000000000  0.000000000
  0.000000000  0.000000000  0.000000000
  0.000000000  0.000000000  0.000000000
  0.000000000  0.000000000  0.000000000
  0.000000000  0.000000000  0.000000000
  0.000000000  0.000000000  0.000000000
  0.000000000  0.000000000  0.000000000
  0.000000000  0.000000000  0.000000000
  0.000000000  0.000000000  0.000000000
  0.000000000  0.000000000  0.000000000
  0.000000000  0.000000000  0.000000000
  0.000000000  0.000000000  0.000000000
  0.000000000  0.000000000  0.000000000
  0.000000000  0.000000000  0.000000000
  0.000000000  0.000000000  0.000000000
  0.000000000  0.000000000  0.000000000
  0.000000000  0.000000000  0.000000000
  0.000000000  0.000000000  0.000000000
  0.000000000  0.000000000  0.000000000
  0.000000000  0.000000000  0.000000000
  0.000000000  0.000000000  0.000000000
  0.000000000  0.000000000  0.000000000
  0.000000000  0.000000000  0.000000000
  0.000000000  0.000000000  0.000000000
  0.000000000  0.000000000  0.000000000
  0.000000000  0.000000000  0.000000000
  0.000000000  0.000000000  0.000000000
  0.000000000  0.000000000  0.000000000
  0.000000000  0.000000000  0.000000000
  0.000000000  0.000000000  0.000000000
  0.000000000  0.000000000  0.000000000
  0.000000000  0.000000000  0.000000000
  0.000000000  0.000000000  0.000000000
  0.000000000  0.000000000  0.000000000
  0.000000000  0.000000000  0.000000000
  0.000000000  0.000000000  0.000000000
  0.000000000  0.000000000  0.000000000
  0.000000000  0.000000000  0.000000000
  0.000000000  0.000000000  0.000000000
  0.000000000  0.000000000  0.000000000
  0.000000000  0.000000000  0.000000000
  0.000000000  0.000000000  0.000000000
  0.000000000  0.000000000  0.000000000
  0.000000000  0.000000000  0.000000000
  0.000000000  0.000000000  0.000000000
  0.000000000  0.000000000  0.000000000
  0.000000000  0.000000000  0.000000000
  0.000000000  0.000000000  0.000000000
  0.000000000  0.000000000  0.000000000
  0.000000000  0.000000000  0.000000000
  0.000000000  0.000000000  0.000000000
  0.000000000  0.000000000  0.000000000
  0.000000000  0.000000000  0.000000000
  0.000000000  0.000000000  0.000000000
  0.000000000  0.000000000  0.000000000
  0.000000000  0.000000000  0.000000000
  0.000000000  0.000000000  0.000000000
  0.000000000  0.000000000  0.000000000
  0.000000000  0.000000000  0.000000000
  0.000000000  0.000000000  0.000000000
  0.000000000  0.000000000  0.000000000
  0.000000000  0.000000000  0.000000000
  0.000000000  0.000000000  0.000000000
  0.000000000  0.000000000  0.000000000
  0.000000000  0.000000000  0.000000000
  0.000000000  0.000000000  0.000000000
  0.000000000  0.000000000  0.000000000
  0.000000000  0.000000000  0.000000000
  0.000000000  0.000000000  0.000000000
  0.000000000  0.000000000  0.000000000
  0.000000000  0.000000000  0.000000000
  0.000000000  0.000000000  0.000000000
  0.000000000  0.000000000  0.000000000
  0.000000000  0.000000000  0.000000000
  0.000000000  0.000000000  0.000000000
  0.000000000  0.000000000  0.000000000
  0.000000000  0.000000000  0.000000000
  0.000000000  0.000000000  0.000000000
  0.000000000  0.000000000  0.000000000
  0.000000000  0.000000000  0.000000000
  0.000000000  0.000000000  0.000000000
  0.000000000  0.000000000  0.000000000
  0.000000000  0.000000000  0.000000000
  0.000000000  0.000000000  0.000000000
  0.000000000  0.000000000  0.000000000
  0.000000000  0.000000000  0.000000000
  0.000000000  0.000000000  0.000000000
  0.000000000  0.000000000  0.000000000
  0.000000000  0.000000000  0.000000000
  0.000000000  0.000000000  0.000000000
  0.000000000  0.000000000  0.000000000
  0.000000000  0.000000000  0.000000000
  0.000000000  0.000000000  0.000000000
  0.000000000  0.000000000  0.000000000
  0.000000000  0.000000000  0.000000000
  0.000000000  0.000000000  0.000000000
  0.000000000  0.000000000  0.000000000
  0.000000000  0.000000000  0.000000000
  0.000000000  0.000000000  0.000000000
  0.000000000  0.000000000  0.000000000
  0.000000000  0.000000000  0.000000000
  0.000000000  0.000000000  0.000000000
  0.000000000  0.000000000  0.000000000
  0.000000000  0.000000000  0.000000000
  0.000000000  0.000000000  0.000000000
  0.000000000  0.000000000  0.000000000
  0.000000000  0.000000000  0.000000000
  0.000000000  0.000000000  0.000000000
  0.000000000  0.000000000  0.000000000
  0.000000000  0.000000000  0.000000000
  0.000000000  0.000000000  0.000000000
  0.000000000  0.000000000  0.000000000
  0.000000000  0.000000000  0.000000000
  0.000000000  0.000000000  0.000000000
  0.000000000  0.000000000  0.000000000
  0.000000000  0.000000000  0.000000000
  0.000000000  0.000000000  0.000000000
  0.000000000  0.000000000  0.000000000
  0.000000000  0.000000000  0.000000000
  0.000000000  0.000000000  0.000000000
  0.000000000  0.000000000  0.000000000
  0.000000000  0.000000000  0.000000000
  0.000000000  0.000000000  0.000000000
  0.000000000  0.000000000  0.000000000
  0.000000000  0.000000000  0.000000000
  0.000000000  0.000000000  0.000000000
  0.000000000  0.000000000  0.000000000
  0.000000000  0.000000000  0.000000000
  0.000000000  0.000000000  0.000000000
  0.000000000  0.000000000  0.000000000
  0.000000000  0.000000000  0.000000000
  0.000000000  0.000000000  0.000000000
  0.000000000  0.000000000  0.000000000
  0.000000000  0.000000000  0.000000000
  0.000000000  0.000000000  0.000000000
  0.000000000  0.000000000  0.000000000
  0.000000000  0.000000000  0.000000000
  0.000000000  0.000000000  0.000000000
  0.000000000  0.000000000  0.000000000
  0.000000000  0.000000000  0.000000000
  0.000000000  0.000000000  0.000000000
  0.000000000  0.000000000  0.000000000
  0.000000000  0.000000000  0.000000000
  0.000000000  0.000000000  0.000000000
  0.000000000  0.000000000  0.000000000
  0.000000000  0.000000000  0.000000000
  0.000000000  0.000000000  0.000000000
  0.000000000  0.000000000  0.000000000
  0.000000000  0.000000000  0.000000000
  0.000000000  0.000000000  0.000000000
  0.000000000  0.000000000  0.000000000
  0.000000000  0.000000000  0.000000000
  0.000000000  0.000000000  0.000000000
  0.000000000  0.000000000  0.000000000
  0.000000000  0.000000000  0.000000000
  0.000000000  0.000000000  0.000000000
  0.000000000  0.000000000  0.000000000
  0.000000000  0.000000000  0.000000000
  0.000000000  0.000000000  0.000000000
  0.000000000  0.000000000  0.000000000
  0.000000000  0.000000000  0.000000000
  0.000000000  0.000000000  0.000000000
  0.000000000  0.000000000  0.000000000
  0.000000000  0.000000000  0.000000000
  0.000000000  0.000000000  0.000000000
  0.000000000  0.000000000  0.000000000
  0.000000000  0.000000000  0.000000000
  0.000000000  0.000000000  0.000000000
  0.000000000  0.000000000  0.000000000
  0.000000000  0.000000000  0.000000000
  0.000000000  0.000000000  0.000000000
  0.000000000  0.000000000  0.000000000
  0.000000000  0.000000000  0.000000000
  0.000000000  0.000000000  0.000000000
  0.000000000  0.000000000  0.000000000
  0.000000000  0.000000000  0.000000000
  0.000000000  0.000000000  0.000000000
  0.000000000  0.000000000  0.000000000
  0.000000000  0.000000000  0.000000000
  0.000000000  0.000000000  0.000000000
  0.000000000  0.000000000  0.000000000
  0.000000000  0.000000000  0.000000000
  0.000000000  0.000000000  0.000000000
  0.000000000  0.000000000  0.000000000
  0.000000000  0.000000000  0.000000000
  0.000000000  0.000000000  0.000000000
  0.000000000  0.000000000  0.000000000
  0.000000000  0.000000000  0.000000000
  0.000000000  0.000000000  0.000000000
  0.000000000  0.000000000  0.000000000
  0.000000000  0.000000000  0.000000000
  0.000000000  0.000000000  0.000000000
  0.000000000  0.000000000  0.000000000
  0.000000000  0.000000000  0.000000000
  0.000000000  0.000000000  0.000000000
  0.000000000  0.000000000  0.000000000
  0.000000000  0.000000000  0.000000000
  0.000000000  0.000000000  0.000000000
  0.000000000  0.000000000  0.000000000
  0.000000000  0.000000000  0.000000000
  0.000000000  0.000000000  0.000000000
  0.000000000  0.000000000  0.000000000
  0.000000000  0.000000000  0.000000000
  0.000000000  0.000000000  0.000000000
  0.000000000  0.000000000  0.000000000
  0.000000000  0.000000000  0.000000000
  0.000000000  0.000000000  0.000000000
  0.000000000  0.000000000  0.000000000
  0.000000000  0.000000000  0.000000000
  0.000000000  0.000000000  0.000000000
  0.000000000  0.000000000  0.000000000
  0.000000000  0.000000000  0.000000000
  0.000000000  0.000000000  0.000000000
  0.000000000  0.000000000  0.000000000
  0.000000000  0.000000000  0.000000000
  0.000000000  0.000000000  0.000000000
  0.000000000  0.000000000  0.000000000
  0.000000000  0.000000000  0.000000000
  0.000000000  0.000000000  0.000000000
  0.000000000  0.000000000  0.000000000
  0.000000000  0.000000000  0.000000000
  0.000000000  0.000000000  0.000000000
  0.000000000  0.000000000  0.000000000
  0.000000000  0.000000000  0.000000000
  0.000000000  0.000000000  0.000000000
  0.000000000  0.000000000  0.000000000
  0.000000000  0.000000000  0.000000000
  0.000000000  0.000000000  0.000000000
  0.000000000  0.000000000  0.000000000
  0.000000000  0.000000000  0.000000000
  0.000000000  0.000000000  0.000000000
  0.000000000  0.000000000  0.000000000
  0.000000000  0.000000000  0.000000000
  0.000000000  0.000000000  0.000000000
  0.000000000  0.000000000  0.000000000
  0.000000000  0.000000000  0.000000000
  0.000000000  0.000000000  0.000000000
  0.000000000  0.000000000  0.000000000
  0.000000000  0.000000000  0.000000000
  0.000000000  0.000000000  0.000000000
  0.000000000  0.000000000  0.000000000
  0.000000000  0.000000000  0.000000000
  0.000000000  0.000000000  0.000000000
  0.000000000  0.000000000  0.000000000
  0.000000000  0.000000000  0.000000000
  0.000000000  0.000000000  0.000000000
  0.000000000  0.000000000  0.000000000
  0.000000000  0.000000000  0.000000000
  0.000000000  0.000000000  0.000000000
  0.000000000  0.000000000  0.000000000
  0.000000000  0.000000000  0.000000000
  0.000000000  0.000000000  0.000000000
  0.000000000  0.000000000  0.000000000
  0.000000000  0.000000000  0.000000000
  0.000000000  0.000000000  0.000000000
  0.000000000  0.000000000  0.000000000
  0.000000000  0.000000000  0.000000000
  0.000000000  0.000000000  0.000000000
  0.000000000  0.000000000  0.000000000
  0.000000000  0.000000000  0.000000000
  0.000000000  0.000000000  0.000000000
  0.000000000  0.000000000  0.000000000
  0.000000000  0.000000000  0.000000000
  0.000000000  0.000000000  0.000000000
  0.000000000  0.000000000  0.000000000
  0.000000000  0.000000000  0.000000000
  0.000000000  0.000000000  0.000000000
  0.000000000  0.000000000  0.000000000
  0.000000000  0.000000000  0.000000000
  0.000000000  0.000000000  0.000000000
  0.000000000  0.000000000  0.000000000
  0.000000000  0.000000000  0.000000000
  0.000000000  0.000000000  0.000000000
  0.000000000  0.000000000  0.000000000
  0.000000000  0.000000000  0.000000000
  0.000000000  0.000000000  0.000000000
  0.000000000  0.000000000  0.000000000
  0.000000000  0.000000000  0.000000000
  0.000000000  0.000000000  0.000000000
  0.000000000  0.000000000  0.000000000
   1.06000000000000     
   1.06000000000000     
   1.06000000000000     
   1.06000000000000     
   1.06000000000000     
   1.06000000000000     
   1.06000000000000     
   1.06000000000000     
   1.06000000000000     
   1.06000000000000     
   1.06000000000000     
   1.06000000000000     
   1.06000000000000     
   1.06000000000000     
   1.06000000000000     
   1.06000000000000     
   1.06000000000000     
   1.06000000000000     
   1.06000000000000     
   1.06000000000000     
   1.06000000000000     
   1.06000000000000     
   1.06000000000000     
   1.06000000000000     
   1.06000000000000     
   1.06000000000000     
   1.06000000000000     
   1.06000000000000     
   1.06000000000000     
   1.06000000000000     
   1.06000000000000     
   1.06000000000000     
   1.06000000000000     
   1.06000000000000     
   1.06000000000000     
   1.06000000000000     
   1.06000000000000     
   1.06000000000000     
   1.06000000000000     
   1.06000000000000     
   1.06000000000000     
   1.06000000000000     
   1.06000000000000     
   1.06000000000000     
   1.06000000000000     
   1.06000000000000     
   1.06000000000000     
   1.06000000000000     
   1.06000000000000     
   1.06000000000000     
   1.06000000000000     
   1.06000000000000     
   1.06000000000000     
   1.06000000000000     
   1.06000000000000     
   1.06000000000000     
   1.06000000000000     
   1.06000000000000     
   1.06000000000000     
   1.06000000000000     
   1.06000000000000     
   1.06000000000000     
   1.06000000000000     
   1.06000000000000     
   1.06000000000000     
   1.06000000000000     
   1.06000000000000     
   1.06000000000000     
   1.06000000000000     
   1.06000000000000     
   1.06000000000000     
   1.06000000000000     
   1.06000000000000     
   1.06000000000000     
   1.06000000000000     
   1.06000000000000     
   1.06000000000000     
   1.06000000000000     
   1.06000000000000     
   1.06000000000000     
   1.06000000000000     
   1.06000000000000     
   1.06000000000000     
   1.06000000000000     
   1.06000000000000     
   1.06000000000000     
   1.06000000000000     
   1.06000000000000     
   1.06000000000000     
   1.06000000000000     
   1.06000000000000     
   1.06000000000000     
   1.06000000000000     
   1.06000000000000     
   1.06000000000000     
   1.06000000000000     
   1.06000000000000     
   1.06000000000000     
   1.06000000000000     
   1.06000000000000     
   1.06000000000000     
   1.06000000000000     
   1.06000000000000     
   1.06000000000000     
   1.06000000000000     
   1.06000000000000     
   1.06000000000000     
   1.06000000000000     
   1.06000000000000     
   1.06000000000000     
   1.06000000000000     
   1.06000000000000     
   1.06000000000000     
   1.06000000000000     
   1.06000000000000     
   1.06000000000000     
   1.06000000000000     
   1.06000000000000     
   1.06000000000000     
   1.06000000000000     
   1.06000000000000     
   1.06000000000000     
   1.06000000000000     
   1.06000000000000     
   1.06000000000000     
   1.06000000000000     
   1.06000000000000     
   1.06000000000000     
   1.06000000000000     
   1.06000000000000     
   1.06000000000000     
   1.06000000000000     
   1.06000000000000     
   1.06000000000000     
   1.06000000000000     
   1.06000000000000     
   1.06000000000000     
   1.06000000000000     
   1.06000000000000     
   1.06000000000000     
   1.06000000000000     
   1.06000000000000     
   1.06000000000000     
   1.06000000000000     
   1.06000000000000     
   1.06000000000000     
   1.06000000000000     
   1.06000000000000     
   1.06000000000000     
   1.06000000000000     
   1.06000000000000     
   1.06000000000000     
   1.06000000000000     
   1.06000000000000     
   1.06000000000000     
   1.06000000000000     
   1.06000000000000     
   1.06000000000000     
   1.06000000000000     
   1.06000000000000     
   1.06000000000000     
   1.06000000000000     
   1.06000000000000     
   1.06000000000000     
   1.06000000000000     
   1.06000000000000     
   1.06000000000000     
   1.06000000000000     
  3.000000000000000E-002
  3.000000000000000E-002
  3.000000000000000E-002
  3.000000000000000E-002
  3.000000000000000E-002
  3.000000000000000E-002
  3.000000000000000E-002
  3.000000000000000E-002
  3.000000000000000E-002
  3.000000000000000E-002
  3.000000000000000E-002
  3.000000000000000E-002
  3.000000000000000E-002
  3.000000000000000E-002
  3.000000000000000E-002
  3.000000000000000E-002
  3.000000000000000E-002
  3.000000000000000E-002
  3.000000000000000E-002
  3.000000000000000E-002
  3.000000000000000E-002
  3.000000000000000E-002
  3.000000000000000E-002
  3.000000000000000E-002
  3.000000000000000E-002
  3.000000000000000E-002
  3.000000000000000E-002
  3.000000000000000E-002
  3.000000000000000E-002
  3.000000000000000E-002
  3.000000000000000E-002
  3.000000000000000E-002
  3.000000000000000E-002
  3.000000000000000E-002
  3.000000000000000E-002
  3.000000000000000E-002
  3.000000000000000E-002
  3.000000000000000E-002
  3.000000000000000E-002
  3.000000000000000E-002
  3.000000000000000E-002
  3.000000000000000E-002
  3.000000000000000E-002
  3.000000000000000E-002
  3.000000000000000E-002
  3.000000000000000E-002
  3.000000000000000E-002
  3.000000000000000E-002
  3.000000000000000E-002
  3.000000000000000E-002
  3.000000000000000E-002
  3.000000000000000E-002
  3.000000000000000E-002
  3.000000000000000E-002
  3.000000000000000E-002
  3.000000000000000E-002
  3.000000000000000E-002
  3.000000000000000E-002
  3.000000000000000E-002
  3.000000000000000E-002
  3.000000000000000E-002
  3.000000000000000E-002
  3.000000000000000E-002
  3.000000000000000E-002
  3.000000000000000E-002
  3.000000000000000E-002
  3.000000000000000E-002
  3.000000000000000E-002
  3.000000000000000E-002
  3.000000000000000E-002
  3.000000000000000E-002
  3.000000000000000E-002
  3.000000000000000E-002
  3.000000000000000E-002
  3.000000000000000E-002
  3.000000000000000E-002
  3.000000000000000E-002
  3.000000000000000E-002
  3.000000000000000E-002
  3.000000000000000E-002
  3.000000000000000E-002
  3.000000000000000E-002
  3.000000000000000E-002
  3.000000000000000E-002
  3.000000000000000E-002
  3.000000000000000E-002
  3.000000000000000E-002
  3.000000000000000E-002
  3.000000000000000E-002
  3.000000000000000E-002
  3.000000000000000E-002
  3.000000000000000E-002
  3.000000000000000E-002
  3.000000000000000E-002
  3.000000000000000E-002
  3.000000000000000E-002
  3.000000000000000E-002
  3.000000000000000E-002
  3.000000000000000E-002
  3.000000000000000E-002
  3.000000000000000E-002
  3.000000000000000E-002
  3.000000000000000E-002
  3.000000000000000E-002
  3.000000000000000E-002
  3.000000000000000E-002
  3.000000000000000E-002
  3.000000000000000E-002
  3.000000000000000E-002
  3.000000000000000E-002
  3.000000000000000E-002
  3.000000000000000E-002
  3.000000000000000E-002
  3.000000000000000E-002
  3.000000000000000E-002
  3.000000000000000E-002
  3.000000000000000E-002
  3.000000000000000E-002
  3.000000000000000E-002
  3.000000000000000E-002
  3.000000000000000E-002
  3.000000000000000E-002
  3.000000000000000E-002
  3.000000000000000E-002
  3.000000000000000E-002
  3.000000000000000E-002
  3.000000000000000E-002
  3.000000000000000E-002
  3.000000000000000E-002
  3.000000000000000E-002
  3.000000000000000E-002
  3.000000000000000E-002
  3.000000000000000E-002
  3.000000000000000E-002
  3.000000000000000E-002
  3.000000000000000E-002
  3.000000000000000E-002
  3.000000000000000E-002
  3.000000000000000E-002
  3.000000000000000E-002
  3.000000000000000E-002
  3.000000000000000E-002
  3.000000000000000E-002
  3.000000000000000E-002
  3.000000000000000E-002
  3.000000000000000E-002
  3.000000000000000E-002
  3.000000000000000E-002
  3.000000000000000E-002
  3.000000000000000E-002
  3.000000000000000E-002
  3.000000000000000E-002
  3.000000000000000E-002
  3.000000000000000E-002
  3.000000000000000E-002
  3.000000000000000E-002
  3.000000000000000E-002
  3.000000000000000E-002
  3.000000000000000E-002
  3.000000000000000E-002
  3.000000000000000E-002
  3.000000000000000E-002
  3.000000000000000E-002
  3.000000000000000E-002
  3.000000000000000E-002
  3.000000000000000E-002
  3.000000000000000E-002
  3.000000000000000E-002
