           3
 2 1 2
   9   2  18
  0.000000000  0.000000000  0.000000000  0.250000000  0.250000000  0.500000000  0.500000000  0.750000000  0.750000000  1.000000000  1.000000000  1.000000000
  0.000000000  0.000000000  1.000000000  1.000000000
  0.304862579  0.304862579  0.304862579  0.305338266  0.305813953  0.306289641  0.306765328  0.307241015  0.307716702  0.308192389  0.308668076  0.309143763  0.309619450  0.310095137  0.310570825  0.311046512  0.311522199  0.311997886  0.312473573  0.312473573  0.312473573
 -0.202730207590E+02 -0.629735762700E+01  0.475150929050E+02  0.100000000000E+01
 -0.202730207590E+02 -0.629735762700E+01  0.475150929050E+02  0.707106982771E+00
 -0.202730207590E+02 -0.629735762700E+01  0.475150929050E+02  0.100000000000E+01
 -0.202730207590E+02 -0.629735762700E+01  0.475150929050E+02  0.707106703740E+00
 -0.202730207590E+02 -0.629735762700E+01  0.475150929050E+02  0.100000000000E+01
 -0.202730207590E+02 -0.629735762700E+01  0.475150929050E+02  0.707106109164E+00
 -0.202730207590E+02 -0.629735762700E+01  0.475150929050E+02  0.100000000000E+01
 -0.202730207590E+02 -0.629735762700E+01  0.475150929050E+02  0.707106647648E+00
 -0.202730207590E+02 -0.629735762700E+01  0.475150929050E+02  0.100000000000E+01
 -0.216479042030E+02 -0.709055918900E+01  0.476340745020E+02  0.100000000000E+01
 -0.207641867500E+02 -0.806439175200E+01  0.481763682760E+02  0.707106982771E+00
 -0.194266043460E+02 -0.765969476600E+01  0.482136677780E+02  0.100000000000E+01
 -0.180132467960E+02 -0.708753176300E+01  0.481928000050E+02  0.707106703740E+00
 -0.191572757030E+02 -0.565365803500E+01  0.474185398150E+02  0.100000000000E+01
 -0.192289200650E+02 -0.601180576700E+01  0.461536710510E+02  0.707106109164E+00
 -0.202011850380E+02 -0.667503735900E+01  0.458273407180E+02  0.100000000000E+01
 -0.211121436070E+02 -0.704797698500E+01  0.465184629700E+02  0.707106647648E+00
 -0.216479042030E+02 -0.709055918900E+01  0.476340745020E+02  0.100000000000E+01
 -0.201726299690E+02 -0.651067083200E+01  0.473329441450E+02  0.100000000000E+01
 -0.201726299690E+02 -0.651067083200E+01  0.473329441450E+02  0.707106630126E+00
 -0.201726299690E+02 -0.651067083200E+01  0.473329441450E+02  0.100000000000E+01
 -0.201726299690E+02 -0.651067083200E+01  0.473329441450E+02  0.707106558105E+00
 -0.201726299690E+02 -0.651067083200E+01  0.473329441450E+02  0.100000000000E+01
 -0.201726299690E+02 -0.651067083200E+01  0.473329441450E+02  0.707107035376E+00
 -0.201726299690E+02 -0.651067083200E+01  0.473329441450E+02  0.100000000000E+01
 -0.201726299690E+02 -0.651067083200E+01  0.473329441450E+02  0.707107053291E+00
 -0.201726299690E+02 -0.651067083200E+01  0.473329441450E+02  0.100000000000E+01
 -0.214087237850E+02 -0.719204651000E+01  0.474615286240E+02  0.100000000000E+01
 -0.206544283250E+02 -0.812118388900E+01  0.479787280980E+02  0.707106630126E+00
 -0.194174039910E+02 -0.775662940700E+01  0.479905921360E+02  0.100000000000E+01
 -0.179503621580E+02 -0.719363591800E+01  0.479467965540E+02  0.707106558105E+00
 -0.191654583100E+02 -0.595548399700E+01  0.472281714260E+02  0.100000000000E+01
 -0.192809644840E+02 -0.619125730000E+01  0.460636827630E+02  0.707107035376E+00
 -0.201993504190E+02 -0.674509887700E+01  0.458338448970E+02  0.100000000000E+01
 -0.209418539650E+02 -0.706857345900E+01  0.464977422480E+02  0.707107053291E+00
 -0.214087237850E+02 -0.719204651000E+01  0.474615286240E+02  0.100000000000E+01
 -0.200774423690E+02 -0.672187712900E+01  0.471456189630E+02  0.100000000000E+01
 -0.200774423690E+02 -0.672187712900E+01  0.471456189630E+02  0.707106690538E+00
 -0.200774423690E+02 -0.672187712900E+01  0.471456189630E+02  0.100000000000E+01
 -0.200774423690E+02 -0.672187712900E+01  0.471456189630E+02  0.707106780297E+00
 -0.200774423690E+02 -0.672187712900E+01  0.471456189630E+02  0.100000000000E+01
 -0.200774423690E+02 -0.672187712900E+01  0.471456189630E+02  0.707107025059E+00
 -0.200774423690E+02 -0.672187712900E+01  0.471456189630E+02  0.100000000000E+01
 -0.200774423690E+02 -0.672187712900E+01  0.471456189630E+02  0.707106850260E+00
 -0.200774423690E+02 -0.672187712900E+01  0.471456189630E+02  0.100000000000E+01
 -0.211192773740E+02 -0.728641026100E+01  0.472623743790E+02  0.100000000000E+01
 -0.205375314610E+02 -0.818880257500E+01  0.477609193050E+02  0.707106690538E+00
 -0.194033384700E+02 -0.783954913500E+01  0.477566546080E+02  0.100000000000E+01
 -0.182827813370E+02 -0.719472322200E+01  0.476136521380E+02  0.707106780297E+00
 -0.191380852860E+02 -0.621287327500E+01  0.470403470070E+02  0.100000000000E+01
 -0.193007013390E+02 -0.635542013200E+01  0.459567791530E+02  0.707107025059E+00
 -0.201685750670E+02 -0.684020082000E+01  0.457603080270E+02  0.100000000000E+01
 -0.207746519940E+02 -0.714071731100E+01  0.463928769060E+02  0.707106850260E+00
 -0.211192773740E+02 -0.728641026100E+01  0.472623743790E+02  0.100000000000E+01
 -0.199873332810E+02 -0.693106979400E+01  0.469535803520E+02  0.100000000000E+01
 -0.199873332810E+02 -0.693106979400E+01  0.469535803520E+02  0.707106558549E+00
 -0.199873332810E+02 -0.693106979400E+01  0.469535803520E+02  0.100000000000E+01
 -0.199873332810E+02 -0.693106979400E+01  0.469535803520E+02  0.707106612678E+00
 -0.199873332810E+02 -0.693106979400E+01  0.469535803520E+02  0.100000000000E+01
 -0.199873332810E+02 -0.693106979400E+01  0.469535803520E+02  0.707107285066E+00
 -0.199873332810E+02 -0.693106979400E+01  0.469535803520E+02  0.100000000000E+01
 -0.199873332810E+02 -0.693106979400E+01  0.469535803520E+02  0.707107250968E+00
 -0.199873332810E+02 -0.693106979400E+01  0.469535803520E+02  0.100000000000E+01
 -0.208577938210E+02 -0.739493316100E+01  0.470581709100E+02  0.100000000000E+01
 -0.204443695170E+02 -0.826194136100E+01  0.475360460150E+02  0.707106558549E+00
 -0.193918019450E+02 -0.792165790200E+01  0.475166157860E+02  0.100000000000E+01
 -0.184229192670E+02 -0.729432122500E+01  0.473463306990E+02  0.707106612678E+00
 -0.190821943420E+02 -0.644872665200E+01  0.468448201400E+02  0.100000000000E+01
 -0.193223133670E+02 -0.652791129300E+01  0.457449003820E+02  0.707107285066E+00
 -0.201407665660E+02 -0.695271362800E+01  0.455806497200E+02  0.100000000000E+01
 -0.206530120860E+02 -0.725017874700E+01  0.462090333460E+02  0.707107250968E+00
 -0.208577938210E+02 -0.739493316100E+01  0.470581709100E+02  0.100000000000E+01
 -0.199021121360E+02 -0.713840407600E+01  0.467573395000E+02  0.100000000000E+01
 -0.199021121360E+02 -0.713840407600E+01  0.467573395000E+02  0.707106740567E+00
 -0.199021121360E+02 -0.713840407600E+01  0.467573395000E+02  0.100000000000E+01
 -0.199021121360E+02 -0.713840407600E+01  0.467573395000E+02  0.707106475814E+00
 -0.199021121360E+02 -0.713840407600E+01  0.467573395000E+02  0.100000000000E+01
 -0.199021121360E+02 -0.713840407600E+01  0.467573395000E+02  0.707106649280E+00
 -0.199021121360E+02 -0.713840407600E+01  0.467573395000E+02  0.100000000000E+01
 -0.199021121360E+02 -0.713840407600E+01  0.467573395000E+02  0.707107022003E+00
 -0.199021121360E+02 -0.713840407600E+01  0.467573395000E+02  0.100000000000E+01
 -0.207020463940E+02 -0.755785926900E+01  0.468599117550E+02  0.100000000000E+01
 -0.203216265940E+02 -0.831866447700E+01  0.473007980810E+02  0.707106740567E+00
 -0.193759006920E+02 -0.801474954600E+01  0.472774292940E+02  0.100000000000E+01
 -0.184192518580E+02 -0.748576405100E+01  0.471408134870E+02  0.707106475814E+00
 -0.190070660800E+02 -0.666907471200E+01  0.466425711970E+02  0.100000000000E+01
 -0.192624395980E+02 -0.665193211400E+01  0.455351608530E+02  0.707106649280E+00
 -0.201192242830E+02 -0.706435804900E+01  0.453669481010E+02  0.100000000000E+01
 -0.205774326590E+02 -0.738034648700E+01  0.459972569820E+02  0.707107022003E+00
 -0.207020463940E+02 -0.755785926900E+01  0.468599117550E+02  0.100000000000E+01
 -0.198215214540E+02 -0.734410053800E+01  0.465574509980E+02  0.100000000000E+01
 -0.198215214540E+02 -0.734410053800E+01  0.465574509980E+02  0.707106443816E+00
 -0.198215214540E+02 -0.734410053800E+01  0.465574509980E+02  0.100000000000E+01
 -0.198215214540E+02 -0.734410053800E+01  0.465574509980E+02  0.707106474029E+00
 -0.198215214540E+02 -0.734410053800E+01  0.465574509980E+02  0.100000000000E+01
 -0.198215214540E+02 -0.734410053800E+01  0.465574509980E+02  0.707107262853E+00
 -0.198215214540E+02 -0.734410053800E+01  0.465574509980E+02  0.100000000000E+01
 -0.198215214540E+02 -0.734410053800E+01  0.465574509980E+02  0.707107432546E+00
 -0.198215214540E+02 -0.734410053800E+01  0.465574509980E+02  0.100000000000E+01
 -0.206098060830E+02 -0.775109388800E+01  0.466648167670E+02  0.100000000000E+01
 -0.201846192850E+02 -0.838421027900E+01  0.470653346810E+02  0.707106443816E+00
 -0.193232853780E+02 -0.817296083700E+01  0.470735398440E+02  0.100000000000E+01
 -0.183767378550E+02 -0.767523157900E+01  0.469397641340E+02  0.707106474029E+00
 -0.189219435170E+02 -0.687964577200E+01  0.464349235750E+02  0.100000000000E+01
 -0.191656147280E+02 -0.676011296100E+01  0.453487284620E+02  0.707107262853E+00
 -0.200859857830E+02 -0.718192244600E+01  0.452305335050E+02  0.100000000000E+01
 -0.206181251920E+02 -0.755726717200E+01  0.457620059800E+02  0.707107432546E+00
 -0.206098060830E+02 -0.775109388800E+01  0.466648167670E+02  0.100000000000E+01
 -0.197452372750E+02 -0.754844629800E+01  0.463545090230E+02  0.100000000000E+01
 -0.197452372750E+02 -0.754844629800E+01  0.463545090230E+02  0.707106421110E+00
 -0.197452372750E+02 -0.754844629800E+01  0.463545090230E+02  0.100000000000E+01
 -0.197452372750E+02 -0.754844629800E+01  0.463545090230E+02  0.707106552867E+00
 -0.197452372750E+02 -0.754844629800E+01  0.463545090230E+02  0.100000000000E+01
 -0.197452372750E+02 -0.754844629800E+01  0.463545090230E+02  0.707107296954E+00
 -0.197452372750E+02 -0.754844629800E+01  0.463545090230E+02  0.100000000000E+01
 -0.197452372750E+02 -0.754844629800E+01  0.463545090230E+02  0.707107302552E+00
 -0.197452372750E+02 -0.754844629800E+01  0.463545090230E+02  0.100000000000E+01
 -0.205077496900E+02 -0.793636690600E+01  0.464643226590E+02  0.100000000000E+01
 -0.200785237560E+02 -0.852393856100E+01  0.468610422290E+02  0.707106421110E+00
 -0.192713176760E+02 -0.833397281900E+01  0.468703532280E+02  0.100000000000E+01
 -0.183428712300E+02 -0.787462306000E+01  0.467440305990E+02  0.707106552867E+00
 -0.188201903220E+02 -0.707783760400E+01  0.462212847250E+02  0.100000000000E+01
 -0.190981039130E+02 -0.688447365700E+01  0.451597802660E+02  0.707107296954E+00
 -0.200437760410E+02 -0.731158051200E+01  0.451182987010E+02  0.100000000000E+01
 -0.207054515440E+02 -0.774715147100E+01  0.455391967830E+02  0.707107302552E+00
 -0.205077496900E+02 -0.793636690600E+01  0.464643226590E+02  0.100000000000E+01
 -0.196728703390E+02 -0.775179522800E+01  0.461491440220E+02  0.100000000000E+01
 -0.196728703390E+02 -0.775179522800E+01  0.461491440220E+02  0.707106628930E+00
 -0.196728703390E+02 -0.775179522800E+01  0.461491440220E+02  0.100000000000E+01
 -0.196728703390E+02 -0.775179522800E+01  0.461491440220E+02  0.707106553509E+00
 -0.196728703390E+02 -0.775179522800E+01  0.461491440220E+02  0.100000000000E+01
 -0.196728703390E+02 -0.775179522800E+01  0.461491440220E+02  0.707107012008E+00
 -0.196728703390E+02 -0.775179522800E+01  0.461491440220E+02  0.100000000000E+01
 -0.196728703390E+02 -0.775179522800E+01  0.461491440220E+02  0.707107161483E+00
 -0.196728703390E+02 -0.775179522800E+01  0.461491440220E+02  0.100000000000E+01
 -0.204211568230E+02 -0.812720718000E+01  0.462625790790E+02  0.100000000000E+01
 -0.199961566260E+02 -0.867266457300E+01  0.466567083190E+02  0.707106628930E+00
 -0.192237878020E+02 -0.849129235700E+01  0.466642049490E+02  0.100000000000E+01
 -0.183281392030E+02 -0.805810823400E+01  0.465381969990E+02  0.707106553509E+00
 -0.187323214470E+02 -0.727992586900E+01  0.460065614050E+02  0.100000000000E+01
 -0.190413654290E+02 -0.701718457800E+01  0.449741946800E+02  0.707107012008E+00
 -0.199983383180E+02 -0.745065480600E+01  0.449987901620E+02  0.100000000000E+01
 -0.207435147000E+02 -0.791525297500E+01  0.453461680310E+02  0.707107161483E+00
 -0.204211568230E+02 -0.812720718000E+01  0.462625790790E+02  0.100000000000E+01
 -0.196039683080E+02 -0.795456574800E+01  0.459420216770E+02  0.100000000000E+01
 -0.196039683080E+02 -0.795456574800E+01  0.459420216770E+02  0.707106293821E+00
 -0.196039683080E+02 -0.795456574800E+01  0.459420216770E+02  0.100000000000E+01
 -0.196039683080E+02 -0.795456574800E+01  0.459420216770E+02  0.707106906801E+00
 -0.196039683080E+02 -0.795456574800E+01  0.459420216770E+02  0.100000000000E+01
 -0.196039683080E+02 -0.795456574800E+01  0.459420216770E+02  0.707107320911E+00
 -0.196039683080E+02 -0.795456574800E+01  0.459420216770E+02  0.100000000000E+01
 -0.196039683080E+02 -0.795456574800E+01  0.459420216770E+02  0.707106920273E+00
 -0.196039683080E+02 -0.795456574800E+01  0.459420216770E+02  0.100000000000E+01
 -0.203480770610E+02 -0.832303800700E+01  0.460602320070E+02  0.100000000000E+01
 -0.199105708340E+02 -0.880383692900E+01  0.464404504980E+02  0.707106293821E+00
 -0.191911848400E+02 -0.862766899600E+01  0.464422726840E+02  0.100000000000E+01
 -0.183040447680E+02 -0.825342337400E+01  0.463432865440E+02  0.707106906801E+00
 -0.186657384460E+02 -0.748996764200E+01  0.457929706410E+02  0.100000000000E+01
 -0.189901194220E+02 -0.715665629700E+01  0.447917709290E+02  0.707107320911E+00
 -0.199511659660E+02 -0.759745402000E+01  0.448696394150E+02  0.100000000000E+01
 -0.207522962790E+02 -0.807953109100E+01  0.451788546570E+02  0.707106920273E+00
 -0.203480770610E+02 -0.832303800700E+01  0.460602320070E+02  0.100000000000E+01
 -0.195380183050E+02 -0.815723742700E+01  0.457338432620E+02  0.100000000000E+01
 -0.195380183050E+02 -0.815723742700E+01  0.457338432620E+02  0.707107175620E+00
 -0.195380183050E+02 -0.815723742700E+01  0.457338432620E+02  0.100000000000E+01
 -0.195380183050E+02 -0.815723742700E+01  0.457338432620E+02  0.707106513015E+00
 -0.195380183050E+02 -0.815723742700E+01  0.457338432620E+02  0.100000000000E+01
 -0.195380183050E+02 -0.815723742700E+01  0.457338432620E+02  0.707106301767E+00
 -0.195380183050E+02 -0.815723742700E+01  0.457338432620E+02  0.100000000000E+01
 -0.195380183050E+02 -0.815723742700E+01  0.457338432620E+02  0.707106657199E+00
 -0.195380183050E+02 -0.815723742700E+01  0.457338432620E+02  0.100000000000E+01
 -0.202937485330E+02 -0.852695953200E+01  0.458591102720E+02  0.100000000000E+01
 -0.198407106840E+02 -0.893920674100E+01  0.462220693800E+02  0.707107175620E+00
 -0.191563026620E+02 -0.877139740500E+01  0.462240470200E+02  0.100000000000E+01
 -0.182869644590E+02 -0.841842732400E+01  0.461299362260E+02  0.707106513015E+00
 -0.185961867990E+02 -0.769646829300E+01  0.455777315250E+02  0.100000000000E+01
 -0.189311145160E+02 -0.729010041900E+01  0.445971159750E+02  0.707106301767E+00
 -0.199034611030E+02 -0.775031640000E+01  0.447301567260E+02  0.100000000000E+01
 -0.207317521140E+02 -0.824016750800E+01  0.450212271290E+02  0.707106657199E+00
 -0.202937485330E+02 -0.852695953200E+01  0.458591102720E+02  0.100000000000E+01
 -0.194744500380E+02 -0.836034516800E+01  0.455253486590E+02  0.100000000000E+01
 -0.194744500380E+02 -0.836034516800E+01  0.455253486590E+02  0.707106476422E+00
 -0.194744500380E+02 -0.836034516800E+01  0.455253486590E+02  0.100000000000E+01
 -0.194744500380E+02 -0.836034516800E+01  0.455253486590E+02  0.707107234119E+00
 -0.194744500380E+02 -0.836034516800E+01  0.455253486590E+02  0.100000000000E+01
 -0.194744500380E+02 -0.836034516800E+01  0.455253486590E+02  0.707106959757E+00
 -0.194744500380E+02 -0.836034516800E+01  0.455253486590E+02  0.100000000000E+01
 -0.194744500380E+02 -0.836034516800E+01  0.455253486590E+02  0.707106459503E+00
 -0.194744500380E+02 -0.836034516800E+01  0.455253486590E+02  0.100000000000E+01
 -0.202378504430E+02 -0.872970226800E+01  0.456568088700E+02  0.100000000000E+01
 -0.197823889580E+02 -0.909955156700E+01  0.460176813260E+02  0.707106476422E+00
 -0.191216699990E+02 -0.891812419300E+01  0.460068036690E+02  0.100000000000E+01
 -0.182451850690E+02 -0.858937261600E+01  0.459268171980E+02  0.707107234119E+00
 -0.185172677490E+02 -0.789723067400E+01  0.453605188690E+02  0.100000000000E+01
 -0.188907774260E+02 -0.743947622100E+01  0.444123651810E+02  0.707106959757E+00
 -0.198576841710E+02 -0.790591018400E+01  0.445766724190E+02  0.100000000000E+01
 -0.206547640700E+02 -0.839390283900E+01  0.448762224890E+02  0.707106459503E+00
 -0.202378504430E+02 -0.872970226800E+01  0.456568088700E+02  0.100000000000E+01
 -0.194126391890E+02 -0.856447165400E+01  0.453173209710E+02  0.100000000000E+01
 -0.194126391890E+02 -0.856447165400E+01  0.453173209710E+02  0.707106905181E+00
 -0.194126391890E+02 -0.856447165400E+01  0.453173209710E+02  0.100000000000E+01
 -0.194126391890E+02 -0.856447165400E+01  0.453173209710E+02  0.707106648063E+00
 -0.194126391890E+02 -0.856447165400E+01  0.453173209710E+02  0.100000000000E+01
 -0.194126391890E+02 -0.856447165400E+01  0.453173209710E+02  0.707106586810E+00
 -0.194126391890E+02 -0.856447165400E+01  0.453173209710E+02  0.100000000000E+01
 -0.194126391890E+02 -0.856447165400E+01  0.453173209710E+02  0.707106819541E+00
 -0.194126391890E+02 -0.856447165400E+01  0.453173209710E+02  0.100000000000E+01
 -0.201996385380E+02 -0.894145925300E+01  0.454575238650E+02  0.100000000000E+01
 -0.197387143130E+02 -0.930218560600E+01  0.458441509890E+02  0.707106905181E+00
 -0.190715064510E+02 -0.909207283500E+01  0.458135474500E+02  0.100000000000E+01
 -0.182528161320E+02 -0.875304078500E+01  0.457105308830E+02  0.707106648063E+00
 -0.184276200290E+02 -0.809262754900E+01  0.451418424080E+02  0.100000000000E+01
 -0.188607625980E+02 -0.761125301500E+01  0.442486365890E+02  0.707106586810E+00
 -0.198124386390E+02 -0.806523542200E+01  0.444155141050E+02  0.100000000000E+01
 -0.205879402720E+02 -0.854750229500E+01  0.447097291110E+02  0.707106819541E+00
 -0.201996385380E+02 -0.894145925300E+01  0.454575238650E+02  0.100000000000E+01
 -0.193519115680E+02 -0.877023678300E+01  0.451105932600E+02  0.100000000000E+01
 -0.193519115680E+02 -0.877023678300E+01  0.451105932600E+02  0.707106483960E+00
 -0.193519115680E+02 -0.877023678300E+01  0.451105932600E+02  0.100000000000E+01
 -0.193519115680E+02 -0.877023678300E+01  0.451105932600E+02  0.707106607068E+00
 -0.193519115680E+02 -0.877023678300E+01  0.451105932600E+02  0.100000000000E+01
 -0.193519115680E+02 -0.877023678300E+01  0.451105932600E+02  0.707107105561E+00
 -0.193519115680E+02 -0.877023678300E+01  0.451105932600E+02  0.100000000000E+01
 -0.193519115680E+02 -0.877023678300E+01  0.451105932600E+02  0.707107063333E+00
 -0.193519115680E+02 -0.877023678300E+01  0.451105932600E+02  0.100000000000E+01
 -0.201655467300E+02 -0.915656299000E+01  0.452599205950E+02  0.100000000000E+01
 -0.197061252330E+02 -0.952554617000E+01  0.456912660900E+02  0.707106483960E+00
 -0.190103947150E+02 -0.928419414400E+01  0.456417371210E+02  0.100000000000E+01
 -0.182086654350E+02 -0.893997542600E+01  0.455266111750E+02  0.707106607068E+00
 -0.184023961170E+02 -0.831939302800E+01  0.449363250510E+02  0.100000000000E+01
 -0.188162112460E+02 -0.779438028700E+01  0.440965687470E+02  0.707107105561E+00
 -0.197687999310E+02 -0.822650906600E+01  0.442457953960E+02  0.100000000000E+01
 -0.205513175230E+02 -0.870900000900E+01  0.445302143670E+02  0.707107063333E+00
 -0.201655467300E+02 -0.915656299000E+01  0.452599205950E+02  0.100000000000E+01
 -0.192915482780E+02 -0.897828413200E+01  0.449060559640E+02  0.100000000000E+01
 -0.192915482780E+02 -0.897828413200E+01  0.449060559640E+02  0.707106446314E+00
 -0.192915482780E+02 -0.897828413200E+01  0.449060559640E+02  0.100000000000E+01
 -0.192915482780E+02 -0.897828413200E+01  0.449060559640E+02  0.707106977575E+00
 -0.192915482780E+02 -0.897828413200E+01  0.449060559640E+02  0.100000000000E+01
 -0.192915482780E+02 -0.897828413200E+01  0.449060559640E+02  0.707107040750E+00
 -0.192915482780E+02 -0.897828413200E+01  0.449060559640E+02  0.100000000000E+01
 -0.192915482780E+02 -0.897828413200E+01  0.449060559640E+02  0.707106672452E+00
 -0.192915482780E+02 -0.897828413200E+01  0.449060559640E+02  0.100000000000E+01
 -0.201660503960E+02 -0.939039029800E+01  0.450707320120E+02  0.100000000000E+01
 -0.196896766470E+02 -0.976734271900E+01  0.455606307620E+02  0.707106446314E+00
 -0.189456096170E+02 -0.948174983200E+01  0.454832011710E+02  0.100000000000E+01
 -0.181484956090E+02 -0.912121619100E+01  0.453476526710E+02  0.707106977575E+00
 -0.183867379360E+02 -0.855189529700E+01  0.447356720640E+02  0.100000000000E+01
 -0.187891242610E+02 -0.800487952100E+01  0.439590422520E+02  0.707107040750E+00
 -0.197254002560E+02 -0.839105666500E+01  0.440716617110E+02  0.100000000000E+01
 -0.205252662490E+02 -0.887459069700E+01  0.443456356940E+02  0.707106672452E+00
 -0.201660503960E+02 -0.939039029800E+01  0.450707320120E+02  0.100000000000E+01
 -0.192307927660E+02 -0.918926327200E+01  0.447046642500E+02  0.100000000000E+01
 -0.192307927660E+02 -0.918926327200E+01  0.447046642500E+02  0.707107366328E+00
 -0.192307927660E+02 -0.918926327200E+01  0.447046642500E+02  0.100000000000E+01
 -0.192307927660E+02 -0.918926327200E+01  0.447046642500E+02  0.707107005581E+00
 -0.192307927660E+02 -0.918926327200E+01  0.447046642500E+02  0.100000000000E+01
 -0.192307927660E+02 -0.918926327200E+01  0.447046642500E+02  0.707106204844E+00
 -0.192307927660E+02 -0.918926327200E+01  0.447046642500E+02  0.100000000000E+01
 -0.192307927660E+02 -0.918926327200E+01  0.447046642500E+02  0.707106547994E+00
 -0.192307927660E+02 -0.918926327200E+01  0.447046642500E+02  0.100000000000E+01
 -0.201985288210E+02 -0.964250605500E+01  0.448908952400E+02  0.100000000000E+01
 -0.196889210810E+02 -0.100166303810E+02  0.454461031960E+02  0.707107366328E+00
 -0.188799863370E+02 -0.967937552600E+01  0.453347943540E+02  0.100000000000E+01
 -0.181010100640E+02 -0.930838099400E+01  0.451783250750E+02  0.707107005581E+00
 -0.183537368770E+02 -0.877849077200E+01  0.445358869390E+02  0.100000000000E+01
 -0.187819380180E+02 -0.824549073800E+01  0.438362894200E+02  0.707106204844E+00
 -0.196744004490E+02 -0.856949891900E+01  0.439078461810E+02  0.100000000000E+01
 -0.205101752440E+02 -0.905333662300E+01  0.441671831380E+02  0.707106547994E+00
 -0.201985288210E+02 -0.964250605500E+01  0.448908952400E+02  0.100000000000E+01
 -0.191688606800E+02 -0.940380731300E+01  0.445074434130E+02  0.100000000000E+01
 -0.191688606800E+02 -0.940380731300E+01  0.445074434130E+02  0.707106775959E+00
 -0.191688606800E+02 -0.940380731300E+01  0.445074434130E+02  0.100000000000E+01
 -0.191688606800E+02 -0.940380731300E+01  0.445074434130E+02  0.707106294892E+00
 -0.191688606800E+02 -0.940380731300E+01  0.445074434130E+02  0.100000000000E+01
 -0.191688606800E+02 -0.940380731300E+01  0.445074434130E+02  0.707106825038E+00
 -0.191688606800E+02 -0.940380731300E+01  0.445074434130E+02  0.100000000000E+01
 -0.191688606800E+02 -0.940380731300E+01  0.445074434130E+02  0.707107147414E+00
 -0.191688606800E+02 -0.940380731300E+01  0.445074434130E+02  0.100000000000E+01
 -0.202325932850E+02 -0.977412595000E+01  0.448090479080E+02  0.100000000000E+01
 -0.196842519820E+02 -0.101983433820E+02  0.454157524700E+02  0.707106775959E+00
 -0.188061615990E+02 -0.990061789000E+01  0.451766529580E+02  0.100000000000E+01
 -0.180798458600E+02 -0.948587549600E+01  0.450240792790E+02  0.707106294892E+00
 -0.183618464460E+02 -0.898420176600E+01  0.443815635660E+02  0.100000000000E+01
 -0.187628857770E+02 -0.851024287100E+01  0.437214219380E+02  0.707106825038E+00
 -0.195931814060E+02 -0.882259250800E+01  0.437245378650E+02  0.100000000000E+01
 -0.205079401420E+02 -0.917978983600E+01  0.440319075390E+02  0.707107147414E+00
 -0.202325932850E+02 -0.977412595000E+01  0.448090479080E+02  0.100000000000E+01
 -0.191049536140E+02 -0.962250538400E+01  0.443154898000E+02  0.100000000000E+01
 -0.191049536140E+02 -0.962250538400E+01  0.443154898000E+02  0.707107059843E+00
 -0.191049536140E+02 -0.962250538400E+01  0.443154898000E+02  0.100000000000E+01
 -0.191049536140E+02 -0.962250538400E+01  0.443154898000E+02  0.707106983766E+00
 -0.191049536140E+02 -0.962250538400E+01  0.443154898000E+02  0.100000000000E+01
 -0.191049536140E+02 -0.962250538400E+01  0.443154898000E+02  0.707106505703E+00
 -0.191049536140E+02 -0.962250538400E+01  0.443154898000E+02  0.100000000000E+01
 -0.191049536140E+02 -0.962250538400E+01  0.443154898000E+02  0.707106743919E+00
 -0.191049536140E+02 -0.962250538400E+01  0.443154898000E+02  0.100000000000E+01
 -0.202597673240E+02 -0.988486521000E+01  0.447371244600E+02  0.100000000000E+01
 -0.196686938640E+02 -0.103701041040E+02  0.454218891580E+02  0.707107059843E+00
 -0.187366655530E+02 -0.101146021660E+02  0.450179903980E+02  0.100000000000E+01
 -0.180992994040E+02 -0.964945346000E+01  0.448379103200E+02  0.707106983766E+00
 -0.183612211240E+02 -0.919358148600E+01  0.442260446590E+02  0.100000000000E+01
 -0.187230405450E+02 -0.877380042500E+01  0.436033790220E+02  0.707106505703E+00
 -0.194996742540E+02 -0.909509007700E+01  0.435625717380E+02  0.100000000000E+01
 -0.205383312890E+02 -0.928734669300E+01  0.438782508150E+02  0.707106743919E+00
 -0.202597673240E+02 -0.988486521000E+01  0.447371244600E+02  0.100000000000E+01
 -0.190382777730E+02 -0.984587017000E+01  0.441299644500E+02  0.100000000000E+01
 -0.190382777730E+02 -0.984587017000E+01  0.441299644500E+02  0.707106497093E+00
 -0.190382777730E+02 -0.984587017000E+01  0.441299644500E+02  0.100000000000E+01
 -0.190382777730E+02 -0.984587017000E+01  0.441299644500E+02  0.707106039741E+00
 -0.190382777730E+02 -0.984587017000E+01  0.441299644500E+02  0.100000000000E+01
 -0.190382777730E+02 -0.984587017000E+01  0.441299644500E+02  0.707107175667E+00
 -0.190382777730E+02 -0.984587017000E+01  0.441299644500E+02  0.100000000000E+01
 -0.190382777730E+02 -0.984587017000E+01  0.441299644500E+02  0.707107169238E+00
 -0.190382777730E+02 -0.984587017000E+01  0.441299644500E+02  0.100000000000E+01
 -0.202788554740E+02 -0.996901810000E+01  0.446680455260E+02  0.100000000000E+01
 -0.196425642640E+02 -0.105051074580E+02  0.454399667840E+02  0.707106497093E+00
 -0.186723445190E+02 -0.103206378310E+02  0.448649855520E+02  0.100000000000E+01
 -0.181614332220E+02 -0.982602686000E+01  0.446401178920E+02  0.707106039741E+00
 -0.183052530010E+02 -0.937717267600E+01  0.440677656070E+02  0.100000000000E+01
 -0.186356823720E+02 -0.897905593200E+01  0.434371189940E+02  0.707107175667E+00
 -0.194046722810E+02 -0.937050576300E+01  0.433940171810E+02  0.100000000000E+01
 -0.205474313000E+02 -0.938289977900E+01  0.437129779940E+02  0.707107169238E+00
 -0.202788554740E+02 -0.996901810000E+01  0.446680455260E+02  0.100000000000E+01
           1
           2
           3
           4
           5
           6
           7
           8
           9
          10
          11
          12
          13
          14
          15
          16
          17
          18
          19
          20
          21
          22
          23
          24
          25
          26
          27
          28
          29
          30
          31
          32
          33
          34
          35
          36
          37
          38
          39
          40
          41
          42
          43
          44
          45
          46
          47
          48
          49
          50
          51
          52
          53
          54
          55
          56
          57
          58
          59
          60
          61
          62
          63
          64
          65
          66
          67
          68
          69
          70
          71
          72
          73
          74
          75
          76
          77
          78
          79
          80
          81
          82
          83
          84
          85
          86
          87
          88
          89
          90
          91
          92
          93
          94
          95
          96
          97
          98
          99
         100
         101
         102
         103
         104
         105
         106
         107
         108
         109
         110
         111
         112
         113
         114
         115
         116
         117
         118
         119
         120
         121
         122
         123
         124
         125
         126
         127
         128
         129
         130
         131
         132
         133
         134
         135
         136
         137
         138
         139
         140
         141
         142
         143
         144
         145
         146
         147
         148
         149
         150
         151
         152
         153
         154
         155
         156
         157
         158
         159
         160
         161
         162
         163
         164
         165
         166
         167
         168
         169
         170
         171
         172
         173
         174
         175
         176
         177
         178
         179
         180
         181
         182
         183
         184
         185
         186
         187
         188
         189
         190
         191
         192
         193
         194
         195
         196
         197
         198
         199
         200
         201
         202
         203
         204
         205
         206
         207
         208
         209
         210
         211
         212
         213
         214
         215
         216
         217
         218
         219
         220
         221
         222
         223
         224
         225
         226
         227
         228
         229
         230
         231
         232
         233
         234
         235
         236
         237
         238
         239
         240
         241
         242
         243
         244
         245
         246
         247
         248
         249
         250
         251
         252
         253
         254
         255
         256
         257
         258
         259
         260
         261
         262
         263
         264
         265
         266
         267
         268
         269
         270
         271
         272
         273
         274
         275
         276
         277
         278
         279
         280
         281
         282
         283
         284
         285
         286
         287
         288
         289
         290
         291
         292
         293
         294
         295
         296
         297
         298
         299
         300
         301
         302
         303
         304
         305
         306
         307
         308
         309
         310
         311
         312
         313
         314
         315
         316
         317
         318
         319
         320
         321
         322
         323
         324
 1 0 0
 0 0 0
 0 0 0
 0 0 0
 0 0 0
 0 0 0
 0 0 0
 0 0 0
 0 0 0
 0 0 0
 0 0 0
 0 0 0
 0 0 0
 0 0 0
 0 0 0
 0 0 0
 0 0 0
 0 0 0
 0 0 0
 0 0 0
 0 0 0
 0 0 0
 0 0 0
 0 0 0
 0 0 0
 0 0 0
 0 0 0
 0 0 0
 0 0 0
 0 0 0
 0 0 0
 0 0 0
 0 0 0
 0 0 0
 0 0 0
 0 0 0
 0 0 0
 0 0 0
 0 0 0
 0 0 0
 0 0 0
 0 0 0
 0 0 0
 0 0 0
 0 0 0
 0 0 0
 0 0 0
 0 0 0
 0 0 0
 0 0 0
 0 0 0
 0 0 0
 0 0 0
 0 0 0
 0 0 0
 0 0 0
 0 0 0
 0 0 0
 0 0 0
 0 0 0
 0 0 0
 0 0 0
 0 0 0
 0 0 0
 0 0 0
 0 0 0
 0 0 0
 0 0 0
 0 0 0
 0 0 0
 0 0 0
 0 0 0
 0 0 0
 0 0 0
 0 0 0
 0 0 0
 0 0 0
 0 0 0
 0 0 0
 0 0 0
 0 0 0
 0 0 0
 0 0 0
 0 0 0
 0 0 0
 0 0 0
 0 0 0
 0 0 0
 0 0 0
 0 0 0
 0 0 0
 0 0 0
 0 0 0
 0 0 0
 0 0 0
 0 0 0
 0 0 0
 0 0 0
 0 0 0
 0 0 0
 0 0 0
 0 0 0
 0 0 0
 0 0 0
 0 0 0
 0 0 0
 0 0 0
 0 0 0
 0 0 0
 0 0 0
 0 0 0
 0 0 0
 0 0 0
 0 0 0
 0 0 0
 0 0 0
 0 0 0
 0 0 0
 0 0 0
 0 0 0
 0 0 0
 0 0 0
 0 0 0
 0 0 0
 0 0 0
 0 0 0
 0 0 0
 0 0 0
 0 0 0
 0 0 0
 0 0 0
 0 0 0
 0 0 0
 0 0 0
 0 0 0
 0 0 0
 0 0 0
 0 0 0
 0 0 0
 0 0 0
 0 0 0
 0 0 0
 0 0 0
 0 0 0
 0 0 0
 0 0 0
 0 0 0
 0 0 0
 0 0 0
 0 0 0
 0 0 0
 0 0 0
 0 0 0
 0 0 0
 0 0 0
 0 0 0
 0 0 0
 0 0 0
 0 0 0
 0 0 0
 0 0 0
 0 0 0
 0 0 0
 0 0 0
 0 0 0
 0 0 0
 0 0 0
 0 0 0
 0 0 0
 0 0 0
 0 0 0
 0 0 0
 0 0 0
 0 0 0
 0 0 0
 0 0 0
 0 0 0
 0 0 0
 0 0 0
 0 0 0
 0 0 0
 0 0 0
 0 0 0
 0 0 0
 0 0 0
 0 0 0
 0 0 0
 0 0 0
 0 0 0
 0 0 0
 0 0 0
 0 0 0
 0 0 0
 0 0 0
 0 0 0
 0 0 0
 0 0 0
 0 0 0
 0 0 0
 0 0 0
 0 0 0
 0 0 0
 0 0 0
 0 0 0
 0 0 0
 0 0 0
 0 0 0
 0 0 0
 0 0 0
 0 0 0
 0 0 0
 0 0 0
 0 0 0
 0 0 0
 0 0 0
 0 0 0
 0 0 0
 0 0 0
 0 0 0
 0 0 0
 0 0 0
 0 0 0
 0 0 0
 0 0 0
 0 0 0
 0 0 0
 0 0 0
 0 0 0
 0 0 0
 0 0 0
 0 0 0
 0 0 0
 0 0 0
 0 0 0
 0 0 0
 0 0 0
 0 0 0
 0 0 0
 0 0 0
 0 0 0
 0 0 0
 0 0 0
 0 0 0
 0 0 0
 0 0 0
 0 0 0
 0 0 0
 0 0 0
 0 0 0
 0 0 0
 0 0 0
 0 0 0
 0 0 0
 0 0 0
 0 0 0
 0 0 0
 0 0 0
 0 0 0
 0 0 0
 0 0 0
 0 0 0
 0 0 0
 0 0 0
 0 0 0
 0 0 0
 0 0 0
 0 0 0
 0 0 0
 0 0 0
 0 0 0
 0 0 0
 0 0 0
 0 0 0
 0 0 0
 0 0 0
 0 0 0
 0 0 0
 0 0 0
 0 0 0
 0 0 0
 0 0 0
 0 0 0
 0 0 0
 0 0 0
 0 0 0
 0 0 0
 0 0 0
 0 0 0
 0 0 0
 0 0 0
 0 0 0
 0 0 0
 0 0 0
 0 0 0
 0 0 0
 0 0 0
 0 0 0
 0 0 0
 0 0 0
 0 0 0
 0 0 0
 0 0 0
 0 0 0
 0 0 0
 0 0 0
 0 0 0
 0 0 0
 0 0 0
 0 0 0
 0 0 0
 0 0 0
 0 0 0
 0 0 0
 0 0 0
 0 0 0
 0 0 0
 0 0 0
 0 0 0
 0 0 0
 0 0 0
 0 0 0
 0 0 0
 0 0 0
 0 0 0
 0 0 0
  0.000000000  0.000000000  0.000000000
  0.000000000  0.000000000  0.000000000
  0.000000000  0.000000000  0.000000000
  0.000000000  0.000000000  0.000000000
  0.000000000  0.000000000  0.000000000
  0.000000000  0.000000000  0.000000000
  0.000000000  0.000000000  0.000000000
  0.000000000  0.000000000  0.000000000
  0.000000000  0.000000000  0.000000000
  0.000000000  0.000000000  0.000000000
  0.000000000  0.000000000  0.000000000
  0.000000000  0.000000000  0.000000000
  0.000000000  0.000000000  0.000000000
  0.000000000  0.000000000  0.000000000
  0.000000000  0.000000000  0.000000000
  0.000000000  0.000000000  0.000000000
  0.000000000  0.000000000  0.000000000
  0.000000000  0.000000000  0.000000000
  0.000000000  0.000000000  0.000000000
  0.000000000  0.000000000  0.000000000
  0.000000000  0.000000000  0.000000000
  0.000000000  0.000000000  0.000000000
  0.000000000  0.000000000  0.000000000
  0.000000000  0.000000000  0.000000000
  0.000000000  0.000000000  0.000000000
  0.000000000  0.000000000  0.000000000
  0.000000000  0.000000000  0.000000000
  0.000000000  0.000000000  0.000000000
  0.000000000  0.000000000  0.000000000
  0.000000000  0.000000000  0.000000000
  0.000000000  0.000000000  0.000000000
  0.000000000  0.000000000  0.000000000
  0.000000000  0.000000000  0.000000000
  0.000000000  0.000000000  0.000000000
  0.000000000  0.000000000  0.000000000
  0.000000000  0.000000000  0.000000000
  0.000000000  0.000000000  0.000000000
  0.000000000  0.000000000  0.000000000
  0.000000000  0.000000000  0.000000000
  0.000000000  0.000000000  0.000000000
  0.000000000  0.000000000  0.000000000
  0.000000000  0.000000000  0.000000000
  0.000000000  0.000000000  0.000000000
  0.000000000  0.000000000  0.000000000
  0.000000000  0.000000000  0.000000000
  0.000000000  0.000000000  0.000000000
  0.000000000  0.000000000  0.000000000
  0.000000000  0.000000000  0.000000000
  0.000000000  0.000000000  0.000000000
  0.000000000  0.000000000  0.000000000
  0.000000000  0.000000000  0.000000000
  0.000000000  0.000000000  0.000000000
  0.000000000  0.000000000  0.000000000
  0.000000000  0.000000000  0.000000000
  0.000000000  0.000000000  0.000000000
  0.000000000  0.000000000  0.000000000
  0.000000000  0.000000000  0.000000000
  0.000000000  0.000000000  0.000000000
  0.000000000  0.000000000  0.000000000
  0.000000000  0.000000000  0.000000000
  0.000000000  0.000000000  0.000000000
  0.000000000  0.000000000  0.000000000
  0.000000000  0.000000000  0.000000000
  0.000000000  0.000000000  0.000000000
  0.000000000  0.000000000  0.000000000
  0.000000000  0.000000000  0.000000000
  0.000000000  0.000000000  0.000000000
  0.000000000  0.000000000  0.000000000
  0.000000000  0.000000000  0.000000000
  0.000000000  0.000000000  0.000000000
  0.000000000  0.000000000  0.000000000
  0.000000000  0.000000000  0.000000000
  0.000000000  0.000000000  0.000000000
  0.000000000  0.000000000  0.000000000
  0.000000000  0.000000000  0.000000000
  0.000000000  0.000000000  0.000000000
  0.000000000  0.000000000  0.000000000
  0.000000000  0.000000000  0.000000000
  0.000000000  0.000000000  0.000000000
  0.000000000  0.000000000  0.000000000
  0.000000000  0.000000000  0.000000000
  0.000000000  0.000000000  0.000000000
  0.000000000  0.000000000  0.000000000
  0.000000000  0.000000000  0.000000000
  0.000000000  0.000000000  0.000000000
  0.000000000  0.000000000  0.000000000
  0.000000000  0.000000000  0.000000000
  0.000000000  0.000000000  0.000000000
  0.000000000  0.000000000  0.000000000
  0.000000000  0.000000000  0.000000000
  0.000000000  0.000000000  0.000000000
  0.000000000  0.000000000  0.000000000
  0.000000000  0.000000000  0.000000000
  0.000000000  0.000000000  0.000000000
  0.000000000  0.000000000  0.000000000
  0.000000000  0.000000000  0.000000000
  0.000000000  0.000000000  0.000000000
  0.000000000  0.000000000  0.000000000
  0.000000000  0.000000000  0.000000000
  0.000000000  0.000000000  0.000000000
  0.000000000  0.000000000  0.000000000
  0.000000000  0.000000000  0.000000000
  0.000000000  0.000000000  0.000000000
  0.000000000  0.000000000  0.000000000
  0.000000000  0.000000000  0.000000000
  0.000000000  0.000000000  0.000000000
  0.000000000  0.000000000  0.000000000
  0.000000000  0.000000000  0.000000000
  0.000000000  0.000000000  0.000000000
  0.000000000  0.000000000  0.000000000
  0.000000000  0.000000000  0.000000000
  0.000000000  0.000000000  0.000000000
  0.000000000  0.000000000  0.000000000
  0.000000000  0.000000000  0.000000000
  0.000000000  0.000000000  0.000000000
  0.000000000  0.000000000  0.000000000
  0.000000000  0.000000000  0.000000000
  0.000000000  0.000000000  0.000000000
  0.000000000  0.000000000  0.000000000
  0.000000000  0.000000000  0.000000000
  0.000000000  0.000000000  0.000000000
  0.000000000  0.000000000  0.000000000
  0.000000000  0.000000000  0.000000000
  0.000000000  0.000000000  0.000000000
  0.000000000  0.000000000  0.000000000
  0.000000000  0.000000000  0.000000000
  0.000000000  0.000000000  0.000000000
  0.000000000  0.000000000  0.000000000
  0.000000000  0.000000000  0.000000000
  0.000000000  0.000000000  0.000000000
  0.000000000  0.000000000  0.000000000
  0.000000000  0.000000000  0.000000000
  0.000000000  0.000000000  0.000000000
  0.000000000  0.000000000  0.000000000
  0.000000000  0.000000000  0.000000000
  0.000000000  0.000000000  0.000000000
  0.000000000  0.000000000  0.000000000
  0.000000000  0.000000000  0.000000000
  0.000000000  0.000000000  0.000000000
  0.000000000  0.000000000  0.000000000
  0.000000000  0.000000000  0.000000000
  0.000000000  0.000000000  0.000000000
  0.000000000  0.000000000  0.000000000
  0.000000000  0.000000000  0.000000000
  0.000000000  0.000000000  0.000000000
  0.000000000  0.000000000  0.000000000
  0.000000000  0.000000000  0.000000000
  0.000000000  0.000000000  0.000000000
  0.000000000  0.000000000  0.000000000
  0.000000000  0.000000000  0.000000000
  0.000000000  0.000000000  0.000000000
  0.000000000  0.000000000  0.000000000
  0.000000000  0.000000000  0.000000000
  0.000000000  0.000000000  0.000000000
  0.000000000  0.000000000  0.000000000
  0.000000000  0.000000000  0.000000000
  0.000000000  0.000000000  0.000000000
  0.000000000  0.000000000  0.000000000
  0.000000000  0.000000000  0.000000000
  0.000000000  0.000000000  0.000000000
  0.000000000  0.000000000  0.000000000
  0.000000000  0.000000000  0.000000000
  0.000000000  0.000000000  0.000000000
  0.000000000  0.000000000  0.000000000
  0.000000000  0.000000000  0.000000000
  0.000000000  0.000000000  0.000000000
  0.000000000  0.000000000  0.000000000
  0.000000000  0.000000000  0.000000000
  0.000000000  0.000000000  0.000000000
  0.000000000  0.000000000  0.000000000
  0.000000000  0.000000000  0.000000000
  0.000000000  0.000000000  0.000000000
  0.000000000  0.000000000  0.000000000
  0.000000000  0.000000000  0.000000000
  0.000000000  0.000000000  0.000000000
  0.000000000  0.000000000  0.000000000
  0.000000000  0.000000000  0.000000000
  0.000000000  0.000000000  0.000000000
  0.000000000  0.000000000  0.000000000
  0.000000000  0.000000000  0.000000000
  0.000000000  0.000000000  0.000000000
  0.000000000  0.000000000  0.000000000
  0.000000000  0.000000000  0.000000000
  0.000000000  0.000000000  0.000000000
  0.000000000  0.000000000  0.000000000
  0.000000000  0.000000000  0.000000000
  0.000000000  0.000000000  0.000000000
  0.000000000  0.000000000  0.000000000
  0.000000000  0.000000000  0.000000000
  0.000000000  0.000000000  0.000000000
  0.000000000  0.000000000  0.000000000
  0.000000000  0.000000000  0.000000000
  0.000000000  0.000000000  0.000000000
  0.000000000  0.000000000  0.000000000
  0.000000000  0.000000000  0.000000000
  0.000000000  0.000000000  0.000000000
  0.000000000  0.000000000  0.000000000
  0.000000000  0.000000000  0.000000000
  0.000000000  0.000000000  0.000000000
  0.000000000  0.000000000  0.000000000
  0.000000000  0.000000000  0.000000000
  0.000000000  0.000000000  0.000000000
  0.000000000  0.000000000  0.000000000
  0.000000000  0.000000000  0.000000000
  0.000000000  0.000000000  0.000000000
  0.000000000  0.000000000  0.000000000
  0.000000000  0.000000000  0.000000000
  0.000000000  0.000000000  0.000000000
  0.000000000  0.000000000  0.000000000
  0.000000000  0.000000000  0.000000000
  0.000000000  0.000000000  0.000000000
  0.000000000  0.000000000  0.000000000
  0.000000000  0.000000000  0.000000000
  0.000000000  0.000000000  0.000000000
  0.000000000  0.000000000  0.000000000
  0.000000000  0.000000000  0.000000000
  0.000000000  0.000000000  0.000000000
  0.000000000  0.000000000  0.000000000
  0.000000000  0.000000000  0.000000000
  0.000000000  0.000000000  0.000000000
  0.000000000  0.000000000  0.000000000
  0.000000000  0.000000000  0.000000000
  0.000000000  0.000000000  0.000000000
  0.000000000  0.000000000  0.000000000
  0.000000000  0.000000000  0.000000000
  0.000000000  0.000000000  0.000000000
  0.000000000  0.000000000  0.000000000
  0.000000000  0.000000000  0.000000000
  0.000000000  0.000000000  0.000000000
  0.000000000  0.000000000  0.000000000
  0.000000000  0.000000000  0.000000000
  0.000000000  0.000000000  0.000000000
  0.000000000  0.000000000  0.000000000
  0.000000000  0.000000000  0.000000000
  0.000000000  0.000000000  0.000000000
  0.000000000  0.000000000  0.000000000
  0.000000000  0.000000000  0.000000000
  0.000000000  0.000000000  0.000000000
  0.000000000  0.000000000  0.000000000
  0.000000000  0.000000000  0.000000000
  0.000000000  0.000000000  0.000000000
  0.000000000  0.000000000  0.000000000
  0.000000000  0.000000000  0.000000000
  0.000000000  0.000000000  0.000000000
  0.000000000  0.000000000  0.000000000
  0.000000000  0.000000000  0.000000000
  0.000000000  0.000000000  0.000000000
  0.000000000  0.000000000  0.000000000
  0.000000000  0.000000000  0.000000000
  0.000000000  0.000000000  0.000000000
  0.000000000  0.000000000  0.000000000
  0.000000000  0.000000000  0.000000000
  0.000000000  0.000000000  0.000000000
  0.000000000  0.000000000  0.000000000
  0.000000000  0.000000000  0.000000000
  0.000000000  0.000000000  0.000000000
  0.000000000  0.000000000  0.000000000
  0.000000000  0.000000000  0.000000000
  0.000000000  0.000000000  0.000000000
  0.000000000  0.000000000  0.000000000
  0.000000000  0.000000000  0.000000000
  0.000000000  0.000000000  0.000000000
  0.000000000  0.000000000  0.000000000
  0.000000000  0.000000000  0.000000000
  0.000000000  0.000000000  0.000000000
  0.000000000  0.000000000  0.000000000
  0.000000000  0.000000000  0.000000000
  0.000000000  0.000000000  0.000000000
  0.000000000  0.000000000  0.000000000
  0.000000000  0.000000000  0.000000000
  0.000000000  0.000000000  0.000000000
  0.000000000  0.000000000  0.000000000
  0.000000000  0.000000000  0.000000000
  0.000000000  0.000000000  0.000000000
  0.000000000  0.000000000  0.000000000
  0.000000000  0.000000000  0.000000000
  0.000000000  0.000000000  0.000000000
  0.000000000  0.000000000  0.000000000
  0.000000000  0.000000000  0.000000000
  0.000000000  0.000000000  0.000000000
  0.000000000  0.000000000  0.000000000
  0.000000000  0.000000000  0.000000000
  0.000000000  0.000000000  0.000000000
  0.000000000  0.000000000  0.000000000
  0.000000000  0.000000000  0.000000000
  0.000000000  0.000000000  0.000000000
  0.000000000  0.000000000  0.000000000
  0.000000000  0.000000000  0.000000000
  0.000000000  0.000000000  0.000000000
  0.000000000  0.000000000  0.000000000
  0.000000000  0.000000000  0.000000000
  0.000000000  0.000000000  0.000000000
  0.000000000  0.000000000  0.000000000
  0.000000000  0.000000000  0.000000000
  0.000000000  0.000000000  0.000000000
  0.000000000  0.000000000  0.000000000
  0.000000000  0.000000000  0.000000000
  0.000000000  0.000000000  0.000000000
  0.000000000  0.000000000  0.000000000
  0.000000000  0.000000000  0.000000000
  0.000000000  0.000000000  0.000000000
  0.000000000  0.000000000  0.000000000
  0.000000000  0.000000000  0.000000000
  0.000000000  0.000000000  0.000000000
  0.000000000  0.000000000  0.000000000
  0.000000000  0.000000000  0.000000000
  0.000000000  0.000000000  0.000000000
  0.000000000  0.000000000  0.000000000
  0.000000000  0.000000000  0.000000000
  0.000000000  0.000000000  0.000000000
  0.000000000  0.000000000  0.000000000
  0.000000000  0.000000000  0.000000000
  0.000000000  0.000000000  0.000000000
  0.000000000  0.000000000  0.000000000
  0.000000000  0.000000000  0.000000000
  0.000000000  0.000000000  0.000000000
  0.000000000  0.000000000  0.000000000
  0.000000000  0.000000000  0.000000000
  0.000000000  0.000000000  0.000000000
  0.000000000  0.000000000  0.000000000
  0.000000000  0.000000000  0.000000000
  0.000000000  0.000000000  0.000000000
  0.000000000  0.000000000  0.000000000
  0.000000000  0.000000000  0.000000000
 0 0 0
 0 0 0
 0 0 0
 0 0 0
 0 0 0
 0 0 0
 0 0 0
 0 0 0
 0 0 0
 0 0 0
 0 0 0
 0 0 0
 0 0 0
 0 0 0
 0 0 0
 0 0 0
 0 0 0
 0 0 0
 0 0 0
 0 0 0
 0 0 0
 0 0 0
 0 0 0
 0 0 0
 0 0 0
 0 0 0
 0 0 0
 0 0 0
 0 0 0
 0 0 0
 0 0 0
 0 0 0
 0 0 0
 0 0 0
 0 0 0
 0 0 0
 0 0 0
 0 0 0
 0 0 0
 0 0 0
 0 0 0
 0 0 0
 0 0 0
 0 0 0
 0 0 0
 0 0 0
 0 0 0
 0 0 0
 0 0 0
 0 0 0
 0 0 0
 0 0 0
 0 0 0
 0 0 0
 0 0 0
 0 0 0
 0 0 0
 0 0 0
 0 0 0
 0 0 0
 0 0 0
 0 0 0
 0 0 0
 0 0 0
 0 0 0
 0 0 0
 0 0 0
 0 0 0
 0 0 0
 0 0 0
 0 0 0
 0 0 0
 0 0 0
 0 0 0
 0 0 0
 0 0 0
 0 0 0
 0 0 0
 0 0 0
 0 0 0
 0 0 0
 0 0 0
 0 0 0
 0 0 0
 0 0 0
 0 0 0
 0 0 0
 0 0 0
 0 0 0
 0 0 0
 0 0 0
 0 0 0
 0 0 0
 0 0 0
 0 0 0
 0 0 0
 0 0 0
 0 0 0
 0 0 0
 0 0 0
 0 0 0
 0 0 0
 0 0 0
 0 0 0
 0 0 0
 0 0 0
 0 0 0
 0 0 0
 0 0 0
 0 0 0
 0 0 0
 0 0 0
 0 0 0
 0 0 0
 0 0 0
 0 0 0
 0 0 0
 0 0 0
 0 0 0
 0 0 0
 0 0 0
 0 0 0
 0 0 0
 0 0 0
 0 0 0
 0 0 0
 0 0 0
 0 0 0
 0 0 0
 0 0 0
 0 0 0
 0 0 0
 0 0 0
 0 0 0
 0 0 0
 0 0 0
 0 0 0
 0 0 0
 0 0 0
 0 0 0
 0 0 0
 0 0 0
 0 0 0
 0 0 0
 0 0 0
 0 0 0
 0 0 0
 0 0 0
 0 0 0
 0 0 0
 0 0 0
 0 0 0
 0 0 0
 0 0 0
 0 0 0
 0 0 0
 0 0 0
 0 0 0
 0 0 0
 0 0 0
 0 0 0
 0 0 0
 0 0 0
 0 0 0
 0 0 0
 0 0 0
 0 0 0
 0 0 0
 0 0 0
 0 0 0
 0 0 0
 0 0 0
 0 0 0
 0 0 0
 0 0 0
 0 0 0
 0 0 0
 0 0 0
 0 0 0
 0 0 0
 0 0 0
 0 0 0
 0 0 0
 0 0 0
 0 0 0
 0 0 0
 0 0 0
 0 0 0
 0 0 0
 0 0 0
 0 0 0
 0 0 0
 0 0 0
 0 0 0
 0 0 0
 0 0 0
 0 0 0
 0 0 0
 0 0 0
 0 0 0
 0 0 0
 0 0 0
 0 0 0
 0 0 0
 0 0 0
 0 0 0
 0 0 0
 0 0 0
 0 0 0
 0 0 0
 0 0 0
 0 0 0
 0 0 0
 0 0 0
 0 0 0
 0 0 0
 0 0 0
 0 0 0
 0 0 0
 0 0 0
 0 0 0
 0 0 0
 0 0 0
 0 0 0
 0 0 0
 0 0 0
 0 0 0
 0 0 0
 0 0 0
 0 0 0
 0 0 0
 0 0 0
 0 0 0
 0 0 0
 0 0 0
 0 0 0
 0 0 0
 0 0 0
  0.000000000  0.000000000  0.000000000
  0.000000000  0.000000000  0.000000000
  0.000000000  0.000000000  0.000000000
  0.000000000  0.000000000  0.000000000
  0.000000000  0.000000000  0.000000000
  0.000000000  0.000000000  0.000000000
  0.000000000  0.000000000  0.000000000
  0.000000000  0.000000000  0.000000000
  0.000000000  0.000000000  0.000000000
  0.000000000  0.000000000  0.000000000
  0.000000000  0.000000000  0.000000000
  0.000000000  0.000000000  0.000000000
  0.000000000  0.000000000  0.000000000
  0.000000000  0.000000000  0.000000000
  0.000000000  0.000000000  0.000000000
  0.000000000  0.000000000  0.000000000
  0.000000000  0.000000000  0.000000000
  0.000000000  0.000000000  0.000000000
  0.000000000  0.000000000  0.000000000
  0.000000000  0.000000000  0.000000000
  0.000000000  0.000000000  0.000000000
  0.000000000  0.000000000  0.000000000
  0.000000000  0.000000000  0.000000000
  0.000000000  0.000000000  0.000000000
  0.000000000  0.000000000  0.000000000
  0.000000000  0.000000000  0.000000000
  0.000000000  0.000000000  0.000000000
  0.000000000  0.000000000  0.000000000
  0.000000000  0.000000000  0.000000000
  0.000000000  0.000000000  0.000000000
  0.000000000  0.000000000  0.000000000
  0.000000000  0.000000000  0.000000000
  0.000000000  0.000000000  0.000000000
  0.000000000  0.000000000  0.000000000
  0.000000000  0.000000000  0.000000000
  0.000000000  0.000000000  0.000000000
  0.000000000  0.000000000  0.000000000
  0.000000000  0.000000000  0.000000000
  0.000000000  0.000000000  0.000000000
  0.000000000  0.000000000  0.000000000
  0.000000000  0.000000000  0.000000000
  0.000000000  0.000000000  0.000000000
  0.000000000  0.000000000  0.000000000
  0.000000000  0.000000000  0.000000000
  0.000000000  0.000000000  0.000000000
  0.000000000  0.000000000  0.000000000
  0.000000000  0.000000000  0.000000000
  0.000000000  0.000000000  0.000000000
  0.000000000  0.000000000  0.000000000
  0.000000000  0.000000000  0.000000000
  0.000000000  0.000000000  0.000000000
  0.000000000  0.000000000  0.000000000
  0.000000000  0.000000000  0.000000000
  0.000000000  0.000000000  0.000000000
  0.000000000  0.000000000  0.000000000
  0.000000000  0.000000000  0.000000000
  0.000000000  0.000000000  0.000000000
  0.000000000  0.000000000  0.000000000
  0.000000000  0.000000000  0.000000000
  0.000000000  0.000000000  0.000000000
  0.000000000  0.000000000  0.000000000
  0.000000000  0.000000000  0.000000000
  0.000000000  0.000000000  0.000000000
  0.000000000  0.000000000  0.000000000
  0.000000000  0.000000000  0.000000000
  0.000000000  0.000000000  0.000000000
  0.000000000  0.000000000  0.000000000
  0.000000000  0.000000000  0.000000000
  0.000000000  0.000000000  0.000000000
  0.000000000  0.000000000  0.000000000
  0.000000000  0.000000000  0.000000000
  0.000000000  0.000000000  0.000000000
  0.000000000  0.000000000  0.000000000
  0.000000000  0.000000000  0.000000000
  0.000000000  0.000000000  0.000000000
  0.000000000  0.000000000  0.000000000
  0.000000000  0.000000000  0.000000000
  0.000000000  0.000000000  0.000000000
  0.000000000  0.000000000  0.000000000
  0.000000000  0.000000000  0.000000000
  0.000000000  0.000000000  0.000000000
  0.000000000  0.000000000  0.000000000
  0.000000000  0.000000000  0.000000000
  0.000000000  0.000000000  0.000000000
  0.000000000  0.000000000  0.000000000
  0.000000000  0.000000000  0.000000000
  0.000000000  0.000000000  0.000000000
  0.000000000  0.000000000  0.000000000
  0.000000000  0.000000000  0.000000000
  0.000000000  0.000000000  0.000000000
  0.000000000  0.000000000  0.000000000
  0.000000000  0.000000000  0.000000000
  0.000000000  0.000000000  0.000000000
  0.000000000  0.000000000  0.000000000
  0.000000000  0.000000000  0.000000000
  0.000000000  0.000000000  0.000000000
  0.000000000  0.000000000  0.000000000
  0.000000000  0.000000000  0.000000000
  0.000000000  0.000000000  0.000000000
  0.000000000  0.000000000  0.000000000
  0.000000000  0.000000000  0.000000000
  0.000000000  0.000000000  0.000000000
  0.000000000  0.000000000  0.000000000
  0.000000000  0.000000000  0.000000000
  0.000000000  0.000000000  0.000000000
  0.000000000  0.000000000  0.000000000
  0.000000000  0.000000000  0.000000000
  0.000000000  0.000000000  0.000000000
  0.000000000  0.000000000  0.000000000
  0.000000000  0.000000000  0.000000000
  0.000000000  0.000000000  0.000000000
  0.000000000  0.000000000  0.000000000
  0.000000000  0.000000000  0.000000000
  0.000000000  0.000000000  0.000000000
  0.000000000  0.000000000  0.000000000
  0.000000000  0.000000000  0.000000000
  0.000000000  0.000000000  0.000000000
  0.000000000  0.000000000  0.000000000
  0.000000000  0.000000000  0.000000000
  0.000000000  0.000000000  0.000000000
  0.000000000  0.000000000  0.000000000
  0.000000000  0.000000000  0.000000000
  0.000000000  0.000000000  0.000000000
  0.000000000  0.000000000  0.000000000
  0.000000000  0.000000000  0.000000000
  0.000000000  0.000000000  0.000000000
  0.000000000  0.000000000  0.000000000
  0.000000000  0.000000000  0.000000000
  0.000000000  0.000000000  0.000000000
  0.000000000  0.000000000  0.000000000
  0.000000000  0.000000000  0.000000000
  0.000000000  0.000000000  0.000000000
  0.000000000  0.000000000  0.000000000
  0.000000000  0.000000000  0.000000000
  0.000000000  0.000000000  0.000000000
  0.000000000  0.000000000  0.000000000
  0.000000000  0.000000000  0.000000000
  0.000000000  0.000000000  0.000000000
  0.000000000  0.000000000  0.000000000
  0.000000000  0.000000000  0.000000000
  0.000000000  0.000000000  0.000000000
  0.000000000  0.000000000  0.000000000
  0.000000000  0.000000000  0.000000000
  0.000000000  0.000000000  0.000000000
  0.000000000  0.000000000  0.000000000
  0.000000000  0.000000000  0.000000000
  0.000000000  0.000000000  0.000000000
  0.000000000  0.000000000  0.000000000
  0.000000000  0.000000000  0.000000000
  0.000000000  0.000000000  0.000000000
  0.000000000  0.000000000  0.000000000
  0.000000000  0.000000000  0.000000000
  0.000000000  0.000000000  0.000000000
  0.000000000  0.000000000  0.000000000
  0.000000000  0.000000000  0.000000000
  0.000000000  0.000000000  0.000000000
  0.000000000  0.000000000  0.000000000
  0.000000000  0.000000000  0.000000000
  0.000000000  0.000000000  0.000000000
  0.000000000  0.000000000  0.000000000
  0.000000000  0.000000000  0.000000000
  0.000000000  0.000000000  0.000000000
  0.000000000  0.000000000  0.000000000
  0.000000000  0.000000000  0.000000000
  0.000000000  0.000000000  0.000000000
  0.000000000  0.000000000  0.000000000
  0.000000000  0.000000000  0.000000000
  0.000000000  0.000000000  0.000000000
  0.000000000  0.000000000  0.000000000
  0.000000000  0.000000000  0.000000000
  0.000000000  0.000000000  0.000000000
  0.000000000  0.000000000  0.000000000
  0.000000000  0.000000000  0.000000000
  0.000000000  0.000000000  0.000000000
  0.000000000  0.000000000  0.000000000
  0.000000000  0.000000000  0.000000000
  0.000000000  0.000000000  0.000000000
  0.000000000  0.000000000  0.000000000
  0.000000000  0.000000000  0.000000000
  0.000000000  0.000000000  0.000000000
  0.000000000  0.000000000  0.000000000
  0.000000000  0.000000000  0.000000000
  0.000000000  0.000000000  0.000000000
  0.000000000  0.000000000  0.000000000
  0.000000000  0.000000000  0.000000000
  0.000000000  0.000000000  0.000000000
  0.000000000  0.000000000  0.000000000
  0.000000000  0.000000000  0.000000000
  0.000000000  0.000000000  0.000000000
  0.000000000  0.000000000  0.000000000
  0.000000000  0.000000000  0.000000000
  0.000000000  0.000000000  0.000000000
  0.000000000  0.000000000  0.000000000
  0.000000000  0.000000000  0.000000000
  0.000000000  0.000000000  0.000000000
  0.000000000  0.000000000  0.000000000
  0.000000000  0.000000000  0.000000000
  0.000000000  0.000000000  0.000000000
  0.000000000  0.000000000  0.000000000
  0.000000000  0.000000000  0.000000000
  0.000000000  0.000000000  0.000000000
  0.000000000  0.000000000  0.000000000
  0.000000000  0.000000000  0.000000000
  0.000000000  0.000000000  0.000000000
  0.000000000  0.000000000  0.000000000
  0.000000000  0.000000000  0.000000000
  0.000000000  0.000000000  0.000000000
  0.000000000  0.000000000  0.000000000
  0.000000000  0.000000000  0.000000000
  0.000000000  0.000000000  0.000000000
  0.000000000  0.000000000  0.000000000
  0.000000000  0.000000000  0.000000000
  0.000000000  0.000000000  0.000000000
  0.000000000  0.000000000  0.000000000
  0.000000000  0.000000000  0.000000000
  0.000000000  0.000000000  0.000000000
  0.000000000  0.000000000  0.000000000
  0.000000000  0.000000000  0.000000000
  0.000000000  0.000000000  0.000000000
  0.000000000  0.000000000  0.000000000
  0.000000000  0.000000000  0.000000000
  0.000000000  0.000000000  0.000000000
  0.000000000  0.000000000  0.000000000
  0.000000000  0.000000000  0.000000000
  0.000000000  0.000000000  0.000000000
  0.000000000  0.000000000  0.000000000
  0.000000000  0.000000000  0.000000000
  0.000000000  0.000000000  0.000000000
  0.000000000  0.000000000  0.000000000
  0.000000000  0.000000000  0.000000000
  0.000000000  0.000000000  0.000000000
  0.000000000  0.000000000  0.000000000
  0.000000000  0.000000000  0.000000000
  0.000000000  0.000000000  0.000000000
  0.000000000  0.000000000  0.000000000
  0.000000000  0.000000000  0.000000000
  0.000000000  0.000000000  0.000000000
  0.000000000  0.000000000  0.000000000
  0.000000000  0.000000000  0.000000000
  0.000000000  0.000000000  0.000000000
  0.000000000  0.000000000  0.000000000
  0.000000000  0.000000000  0.000000000
  0.000000000  0.000000000  0.000000000
  0.000000000  0.000000000  0.000000000
  0.000000000  0.000000000  0.000000000
  0.000000000  0.000000000  0.000000000
  0.000000000  0.000000000  0.000000000
  0.000000000  0.000000000  0.000000000
  0.000000000  0.000000000  0.000000000
  0.000000000  0.000000000  0.000000000
  0.000000000  0.000000000  0.000000000
  0.000000000  0.000000000  0.000000000
  0.000000000  0.000000000  0.000000000
  0.000000000  0.000000000  0.000000000
  0.000000000  0.000000000  0.000000000
  0.000000000  0.000000000  0.000000000
  0.000000000  0.000000000  0.000000000
  0.000000000  0.000000000  0.000000000
  0.000000000  0.000000000  0.000000000
  0.000000000  0.000000000  0.000000000
  0.000000000  0.000000000  0.000000000
  0.000000000  0.000000000  0.000000000
  0.000000000  0.000000000  0.000000000
  0.000000000  0.000000000  0.000000000
  0.000000000  0.000000000  0.000000000
  0.000000000  0.000000000  0.000000000
  0.000000000  0.000000000  0.000000000
  0.000000000  0.000000000  0.000000000
  0.000000000  0.000000000  0.000000000
  0.000000000  0.000000000  0.000000000
  0.000000000  0.000000000  0.000000000
  0.000000000  0.000000000  0.000000000
  0.000000000  0.000000000  0.000000000
  0.000000000  0.000000000  0.000000000
  0.000000000  0.000000000  0.000000000
  0.000000000  0.000000000  0.000000000
  0.000000000  0.000000000  0.000000000
  0.000000000  0.000000000  0.000000000
  0.000000000  0.000000000  0.000000000
  0.000000000  0.000000000  0.000000000
  0.000000000  0.000000000  0.000000000
  0.000000000  0.000000000  0.000000000
  0.000000000  0.000000000  0.000000000
  0.000000000  0.000000000  0.000000000
  0.000000000  0.000000000  0.000000000
  0.000000000  0.000000000  0.000000000
  0.000000000  0.000000000  0.000000000
  0.000000000  0.000000000  0.000000000
  0.000000000  0.000000000  0.000000000
  0.000000000  0.000000000  0.000000000
  0.000000000  0.000000000  0.000000000
  0.000000000  0.000000000  0.000000000
  0.000000000  0.000000000  0.000000000
  0.000000000  0.000000000  0.000000000
  0.000000000  0.000000000  0.000000000
  0.000000000  0.000000000  0.000000000
  0.000000000  0.000000000  0.000000000
  0.000000000  0.000000000  0.000000000
  0.000000000  0.000000000  0.000000000
  0.000000000  0.000000000  0.000000000
  0.000000000  0.000000000  0.000000000
  0.000000000  0.000000000  0.000000000
  0.000000000  0.000000000  0.000000000
  0.000000000  0.000000000  0.000000000
  0.000000000  0.000000000  0.000000000
  0.000000000  0.000000000  0.000000000
  0.000000000  0.000000000  0.000000000
  0.000000000  0.000000000  0.000000000
  0.000000000  0.000000000  0.000000000
  0.000000000  0.000000000  0.000000000
  0.000000000  0.000000000  0.000000000
  0.000000000  0.000000000  0.000000000
  0.000000000  0.000000000  0.000000000
  0.000000000  0.000000000  0.000000000
  0.000000000  0.000000000  0.000000000
  0.000000000  0.000000000  0.000000000
  0.000000000  0.000000000  0.000000000
  0.000000000  0.000000000  0.000000000
  0.000000000  0.000000000  0.000000000
  0.000000000  0.000000000  0.000000000
  0.000000000  0.000000000  0.000000000
  0.000000000  0.000000000  0.000000000
  0.000000000  0.000000000  0.000000000
  0.000000000  0.000000000  0.000000000
  0.000000000  0.000000000  0.000000000
  0.000000000  0.000000000  0.000000000
  0.000000000  0.000000000  0.000000000
  0.000000000  0.000000000  0.000000000
  0.000000000  0.000000000  0.000000000
  0.000000000  0.000000000  0.000000000
  0.000000000  0.000000000  0.000000000
  0.000000000  0.000000000  0.000000000
  0.000000000  0.000000000  0.000000000
  0.000000000  0.000000000  0.000000000
  0.000000000  0.000000000  0.000000000
  0.000000000  0.000000000  0.000000000
  0.000000000  0.000000000  0.000000000
  0.000000000  0.000000000  0.000000000
  0.000000000  0.000000000  0.000000000
  0.000000000  0.000000000  0.000000000
  0.000000000  0.000000000  0.000000000
  0.000000000  0.000000000  0.000000000
  0.000000000  0.000000000  0.000000000
  0.000000000  0.000000000  0.000000000
  0.000000000  0.000000000  0.000000000
  0.000000000  0.000000000  0.000000000
  0.000000000  0.000000000  0.000000000
  0.000000000  0.000000000  0.000000000
  0.000000000  0.000000000  0.000000000
  0.000000000  0.000000000  0.000000000
   1.06000000000000     
   1.06000000000000     
   1.06000000000000     
   1.06000000000000     
   1.06000000000000     
   1.06000000000000     
   1.06000000000000     
   1.06000000000000     
   1.06000000000000     
   1.06000000000000     
   1.06000000000000     
   1.06000000000000     
   1.06000000000000     
   1.06000000000000     
   1.06000000000000     
   1.06000000000000     
   1.06000000000000     
   1.06000000000000     
   1.06000000000000     
   1.06000000000000     
   1.06000000000000     
   1.06000000000000     
   1.06000000000000     
   1.06000000000000     
   1.06000000000000     
   1.06000000000000     
   1.06000000000000     
   1.06000000000000     
   1.06000000000000     
   1.06000000000000     
   1.06000000000000     
   1.06000000000000     
   1.06000000000000     
   1.06000000000000     
   1.06000000000000     
   1.06000000000000     
   1.06000000000000     
   1.06000000000000     
   1.06000000000000     
   1.06000000000000     
   1.06000000000000     
   1.06000000000000     
   1.06000000000000     
   1.06000000000000     
   1.06000000000000     
   1.06000000000000     
   1.06000000000000     
   1.06000000000000     
   1.06000000000000     
   1.06000000000000     
   1.06000000000000     
   1.06000000000000     
   1.06000000000000     
   1.06000000000000     
   1.06000000000000     
   1.06000000000000     
   1.06000000000000     
   1.06000000000000     
   1.06000000000000     
   1.06000000000000     
   1.06000000000000     
   1.06000000000000     
   1.06000000000000     
   1.06000000000000     
   1.06000000000000     
   1.06000000000000     
   1.06000000000000     
   1.06000000000000     
   1.06000000000000     
   1.06000000000000     
   1.06000000000000     
   1.06000000000000     
   1.06000000000000     
   1.06000000000000     
   1.06000000000000     
   1.06000000000000     
   1.06000000000000     
   1.06000000000000     
   1.06000000000000     
   1.06000000000000     
   1.06000000000000     
   1.06000000000000     
   1.06000000000000     
   1.06000000000000     
   1.06000000000000     
   1.06000000000000     
   1.06000000000000     
   1.06000000000000     
   1.06000000000000     
   1.06000000000000     
   1.06000000000000     
   1.06000000000000     
   1.06000000000000     
   1.06000000000000     
   1.06000000000000     
   1.06000000000000     
   1.06000000000000     
   1.06000000000000     
   1.06000000000000     
   1.06000000000000     
   1.06000000000000     
   1.06000000000000     
   1.06000000000000     
   1.06000000000000     
   1.06000000000000     
   1.06000000000000     
   1.06000000000000     
   1.06000000000000     
   1.06000000000000     
   1.06000000000000     
   1.06000000000000     
   1.06000000000000     
  3.000000000000000E-002
  3.000000000000000E-002
  3.000000000000000E-002
  3.000000000000000E-002
  3.000000000000000E-002
  3.000000000000000E-002
  3.000000000000000E-002
  3.000000000000000E-002
  3.000000000000000E-002
  3.000000000000000E-002
  3.000000000000000E-002
  3.000000000000000E-002
  3.000000000000000E-002
  3.000000000000000E-002
  3.000000000000000E-002
  3.000000000000000E-002
  3.000000000000000E-002
  3.000000000000000E-002
  3.000000000000000E-002
  3.000000000000000E-002
  3.000000000000000E-002
  3.000000000000000E-002
  3.000000000000000E-002
  3.000000000000000E-002
  3.000000000000000E-002
  3.000000000000000E-002
  3.000000000000000E-002
  3.000000000000000E-002
  3.000000000000000E-002
  3.000000000000000E-002
  3.000000000000000E-002
  3.000000000000000E-002
  3.000000000000000E-002
  3.000000000000000E-002
  3.000000000000000E-002
  3.000000000000000E-002
  3.000000000000000E-002
  3.000000000000000E-002
  3.000000000000000E-002
  3.000000000000000E-002
  3.000000000000000E-002
  3.000000000000000E-002
  3.000000000000000E-002
  3.000000000000000E-002
  3.000000000000000E-002
  3.000000000000000E-002
  3.000000000000000E-002
  3.000000000000000E-002
  3.000000000000000E-002
  3.000000000000000E-002
  3.000000000000000E-002
  3.000000000000000E-002
  3.000000000000000E-002
  3.000000000000000E-002
  3.000000000000000E-002
  3.000000000000000E-002
  3.000000000000000E-002
  3.000000000000000E-002
  3.000000000000000E-002
  3.000000000000000E-002
  3.000000000000000E-002
  3.000000000000000E-002
  3.000000000000000E-002
  3.000000000000000E-002
  3.000000000000000E-002
  3.000000000000000E-002
  3.000000000000000E-002
  3.000000000000000E-002
  3.000000000000000E-002
  3.000000000000000E-002
  3.000000000000000E-002
  3.000000000000000E-002
  3.000000000000000E-002
  3.000000000000000E-002
  3.000000000000000E-002
  3.000000000000000E-002
  3.000000000000000E-002
  3.000000000000000E-002
  3.000000000000000E-002
  3.000000000000000E-002
  3.000000000000000E-002
  3.000000000000000E-002
  3.000000000000000E-002
  3.000000000000000E-002
  3.000000000000000E-002
  3.000000000000000E-002
  3.000000000000000E-002
  3.000000000000000E-002
  3.000000000000000E-002
  3.000000000000000E-002
  3.000000000000000E-002
  3.000000000000000E-002
  3.000000000000000E-002
  3.000000000000000E-002
  3.000000000000000E-002
  3.000000000000000E-002
  3.000000000000000E-002
  3.000000000000000E-002
  3.000000000000000E-002
  3.000000000000000E-002
  3.000000000000000E-002
  3.000000000000000E-002
  3.000000000000000E-002
  3.000000000000000E-002
  3.000000000000000E-002
  3.000000000000000E-002
  3.000000000000000E-002
  3.000000000000000E-002
  3.000000000000000E-002
  3.000000000000000E-002
  3.000000000000000E-002
  3.000000000000000E-002
