           3
 2 1 2
   9   2   6
  0.000000000  0.000000000  0.000000000  0.250000000  0.250000000  0.500000000  0.500000000  0.750000000  0.750000000  1.000000000  1.000000000  1.000000000
  0.000000000  0.000000000  1.000000000  1.000000000
  0.334038055  0.334038055  0.334038055  0.334672304  0.335306554  0.335940803  0.336575053  0.336575053  0.336575053
 -0.175433298910E+02 -0.195016667180E+02  0.414695744120E+02  0.100000000000E+01
 -0.175433298910E+02 -0.195016667180E+02  0.414695744120E+02  0.707106449215E+00
 -0.175433298910E+02 -0.195016667180E+02  0.414695744120E+02  0.100000000000E+01
 -0.175433298910E+02 -0.195016667180E+02  0.414695744120E+02  0.707106740089E+00
 -0.175433298910E+02 -0.195016667180E+02  0.414695744120E+02  0.100000000000E+01
 -0.175433298910E+02 -0.195016667180E+02  0.414695744120E+02  0.707107282235E+00
 -0.175433298910E+02 -0.195016667180E+02  0.414695744120E+02  0.100000000000E+01
 -0.175433298910E+02 -0.195016667180E+02  0.414695744120E+02  0.707106707895E+00
 -0.175433298910E+02 -0.195016667180E+02  0.414695744120E+02  0.100000000000E+01
 -0.181838113730E+02 -0.198180496620E+02  0.417550901700E+02  0.100000000000E+01
 -0.180034103890E+02 -0.193990040430E+02  0.424077554470E+02  0.707106449215E+00
 -0.173990766340E+02 -0.190112574230E+02  0.423365946810E+02  0.100000000000E+01
 -0.167764777160E+02 -0.187752401480E+02  0.419001124090E+02  0.707106740089E+00
 -0.168964636160E+02 -0.191821309150E+02  0.411812120810E+02  0.100000000000E+01
 -0.167332131700E+02 -0.198465788160E+02  0.412796032580E+02  0.707107282235E+00
 -0.172286493440E+02 -0.201074776230E+02  0.415041739610E+02  0.100000000000E+01
 -0.177409553870E+02 -0.201121793430E+02  0.416754955760E+02  0.707106707895E+00
 -0.181838113730E+02 -0.198180496620E+02  0.417550901700E+02  0.100000000000E+01
 -0.174075475530E+02 -0.195886652660E+02  0.416481366880E+02  0.100000000000E+01
 -0.174075475530E+02 -0.195886652660E+02  0.416481366880E+02  0.707106385811E+00
 -0.174075475530E+02 -0.195886652660E+02  0.416481366880E+02  0.100000000000E+01
 -0.174075475530E+02 -0.195886652660E+02  0.416481366880E+02  0.707107084917E+00
 -0.174075475530E+02 -0.195886652660E+02  0.416481366880E+02  0.100000000000E+01
 -0.174075475530E+02 -0.195886652660E+02  0.416481366880E+02  0.707107271341E+00
 -0.174075475530E+02 -0.195886652660E+02  0.416481366880E+02  0.100000000000E+01
 -0.174075475530E+02 -0.195886652660E+02  0.416481366880E+02  0.707106290364E+00
 -0.174075475530E+02 -0.195886652660E+02  0.416481366880E+02  0.100000000000E+01
 -0.178832809640E+02 -0.197657303130E+02  0.419473214950E+02  0.100000000000E+01
 -0.178570014440E+02 -0.192906755580E+02  0.426163810560E+02  0.707106385811E+00
 -0.172251498430E+02 -0.190161606450E+02  0.422769877020E+02  0.100000000000E+01
 -0.167511634150E+02 -0.189436251870E+02  0.418258339660E+02  0.707107084917E+00
 -0.168857360370E+02 -0.193944501900E+02  0.413199734720E+02  0.100000000000E+01
 -0.167904074030E+02 -0.200195051290E+02  0.412742025490E+02  0.707107271341E+00
 -0.172670847600E+02 -0.200950492580E+02  0.415717942550E+02  0.100000000000E+01
 -0.176169638730E+02 -0.200398340860E+02  0.417878494520E+02  0.707106290364E+00
 -0.178832809640E+02 -0.197657303130E+02  0.419473214950E+02  0.100000000000E+01
 -0.172596622350E+02 -0.196825665930E+02  0.418130583510E+02  0.100000000000E+01
 -0.172596622350E+02 -0.196825665930E+02  0.418130583510E+02  0.707106400255E+00
 -0.172596622350E+02 -0.196825665930E+02  0.418130583510E+02  0.100000000000E+01
 -0.172596622350E+02 -0.196825665930E+02  0.418130583510E+02  0.707106977900E+00
 -0.172596622350E+02 -0.196825665930E+02  0.418130583510E+02  0.100000000000E+01
 -0.172596622350E+02 -0.196825665930E+02  0.418130583510E+02  0.707107053690E+00
 -0.172596622350E+02 -0.196825665930E+02  0.418130583510E+02  0.100000000000E+01
 -0.172596622350E+02 -0.196825665930E+02  0.418130583510E+02  0.707105860127E+00
 -0.172596622350E+02 -0.196825665930E+02  0.418130583510E+02  0.100000000000E+01
 -0.176543495930E+02 -0.197785562550E+02  0.421392298720E+02  0.100000000000E+01
 -0.176798940680E+02 -0.192211593240E+02  0.427437714490E+02  0.707106400255E+00
 -0.170625764040E+02 -0.190738576500E+02  0.422306810250E+02  0.100000000000E+01
 -0.167105393610E+02 -0.191212846060E+02  0.418020302550E+02  0.707106977900E+00
 -0.168849819670E+02 -0.195914408810E+02  0.415034176020E+02  0.100000000000E+01
 -0.168766732330E+02 -0.201070200290E+02  0.413500115730E+02  0.707107053690E+00
 -0.172573888670E+02 -0.201107358570E+02  0.416898006310E+02  0.100000000000E+01
 -0.175098881890E+02 -0.200409678240E+02  0.419356065150E+02  0.707105860127E+00
 -0.176543495930E+02 -0.197785562550E+02  0.421392298720E+02  0.100000000000E+01
 -0.171001669350E+02 -0.197830225570E+02  0.419625714310E+02  0.100000000000E+01
 -0.171001669350E+02 -0.197830225570E+02  0.419625714310E+02  0.707106353807E+00
 -0.171001669350E+02 -0.197830225570E+02  0.419625714310E+02  0.100000000000E+01
 -0.171001669350E+02 -0.197830225570E+02  0.419625714310E+02  0.707107690560E+00
 -0.171001669350E+02 -0.197830225570E+02  0.419625714310E+02  0.100000000000E+01
 -0.171001669350E+02 -0.197830225570E+02  0.419625714310E+02  0.707107542588E+00
 -0.171001669350E+02 -0.197830225570E+02  0.419625714310E+02  0.100000000000E+01
 -0.171001669350E+02 -0.197830225570E+02  0.419625714310E+02  0.707105537790E+00
 -0.171001669350E+02 -0.197830225570E+02  0.419625714310E+02  0.100000000000E+01
 -0.174861179700E+02 -0.198242384760E+02  0.423831812210E+02  0.100000000000E+01
 -0.174335668470E+02 -0.191721581980E+02  0.427997460950E+02  0.707106353807E+00
 -0.169096751480E+02 -0.191573171150E+02  0.421986787410E+02  0.100000000000E+01
 -0.166669977010E+02 -0.193021061900E+02  0.418090880610E+02  0.707107690560E+00
 -0.168179891680E+02 -0.197528876570E+02  0.416550529150E+02  0.100000000000E+01
 -0.169242410250E+02 -0.201655425680E+02  0.414767037000E+02  0.707107542588E+00
 -0.172256644500E+02 -0.201952446530E+02  0.418070188690E+02  0.100000000000E+01
 -0.174567776080E+02 -0.201311614450E+02  0.421239469930E+02  0.707105537790E+00
 -0.174861179700E+02 -0.198242384760E+02  0.423831812210E+02  0.100000000000E+01
 -0.169299693730E+02 -0.198894434770E+02  0.420952016630E+02  0.100000000000E+01
 -0.169299693730E+02 -0.198894434770E+02  0.420952016630E+02  0.707107256146E+00
 -0.169299693730E+02 -0.198894434770E+02  0.420952016630E+02  0.100000000000E+01
 -0.169299693730E+02 -0.198894434770E+02  0.420952016630E+02  0.707105438765E+00
 -0.169299693730E+02 -0.198894434770E+02  0.420952016630E+02  0.100000000000E+01
 -0.169299693730E+02 -0.198894434770E+02  0.420952016630E+02  0.707105918132E+00
 -0.169299693730E+02 -0.198894434770E+02  0.420952016630E+02  0.100000000000E+01
 -0.169299693730E+02 -0.198894434770E+02  0.420952016630E+02  0.707107945544E+00
 -0.169299693730E+02 -0.198894434770E+02  0.420952016630E+02  0.100000000000E+01
 -0.172985268610E+02 -0.198664608530E+02  0.426368793480E+02  0.100000000000E+01
 -0.170974018120E+02 -0.192083089330E+02  0.428393526070E+02  0.707107256146E+00
 -0.167045212910E+02 -0.192852778160E+02  0.422229637020E+02  0.100000000000E+01
 -0.165495752670E+02 -0.194817739070E+02  0.418564901990E+02  0.707105438765E+00
 -0.167048137260E+02 -0.199034852500E+02  0.417642868490E+02  0.100000000000E+01
 -0.169587432170E+02 -0.202541783180E+02  0.415128243980E+02  0.707105918132E+00
 -0.172421947190E+02 -0.202547809490E+02  0.418982663690E+02  0.100000000000E+01
 -0.174554525160E+02 -0.201818290730E+02  0.423133615250E+02  0.707107945544E+00
 -0.172985268610E+02 -0.198664608530E+02  0.426368793480E+02  0.100000000000E+01
 -0.167503350180E+02 -0.200010371190E+02  0.422099295270E+02  0.100000000000E+01
 -0.167503350180E+02 -0.200010371190E+02  0.422099295270E+02  0.707107082929E+00
 -0.167503350180E+02 -0.200010371190E+02  0.422099295270E+02  0.100000000000E+01
 -0.167503350180E+02 -0.200010371190E+02  0.422099295270E+02  0.707105830649E+00
 -0.167503350180E+02 -0.200010371190E+02  0.422099295270E+02  0.100000000000E+01
 -0.167503350180E+02 -0.200010371190E+02  0.422099295270E+02  0.707106536150E+00
 -0.167503350180E+02 -0.200010371190E+02  0.422099295270E+02  0.100000000000E+01
 -0.167503350180E+02 -0.200010371190E+02  0.422099295270E+02  0.707107547118E+00
 -0.167503350180E+02 -0.200010371190E+02  0.422099295270E+02  0.100000000000E+01
 -0.170228421790E+02 -0.200265615890E+02  0.427594475790E+02  0.100000000000E+01
 -0.168390131590E+02 -0.193928950340E+02  0.429214429650E+02  0.707107082929E+00
 -0.165445055130E+02 -0.193482250610E+02  0.423423238330E+02  0.100000000000E+01
 -0.164131371210E+02 -0.195197602070E+02  0.419185541870E+02  0.707105830649E+00
 -0.165720978640E+02 -0.199843431090E+02  0.418505087160E+02  0.100000000000E+01
 -0.169680484150E+02 -0.202247528630E+02  0.414657666490E+02  0.707106536150E+00
 -0.172594089360E+02 -0.202706615480E+02  0.419449564930E+02  0.100000000000E+01
 -0.174630247190E+02 -0.202688660870E+02  0.424769837000E+02  0.707107547118E+00
 -0.170228421790E+02 -0.200265615890E+02  0.427594475790E+02  0.100000000000E+01
           1
           2
           3
           4
           5
           6
           7
           8
           9
          10
          11
          12
          13
          14
          15
          16
          17
          18
          19
          20
          21
          22
          23
          24
          25
          26
          27
          28
          29
          30
          31
          32
          33
          34
          35
          36
          37
          38
          39
          40
          41
          42
          43
          44
          45
          46
          47
          48
          49
          50
          51
          52
          53
          54
          55
          56
          57
          58
          59
          60
          61
          62
          63
          64
          65
          66
          67
          68
          69
          70
          71
          72
          73
          74
          75
          76
          77
          78
          79
          80
          81
          82
          83
          84
          85
          86
          87
          88
          89
          90
          91
          92
          93
          94
          95
          96
          97
          98
          99
         100
         101
         102
         103
         104
         105
         106
         107
         108
 1 0 0
 0 0 0
 0 0 0
 0 0 0
 0 0 0
 0 0 0
 0 0 0
 0 0 0
 0 0 0
 0 0 0
 0 0 0
 0 0 0
 0 0 0
 0 0 0
 0 0 0
 0 0 0
 0 0 0
 0 0 0
 0 0 0
 0 0 0
 0 0 0
 0 0 0
 0 0 0
 0 0 0
 0 0 0
 0 0 0
 0 0 0
 0 0 0
 0 0 0
 0 0 0
 0 0 0
 0 0 0
 0 0 0
 0 0 0
 0 0 0
 0 0 0
 0 0 0
 0 0 0
 0 0 0
 0 0 0
 0 0 0
 0 0 0
 0 0 0
 0 0 0
 0 0 0
 0 0 0
 0 0 0
 0 0 0
 0 0 0
 0 0 0
 0 0 0
 0 0 0
 0 0 0
 0 0 0
 0 0 0
 0 0 0
 0 0 0
 0 0 0
 0 0 0
 0 0 0
 0 0 0
 0 0 0
 0 0 0
 0 0 0
 0 0 0
 0 0 0
 0 0 0
 0 0 0
 0 0 0
 0 0 0
 0 0 0
 0 0 0
 0 0 0
 0 0 0
 0 0 0
 0 0 0
 0 0 0
 0 0 0
 0 0 0
 0 0 0
 0 0 0
 0 0 0
 0 0 0
 0 0 0
 0 0 0
 0 0 0
 0 0 0
 0 0 0
 0 0 0
 0 0 0
 0 0 0
 0 0 0
 0 0 0
 0 0 0
 0 0 0
 0 0 0
 0 0 0
 0 0 0
 0 0 0
 0 0 0
 0 0 0
 0 0 0
 0 0 0
 0 0 0
 0 0 0
 0 0 0
 0 0 0
 0 0 0
 0 0 0
  0.000000000  0.000000000  0.000000000
  0.000000000  0.000000000  0.000000000
  0.000000000  0.000000000  0.000000000
  0.000000000  0.000000000  0.000000000
  0.000000000  0.000000000  0.000000000
  0.000000000  0.000000000  0.000000000
  0.000000000  0.000000000  0.000000000
  0.000000000  0.000000000  0.000000000
  0.000000000  0.000000000  0.000000000
  0.000000000  0.000000000  0.000000000
  0.000000000  0.000000000  0.000000000
  0.000000000  0.000000000  0.000000000
  0.000000000  0.000000000  0.000000000
  0.000000000  0.000000000  0.000000000
  0.000000000  0.000000000  0.000000000
  0.000000000  0.000000000  0.000000000
  0.000000000  0.000000000  0.000000000
  0.000000000  0.000000000  0.000000000
  0.000000000  0.000000000  0.000000000
  0.000000000  0.000000000  0.000000000
  0.000000000  0.000000000  0.000000000
  0.000000000  0.000000000  0.000000000
  0.000000000  0.000000000  0.000000000
  0.000000000  0.000000000  0.000000000
  0.000000000  0.000000000  0.000000000
  0.000000000  0.000000000  0.000000000
  0.000000000  0.000000000  0.000000000
  0.000000000  0.000000000  0.000000000
  0.000000000  0.000000000  0.000000000
  0.000000000  0.000000000  0.000000000
  0.000000000  0.000000000  0.000000000
  0.000000000  0.000000000  0.000000000
  0.000000000  0.000000000  0.000000000
  0.000000000  0.000000000  0.000000000
  0.000000000  0.000000000  0.000000000
  0.000000000  0.000000000  0.000000000
  0.000000000  0.000000000  0.000000000
  0.000000000  0.000000000  0.000000000
  0.000000000  0.000000000  0.000000000
  0.000000000  0.000000000  0.000000000
  0.000000000  0.000000000  0.000000000
  0.000000000  0.000000000  0.000000000
  0.000000000  0.000000000  0.000000000
  0.000000000  0.000000000  0.000000000
  0.000000000  0.000000000  0.000000000
  0.000000000  0.000000000  0.000000000
  0.000000000  0.000000000  0.000000000
  0.000000000  0.000000000  0.000000000
  0.000000000  0.000000000  0.000000000
  0.000000000  0.000000000  0.000000000
  0.000000000  0.000000000  0.000000000
  0.000000000  0.000000000  0.000000000
  0.000000000  0.000000000  0.000000000
  0.000000000  0.000000000  0.000000000
  0.000000000  0.000000000  0.000000000
  0.000000000  0.000000000  0.000000000
  0.000000000  0.000000000  0.000000000
  0.000000000  0.000000000  0.000000000
  0.000000000  0.000000000  0.000000000
  0.000000000  0.000000000  0.000000000
  0.000000000  0.000000000  0.000000000
  0.000000000  0.000000000  0.000000000
  0.000000000  0.000000000  0.000000000
  0.000000000  0.000000000  0.000000000
  0.000000000  0.000000000  0.000000000
  0.000000000  0.000000000  0.000000000
  0.000000000  0.000000000  0.000000000
  0.000000000  0.000000000  0.000000000
  0.000000000  0.000000000  0.000000000
  0.000000000  0.000000000  0.000000000
  0.000000000  0.000000000  0.000000000
  0.000000000  0.000000000  0.000000000
  0.000000000  0.000000000  0.000000000
  0.000000000  0.000000000  0.000000000
  0.000000000  0.000000000  0.000000000
  0.000000000  0.000000000  0.000000000
  0.000000000  0.000000000  0.000000000
  0.000000000  0.000000000  0.000000000
  0.000000000  0.000000000  0.000000000
  0.000000000  0.000000000  0.000000000
  0.000000000  0.000000000  0.000000000
  0.000000000  0.000000000  0.000000000
  0.000000000  0.000000000  0.000000000
  0.000000000  0.000000000  0.000000000
  0.000000000  0.000000000  0.000000000
  0.000000000  0.000000000  0.000000000
  0.000000000  0.000000000  0.000000000
  0.000000000  0.000000000  0.000000000
  0.000000000  0.000000000  0.000000000
  0.000000000  0.000000000  0.000000000
  0.000000000  0.000000000  0.000000000
  0.000000000  0.000000000  0.000000000
  0.000000000  0.000000000  0.000000000
  0.000000000  0.000000000  0.000000000
  0.000000000  0.000000000  0.000000000
  0.000000000  0.000000000  0.000000000
  0.000000000  0.000000000  0.000000000
  0.000000000  0.000000000  0.000000000
  0.000000000  0.000000000  0.000000000
  0.000000000  0.000000000  0.000000000
  0.000000000  0.000000000  0.000000000
  0.000000000  0.000000000  0.000000000
  0.000000000  0.000000000  0.000000000
  0.000000000  0.000000000  0.000000000
  0.000000000  0.000000000  0.000000000
  0.000000000  0.000000000  0.000000000
  0.000000000  0.000000000  0.000000000
  0.000000000  0.000000000  0.000000000
 0 0 0
 0 0 0
 0 0 0
 0 0 0
 0 0 0
 0 0 0
 0 0 0
 0 0 0
 0 0 0
 0 0 0
 0 0 0
 0 0 0
 0 0 0
 0 0 0
 0 0 0
 0 0 0
 0 0 0
 0 0 0
 0 0 0
 0 0 0
 0 0 0
 0 0 0
 0 0 0
 0 0 0
 0 0 0
 0 0 0
 0 0 0
 0 0 0
 0 0 0
 0 0 0
 0 0 0
 0 0 0
 0 0 0
 0 0 0
 0 0 0
 0 0 0
 0 0 0
 0 0 0
 0 0 0
 0 0 0
 0 0 0
 0 0 0
 0 0 0
 0 0 0
 0 0 0
 0 0 0
 0 0 0
 0 0 0
 0 0 0
 0 0 0
 0 0 0
 0 0 0
 0 0 0
 0 0 0
 0 0 0
 0 0 0
 0 0 0
 0 0 0
 0 0 0
 0 0 0
 0 0 0
 0 0 0
 0 0 0
 0 0 0
 0 0 0
 0 0 0
 0 0 0
 0 0 0
 0 0 0
 0 0 0
  0.000000000  0.000000000  0.000000000
  0.000000000  0.000000000  0.000000000
  0.000000000  0.000000000  0.000000000
  0.000000000  0.000000000  0.000000000
  0.000000000  0.000000000  0.000000000
  0.000000000  0.000000000  0.000000000
  0.000000000  0.000000000  0.000000000
  0.000000000  0.000000000  0.000000000
  0.000000000  0.000000000  0.000000000
  0.000000000  0.000000000  0.000000000
  0.000000000  0.000000000  0.000000000
  0.000000000  0.000000000  0.000000000
  0.000000000  0.000000000  0.000000000
  0.000000000  0.000000000  0.000000000
  0.000000000  0.000000000  0.000000000
  0.000000000  0.000000000  0.000000000
  0.000000000  0.000000000  0.000000000
  0.000000000  0.000000000  0.000000000
  0.000000000  0.000000000  0.000000000
  0.000000000  0.000000000  0.000000000
  0.000000000  0.000000000  0.000000000
  0.000000000  0.000000000  0.000000000
  0.000000000  0.000000000  0.000000000
  0.000000000  0.000000000  0.000000000
  0.000000000  0.000000000  0.000000000
  0.000000000  0.000000000  0.000000000
  0.000000000  0.000000000  0.000000000
  0.000000000  0.000000000  0.000000000
  0.000000000  0.000000000  0.000000000
  0.000000000  0.000000000  0.000000000
  0.000000000  0.000000000  0.000000000
  0.000000000  0.000000000  0.000000000
  0.000000000  0.000000000  0.000000000
  0.000000000  0.000000000  0.000000000
  0.000000000  0.000000000  0.000000000
  0.000000000  0.000000000  0.000000000
  0.000000000  0.000000000  0.000000000
  0.000000000  0.000000000  0.000000000
  0.000000000  0.000000000  0.000000000
  0.000000000  0.000000000  0.000000000
  0.000000000  0.000000000  0.000000000
  0.000000000  0.000000000  0.000000000
  0.000000000  0.000000000  0.000000000
  0.000000000  0.000000000  0.000000000
  0.000000000  0.000000000  0.000000000
  0.000000000  0.000000000  0.000000000
  0.000000000  0.000000000  0.000000000
  0.000000000  0.000000000  0.000000000
  0.000000000  0.000000000  0.000000000
  0.000000000  0.000000000  0.000000000
  0.000000000  0.000000000  0.000000000
  0.000000000  0.000000000  0.000000000
  0.000000000  0.000000000  0.000000000
  0.000000000  0.000000000  0.000000000
  0.000000000  0.000000000  0.000000000
  0.000000000  0.000000000  0.000000000
  0.000000000  0.000000000  0.000000000
  0.000000000  0.000000000  0.000000000
  0.000000000  0.000000000  0.000000000
  0.000000000  0.000000000  0.000000000
  0.000000000  0.000000000  0.000000000
  0.000000000  0.000000000  0.000000000
  0.000000000  0.000000000  0.000000000
  0.000000000  0.000000000  0.000000000
  0.000000000  0.000000000  0.000000000
  0.000000000  0.000000000  0.000000000
  0.000000000  0.000000000  0.000000000
  0.000000000  0.000000000  0.000000000
  0.000000000  0.000000000  0.000000000
  0.000000000  0.000000000  0.000000000
  0.000000000  0.000000000  0.000000000
  0.000000000  0.000000000  0.000000000
  0.000000000  0.000000000  0.000000000
  0.000000000  0.000000000  0.000000000
  0.000000000  0.000000000  0.000000000
  0.000000000  0.000000000  0.000000000
  0.000000000  0.000000000  0.000000000
  0.000000000  0.000000000  0.000000000
  0.000000000  0.000000000  0.000000000
  0.000000000  0.000000000  0.000000000
  0.000000000  0.000000000  0.000000000
  0.000000000  0.000000000  0.000000000
  0.000000000  0.000000000  0.000000000
  0.000000000  0.000000000  0.000000000
  0.000000000  0.000000000  0.000000000
  0.000000000  0.000000000  0.000000000
  0.000000000  0.000000000  0.000000000
  0.000000000  0.000000000  0.000000000
  0.000000000  0.000000000  0.000000000
  0.000000000  0.000000000  0.000000000
  0.000000000  0.000000000  0.000000000
  0.000000000  0.000000000  0.000000000
  0.000000000  0.000000000  0.000000000
  0.000000000  0.000000000  0.000000000
  0.000000000  0.000000000  0.000000000
  0.000000000  0.000000000  0.000000000
  0.000000000  0.000000000  0.000000000
  0.000000000  0.000000000  0.000000000
   1.06000000000000     
   1.06000000000000     
   1.06000000000000     
   1.06000000000000     
   1.06000000000000     
   1.06000000000000     
   1.06000000000000     
   1.06000000000000     
   1.06000000000000     
   1.06000000000000     
   1.06000000000000     
   1.06000000000000     
   1.06000000000000     
   1.06000000000000     
   1.06000000000000     
   1.06000000000000     
   1.06000000000000     
   1.06000000000000     
   1.06000000000000     
   1.06000000000000     
   1.06000000000000     
   1.06000000000000     
   1.06000000000000     
   1.06000000000000     
   1.06000000000000     
   1.06000000000000     
   1.06000000000000     
   1.06000000000000     
  3.000000000000000E-002
  3.000000000000000E-002
  3.000000000000000E-002
  3.000000000000000E-002
  3.000000000000000E-002
  3.000000000000000E-002
  3.000000000000000E-002
  3.000000000000000E-002
  3.000000000000000E-002
  3.000000000000000E-002
  3.000000000000000E-002
  3.000000000000000E-002
  3.000000000000000E-002
  3.000000000000000E-002
  3.000000000000000E-002
  3.000000000000000E-002
  3.000000000000000E-002
  3.000000000000000E-002
  3.000000000000000E-002
  3.000000000000000E-002
  3.000000000000000E-002
  3.000000000000000E-002
  3.000000000000000E-002
  3.000000000000000E-002
  3.000000000000000E-002
  3.000000000000000E-002
  3.000000000000000E-002
  3.000000000000000E-002
