           3
 2 1 2
   9   2  12
  0.000000000  0.000000000  0.000000000  0.250000000  0.250000000  0.500000000  0.500000000  0.750000000  0.750000000  1.000000000  1.000000000  1.000000000
  0.000000000  0.000000000  1.000000000  1.000000000
  0.495983087  0.495983087  0.495983087  0.496490486  0.496997886  0.497505285  0.498012685  0.498520085  0.499027484  0.499534884  0.500042283  0.500549683  0.501057082  0.501057082  0.501057082
 -0.120551554400E+01 -0.376983363430E+02  0.213889302120E+02  0.100000000000E+01
 -0.120551554400E+01 -0.376983363430E+02  0.213889302120E+02  0.707106544256E+00
 -0.120551554400E+01 -0.376983363430E+02  0.213889302120E+02  0.100000000000E+01
 -0.120551554400E+01 -0.376983363430E+02  0.213889302120E+02  0.707107311234E+00
 -0.120551554400E+01 -0.376983363430E+02  0.213889302120E+02  0.100000000000E+01
 -0.120551554400E+01 -0.376983363430E+02  0.213889302120E+02  0.707106545727E+00
 -0.120551554400E+01 -0.376983363430E+02  0.213889302120E+02  0.100000000000E+01
 -0.120551554400E+01 -0.376983363430E+02  0.213889302120E+02  0.707105341611E+00
 -0.120551554400E+01 -0.376983363430E+02  0.213889302120E+02  0.100000000000E+01
 -0.118303214000E+01 -0.373003211530E+02  0.212291152260E+02  0.100000000000E+01
 -0.733344596000E+00 -0.373722126570E+02  0.212061017280E+02  0.707106544256E+00
 -0.553572568000E+00 -0.377559549370E+02  0.213371516550E+02  0.100000000000E+01
 -0.641310665000E+00 -0.382682460850E+02  0.215495731580E+02  0.707107311234E+00
 -0.123599353900E+01 -0.382378811270E+02  0.216055705490E+02  0.100000000000E+01
 -0.139035764700E+01 -0.379945908930E+02  0.222020245240E+02  0.707106545727E+00
 -0.135112102000E+01 -0.374645029590E+02  0.219508088480E+02  0.100000000000E+01
 -0.128335509000E+01 -0.372153466630E+02  0.216290652430E+02  0.707105341611E+00
 -0.118303214000E+01 -0.373003211530E+02  0.212291152260E+02  0.100000000000E+01
 -0.961550233000E+00 -0.376506860870E+02  0.215320307210E+02  0.100000000000E+01
 -0.961550233000E+00 -0.376506860870E+02  0.215320307210E+02  0.707108025060E+00
 -0.961550233000E+00 -0.376506860870E+02  0.215320307210E+02  0.100000000000E+01
 -0.961550233000E+00 -0.376506860870E+02  0.215320307210E+02  0.707105401051E+00
 -0.961550233000E+00 -0.376506860870E+02  0.215320307210E+02  0.100000000000E+01
 -0.961550233000E+00 -0.376506860870E+02  0.215320307210E+02  0.707105687668E+00
 -0.961550233000E+00 -0.376506860870E+02  0.215320307210E+02  0.100000000000E+01
 -0.961550233000E+00 -0.376506860870E+02  0.215320307210E+02  0.707108081250E+00
 -0.961550233000E+00 -0.376506860870E+02  0.215320307210E+02  0.100000000000E+01
 -0.952308790000E+00 -0.373464657570E+02  0.214045480040E+02  0.100000000000E+01
 -0.636178667000E+00 -0.374288390260E+02  0.213554751910E+02  0.707108025060E+00
 -0.499197686000E+00 -0.377060249660E+02  0.214334843440E+02  0.100000000000E+01
 -0.527202434000E+00 -0.381145770690E+02  0.216087781430E+02  0.707105401051E+00
 -0.975456905000E+00 -0.381084772620E+02  0.217238671780E+02  0.100000000000E+01
 -0.111034184800E+01 -0.379028787110E+02  0.221952673030E+02  0.707105687668E+00
 -0.109443068400E+01 -0.374516096690E+02  0.219974620580E+02  0.100000000000E+01
 -0.104264845400E+01 -0.372345057640E+02  0.217279671880E+02  0.707108081250E+00
 -0.952308790000E+00 -0.373464657570E+02  0.214045480040E+02  0.100000000000E+01
 -0.714171509000E+00 -0.375958942930E+02  0.216664263000E+02  0.100000000000E+01
 -0.714171509000E+00 -0.375958942930E+02  0.216664263000E+02  0.707107515343E+00
 -0.714171509000E+00 -0.375958942930E+02  0.216664263000E+02  0.100000000000E+01
 -0.714171509000E+00 -0.375958942930E+02  0.216664263000E+02  0.707106294354E+00
 -0.714171509000E+00 -0.375958942930E+02  0.216664263000E+02  0.100000000000E+01
 -0.714171509000E+00 -0.375958942930E+02  0.216664263000E+02  0.707106005392E+00
 -0.714171509000E+00 -0.375958942930E+02  0.216664263000E+02  0.100000000000E+01
 -0.714171509000E+00 -0.375958942930E+02  0.216664263000E+02  0.707106839266E+00
 -0.714171509000E+00 -0.375958942930E+02  0.216664263000E+02  0.100000000000E+01
 -0.716075684000E+00 -0.373446156730E+02  0.215550288660E+02  0.100000000000E+01
 -0.454992540000E+00 -0.374107392190E+02  0.214717785090E+02  0.707107515343E+00
 -0.351082038000E+00 -0.376516383240E+02  0.215344762960E+02  0.100000000000E+01
 -0.369689091000E+00 -0.379785245040E+02  0.216884994450E+02  0.707106294354E+00
 -0.711248248000E+00 -0.379816588160E+02  0.218374433590E+02  0.100000000000E+01
 -0.835562249000E+00 -0.378165840480E+02  0.222504844890E+02  0.707106005392E+00
 -0.842347309000E+00 -0.374111235310E+02  0.220854035430E+02  0.100000000000E+01
 -0.811046920000E+00 -0.371501695480E+02  0.218382363590E+02  0.707106839266E+00
 -0.716075684000E+00 -0.373446156730E+02  0.215550288660E+02  0.100000000000E+01
 -0.463000327000E+00 -0.375316571490E+02  0.217890510150E+02  0.100000000000E+01
 -0.463000327000E+00 -0.375316571490E+02  0.217890510150E+02  0.707106142815E+00
 -0.463000327000E+00 -0.375316571490E+02  0.217890510150E+02  0.100000000000E+01
 -0.463000327000E+00 -0.375316571490E+02  0.217890510150E+02  0.707107730144E+00
 -0.463000327000E+00 -0.375316571490E+02  0.217890510150E+02  0.100000000000E+01
 -0.463000327000E+00 -0.375316571490E+02  0.217890510150E+02  0.707107269016E+00
 -0.463000327000E+00 -0.375316571490E+02  0.217890510150E+02  0.100000000000E+01
 -0.463000327000E+00 -0.375316571490E+02  0.217890510150E+02  0.707105549293E+00
 -0.463000327000E+00 -0.375316571490E+02  0.217890510150E+02  0.100000000000E+01
 -0.478207394000E+00 -0.372734382280E+02  0.216666315380E+02  0.100000000000E+01
 -0.239806304000E+00 -0.373566985580E+02  0.215566743490E+02  0.707106142815E+00
 -0.135492743000E+00 -0.375961008050E+02  0.216124385470E+02  0.100000000000E+01
 -0.147797867000E+00 -0.379006322250E+02  0.217761660540E+02  0.707107730144E+00
 -0.441835300000E+00 -0.378910457120E+02  0.219594331880E+02  0.100000000000E+01
 -0.553545987000E+00 -0.377155778370E+02  0.222968593960E+02  0.707107269016E+00
 -0.586354128000E+00 -0.373560858250E+02  0.221747096420E+02  0.100000000000E+01
 -0.588234152000E+00 -0.370465762270E+02  0.219601478990E+02  0.707105549293E+00
 -0.478207394000E+00 -0.372734382280E+02  0.216666315380E+02  0.100000000000E+01
 -0.208403920000E+00 -0.374560443390E+02  0.218972587180E+02  0.100000000000E+01
 -0.208403920000E+00 -0.374560443390E+02  0.218972587180E+02  0.707107404773E+00
 -0.208403920000E+00 -0.374560443390E+02  0.218972587180E+02  0.100000000000E+01
 -0.208403920000E+00 -0.374560443390E+02  0.218972587180E+02  0.707105706634E+00
 -0.208403920000E+00 -0.374560443390E+02  0.218972587180E+02  0.100000000000E+01
 -0.208403920000E+00 -0.374560443390E+02  0.218972587180E+02  0.707106327083E+00
 -0.208403920000E+00 -0.374560443390E+02  0.218972587180E+02  0.100000000000E+01
 -0.208403920000E+00 -0.374560443390E+02  0.218972587180E+02  0.707108119474E+00
 -0.208403920000E+00 -0.374560443390E+02  0.218972587180E+02  0.100000000000E+01
 -0.240520608000E+00 -0.371834298740E+02  0.217590789540E+02  0.100000000000E+01
 -0.260448150000E-01 -0.372907070200E+02  0.216308786420E+02  0.707107404773E+00
  0.665047250000E-01 -0.375274874090E+02  0.216924113620E+02  0.100000000000E+01
  0.119958566000E+00 -0.378809275610E+02  0.218608725110E+02  0.707105706634E+00
 -0.161842226000E+00 -0.378512689840E+02  0.220975871440E+02  0.100000000000E+01
 -0.274749428000E+00 -0.376424127400E+02  0.223842569340E+02  0.707106327083E+00
 -0.324302874000E+00 -0.372934732780E+02  0.222449293580E+02  0.100000000000E+01
 -0.352821769000E+00 -0.369792446660E+02  0.220478683850E+02  0.707108119474E+00
 -0.240520608000E+00 -0.371834298740E+02  0.217590789540E+02  0.100000000000E+01
  0.479640090000E-01 -0.373704065890E+02  0.219932116070E+02  0.100000000000E+01
  0.479640090000E-01 -0.373704065890E+02  0.219932116070E+02  0.707106253543E+00
  0.479640090000E-01 -0.373704065890E+02  0.219932116070E+02  0.100000000000E+01
  0.479640090000E-01 -0.373704065890E+02  0.219932116070E+02  0.707107373925E+00
  0.479640090000E-01 -0.373704065890E+02  0.219932116070E+02  0.100000000000E+01
  0.479640090000E-01 -0.373704065890E+02  0.219932116070E+02  0.707107149756E+00
  0.479640090000E-01 -0.373704065890E+02  0.219932116070E+02  0.100000000000E+01
  0.479640090000E-01 -0.373704065890E+02  0.219932116070E+02  0.707106246565E+00
  0.479640090000E-01 -0.373704065890E+02  0.219932116070E+02  0.100000000000E+01
  0.749447600000E-02 -0.371093236030E+02  0.218557785170E+02  0.100000000000E+01
  0.181572940000E+00 -0.372318172870E+02  0.217326057300E+02  0.707106253543E+00
  0.261795114000E+00 -0.374453056870E+02  0.217879598060E+02  0.100000000000E+01
  0.314491697000E+00 -0.377728513360E+02  0.219580492670E+02  0.707107373925E+00
  0.119795001000E+00 -0.378338145920E+02  0.222371474490E+02  0.100000000000E+01
 -0.172373820000E-01 -0.375627081270E+02  0.224990387120E+02  0.707107149756E+00
 -0.840350260000E-01 -0.372008611370E+02  0.223541695200E+02  0.100000000000E+01
 -0.111787012000E+00 -0.369113465360E+02  0.221288446980E+02  0.707106246565E+00
  0.749447600000E-02 -0.371093236030E+02  0.218557785170E+02  0.100000000000E+01
  0.303928394000E+00 -0.372815844690E+02  0.220873778820E+02  0.100000000000E+01
  0.303928394000E+00 -0.372815844690E+02  0.220873778820E+02  0.707106282812E+00
  0.303928394000E+00 -0.372815844690E+02  0.220873778820E+02  0.100000000000E+01
  0.303928394000E+00 -0.372815844690E+02  0.220873778820E+02  0.707108481943E+00
  0.303928394000E+00 -0.372815844690E+02  0.220873778820E+02  0.100000000000E+01
  0.303928394000E+00 -0.372815844690E+02  0.220873778820E+02  0.707106861444E+00
  0.303928394000E+00 -0.372815844690E+02  0.220873778820E+02  0.100000000000E+01
  0.303928394000E+00 -0.372815844690E+02  0.220873778820E+02  0.707105175835E+00
  0.303928394000E+00 -0.372815844690E+02  0.220873778820E+02  0.100000000000E+01
  0.266308002000E+00 -0.370295032680E+02  0.219554474480E+02  0.100000000000E+01
  0.404770474000E+00 -0.371605499290E+02  0.218449318030E+02  0.707106282812E+00
  0.463804860000E+00 -0.373550089450E+02  0.219014962690E+02  0.100000000000E+01
  0.518187389000E+00 -0.376341157430E+02  0.220283968080E+02  0.707108481943E+00
  0.360169517000E+00 -0.376584394660E+02  0.222846081720E+02  0.100000000000E+01
  0.201038448000E+00 -0.374917109850E+02  0.226606565670E+02  0.707106861444E+00
  0.125402613000E+00 -0.370899338630E+02  0.225044792660E+02  0.100000000000E+01
  0.113361997000E+00 -0.367890295240E+02  0.222335737340E+02  0.707105175835E+00
  0.266308002000E+00 -0.370295032680E+02  0.219554474480E+02  0.100000000000E+01
  0.558658052000E+00 -0.371930780240E+02  0.221851255040E+02  0.100000000000E+01
  0.558658052000E+00 -0.371930780240E+02  0.221851255040E+02  0.707107851434E+00
  0.558658052000E+00 -0.371930780240E+02  0.221851255040E+02  0.100000000000E+01
  0.558658052000E+00 -0.371930780240E+02  0.221851255040E+02  0.707105345912E+00
  0.558658052000E+00 -0.371930780240E+02  0.221851255040E+02  0.100000000000E+01
  0.558658052000E+00 -0.371930780240E+02  0.221851255040E+02  0.707106376083E+00
  0.558658052000E+00 -0.371930780240E+02  0.221851255040E+02  0.100000000000E+01
  0.558658052000E+00 -0.371930780240E+02  0.221851255040E+02  0.707107632341E+00
  0.558658052000E+00 -0.371930780240E+02  0.221851255040E+02  0.100000000000E+01
  0.522426193000E+00 -0.369452882530E+02  0.220558423050E+02  0.100000000000E+01
  0.634778153000E+00 -0.370819164520E+02  0.219507309850E+02  0.707107851434E+00
  0.691191460000E+00 -0.372725373430E+02  0.219956859870E+02  0.100000000000E+01
  0.728723052000E+00 -0.375107576480E+02  0.221148230240E+02  0.707105345912E+00
  0.605409916000E+00 -0.375128119490E+02  0.223519459500E+02  0.100000000000E+01
  0.432799387000E+00 -0.373936808730E+02  0.227405416290E+02  0.707106376083E+00
  0.356354038000E+00 -0.370076493880E+02  0.225972195290E+02  0.100000000000E+01
  0.337804613000E+00 -0.366666262610E+02  0.223283368550E+02  0.707107632341E+00
  0.522426193000E+00 -0.369452882530E+02  0.220558423050E+02  0.100000000000E+01
  0.812434674000E+00 -0.371037358380E+02  0.222845792230E+02  0.100000000000E+01
  0.812434674000E+00 -0.371037358380E+02  0.222845792230E+02  0.707107462193E+00
  0.812434674000E+00 -0.371037358380E+02  0.222845792230E+02  0.100000000000E+01
  0.812434674000E+00 -0.371037358380E+02  0.222845792230E+02  0.707108569071E+00
  0.812434674000E+00 -0.371037358380E+02  0.222845792230E+02  0.100000000000E+01
  0.812434674000E+00 -0.371037358380E+02  0.222845792230E+02  0.707106043809E+00
  0.812434674000E+00 -0.371037358380E+02  0.222845792230E+02  0.100000000000E+01
  0.812434674000E+00 -0.371037358380E+02  0.222845792230E+02  0.707105049674E+00
  0.812434674000E+00 -0.371037358380E+02  0.222845792230E+02  0.100000000000E+01
  0.774273259000E+00 -0.368478478450E+02  0.221506605780E+02  0.100000000000E+01
  0.881002387000E+00 -0.369823246600E+02  0.220009098370E+02  0.707107462193E+00
  0.922763969000E+00 -0.371921746160E+02  0.220841524560E+02  0.100000000000E+01
  0.970462784000E+00 -0.374399707530E+02  0.221865472380E+02  0.707108569071E+00
  0.855687303000E+00 -0.373937646890E+02  0.224363624410E+02  0.100000000000E+01
  0.688351079000E+00 -0.372999964030E+02  0.227767613300E+02  0.707106043809E+00
  0.609306074000E+00 -0.369409129440E+02  0.226535849180E+02  0.100000000000E+01
  0.597551600000E+00 -0.366465235080E+02  0.224178697050E+02  0.707105049674E+00
  0.774273259000E+00 -0.368478478450E+02  0.221506605780E+02  0.100000000000E+01
  0.106557544500E+01 -0.370129522630E+02  0.223843477180E+02  0.100000000000E+01
  0.106557544500E+01 -0.370129522630E+02  0.223843477180E+02  0.707107416616E+00
  0.106557544500E+01 -0.370129522630E+02  0.223843477180E+02  0.100000000000E+01
  0.106557544500E+01 -0.370129522630E+02  0.223843477180E+02  0.707104739982E+00
  0.106557544500E+01 -0.370129522630E+02  0.223843477180E+02  0.100000000000E+01
  0.106557544500E+01 -0.370129522630E+02  0.223843477180E+02  0.707106557016E+00
  0.106557544500E+01 -0.370129522630E+02  0.223843477180E+02  0.100000000000E+01
  0.106557544500E+01 -0.370129522630E+02  0.223843477180E+02  0.707108411131E+00
  0.106557544500E+01 -0.370129522630E+02  0.223843477180E+02  0.100000000000E+01
  0.102335817800E+01 -0.367400433760E+02  0.222406852410E+02  0.100000000000E+01
  0.114043311300E+01 -0.368829669300E+02  0.220748791040E+02  0.707107416616E+00
  0.119084855300E+01 -0.371126980080E+02  0.221580510240E+02  0.100000000000E+01
  0.123307116600E+01 -0.373625091770E+02  0.222804732530E+02  0.707104739982E+00
  0.110791392700E+01 -0.372866416570E+02  0.225284228470E+02  0.100000000000E+01
  0.953804391000E+00 -0.371724064770E+02  0.228145974440E+02  0.707106557016E+00
  0.881870769000E+00 -0.368666784710E+02  0.227161973750E+02  0.100000000000E+01
  0.864067867000E+00 -0.365880664150E+02  0.225053228150E+02  0.707108411131E+00
  0.102335817800E+01 -0.367400433760E+02  0.222406852410E+02  0.100000000000E+01
  0.131830925400E+01 -0.369205874790E+02  0.224836956680E+02  0.100000000000E+01
  0.131830925400E+01 -0.369205874790E+02  0.224836956680E+02  0.707107453442E+00
  0.131830925400E+01 -0.369205874790E+02  0.224836956680E+02  0.100000000000E+01
  0.131830925400E+01 -0.369205874790E+02  0.224836956680E+02  0.707104194724E+00
  0.131830925400E+01 -0.369205874790E+02  0.224836956680E+02  0.100000000000E+01
  0.131830925400E+01 -0.369205874790E+02  0.224836956680E+02  0.707106438748E+00
  0.131830925400E+01 -0.369205874790E+02  0.224836956680E+02  0.100000000000E+01
  0.131830925400E+01 -0.369205874790E+02  0.224836956680E+02  0.707109037831E+00
  0.131830925400E+01 -0.369205874790E+02  0.224836956680E+02  0.100000000000E+01
  0.127210345300E+01 -0.366336570560E+02  0.223316440690E+02  0.100000000000E+01
  0.141124808400E+01 -0.367804438610E+02  0.221147433480E+02  0.707107453442E+00
  0.146279272100E+01 -0.370354122260E+02  0.222231072430E+02  0.100000000000E+01
  0.148726917000E+01 -0.372758397790E+02  0.223868495120E+02  0.707104194724E+00
  0.136260054600E+01 -0.371956249420E+02  0.226294473490E+02  0.100000000000E+01
  0.121950519800E+01 -0.370692881430E+02  0.228756662070E+02  0.707106438748E+00
  0.115393408300E+01 -0.367899503580E+02  0.227801614110E+02  0.100000000000E+01
  0.111058372000E+01 -0.364961277670E+02  0.226143387380E+02  0.707109037831E+00
  0.127210345300E+01 -0.366336570560E+02  0.223316440690E+02  0.100000000000E+01
  0.157078257000E+01 -0.368267138560E+02  0.225822888960E+02  0.100000000000E+01
  0.157078257000E+01 -0.368267138560E+02  0.225822888960E+02  0.707107088815E+00
  0.157078257000E+01 -0.368267138560E+02  0.225822888960E+02  0.100000000000E+01
  0.157078257000E+01 -0.368267138560E+02  0.225822888960E+02  0.707106490394E+00
  0.157078257000E+01 -0.368267138560E+02  0.225822888960E+02  0.100000000000E+01
  0.157078257000E+01 -0.368267138560E+02  0.225822888960E+02  0.707106428951E+00
  0.157078257000E+01 -0.368267138560E+02  0.225822888960E+02  0.100000000000E+01
  0.157078257000E+01 -0.368267138560E+02  0.225822888960E+02  0.707107116586E+00
  0.157078257000E+01 -0.368267138560E+02  0.225822888960E+02  0.100000000000E+01
  0.152550630800E+01 -0.365560765800E+02  0.224379312410E+02  0.100000000000E+01
  0.167327617000E+01 -0.366746393000E+02  0.221722546580E+02  0.707107088815E+00
  0.172253182000E+01 -0.369474027150E+02  0.223084299630E+02  0.100000000000E+01
  0.174684606700E+01 -0.371943555800E+02  0.224838603950E+02  0.707106490394E+00
  0.161314316100E+01 -0.370799225640E+02  0.227173501760E+02  0.100000000000E+01
  0.149410723400E+01 -0.369474528350E+02  0.228957529190E+02  0.707106428951E+00
  0.143920254700E+01 -0.367220655240E+02  0.228197484580E+02  0.100000000000E+01
  0.139128813800E+01 -0.364565857650E+02  0.226871427660E+02  0.707107116586E+00
  0.152550630800E+01 -0.365560765800E+02  0.224379312410E+02  0.100000000000E+01
           1
           2
           3
           4
           5
           6
           7
           8
           9
          10
          11
          12
          13
          14
          15
          16
          17
          18
          19
          20
          21
          22
          23
          24
          25
          26
          27
          28
          29
          30
          31
          32
          33
          34
          35
          36
          37
          38
          39
          40
          41
          42
          43
          44
          45
          46
          47
          48
          49
          50
          51
          52
          53
          54
          55
          56
          57
          58
          59
          60
          61
          62
          63
          64
          65
          66
          67
          68
          69
          70
          71
          72
          73
          74
          75
          76
          77
          78
          79
          80
          81
          82
          83
          84
          85
          86
          87
          88
          89
          90
          91
          92
          93
          94
          95
          96
          97
          98
          99
         100
         101
         102
         103
         104
         105
         106
         107
         108
         109
         110
         111
         112
         113
         114
         115
         116
         117
         118
         119
         120
         121
         122
         123
         124
         125
         126
         127
         128
         129
         130
         131
         132
         133
         134
         135
         136
         137
         138
         139
         140
         141
         142
         143
         144
         145
         146
         147
         148
         149
         150
         151
         152
         153
         154
         155
         156
         157
         158
         159
         160
         161
         162
         163
         164
         165
         166
         167
         168
         169
         170
         171
         172
         173
         174
         175
         176
         177
         178
         179
         180
         181
         182
         183
         184
         185
         186
         187
         188
         189
         190
         191
         192
         193
         194
         195
         196
         197
         198
         199
         200
         201
         202
         203
         204
         205
         206
         207
         208
         209
         210
         211
         212
         213
         214
         215
         216
 1 0 0
 0 0 0
 0 0 0
 0 0 0
 0 0 0
 0 0 0
 0 0 0
 0 0 0
 0 0 0
 0 0 0
 0 0 0
 0 0 0
 0 0 0
 0 0 0
 0 0 0
 0 0 0
 0 0 0
 0 0 0
 0 0 0
 0 0 0
 0 0 0
 0 0 0
 0 0 0
 0 0 0
 0 0 0
 0 0 0
 0 0 0
 0 0 0
 0 0 0
 0 0 0
 0 0 0
 0 0 0
 0 0 0
 0 0 0
 0 0 0
 0 0 0
 0 0 0
 0 0 0
 0 0 0
 0 0 0
 0 0 0
 0 0 0
 0 0 0
 0 0 0
 0 0 0
 0 0 0
 0 0 0
 0 0 0
 0 0 0
 0 0 0
 0 0 0
 0 0 0
 0 0 0
 0 0 0
 0 0 0
 0 0 0
 0 0 0
 0 0 0
 0 0 0
 0 0 0
 0 0 0
 0 0 0
 0 0 0
 0 0 0
 0 0 0
 0 0 0
 0 0 0
 0 0 0
 0 0 0
 0 0 0
 0 0 0
 0 0 0
 0 0 0
 0 0 0
 0 0 0
 0 0 0
 0 0 0
 0 0 0
 0 0 0
 0 0 0
 0 0 0
 0 0 0
 0 0 0
 0 0 0
 0 0 0
 0 0 0
 0 0 0
 0 0 0
 0 0 0
 0 0 0
 0 0 0
 0 0 0
 0 0 0
 0 0 0
 0 0 0
 0 0 0
 0 0 0
 0 0 0
 0 0 0
 0 0 0
 0 0 0
 0 0 0
 0 0 0
 0 0 0
 0 0 0
 0 0 0
 0 0 0
 0 0 0
 0 0 0
 0 0 0
 0 0 0
 0 0 0
 0 0 0
 0 0 0
 0 0 0
 0 0 0
 0 0 0
 0 0 0
 0 0 0
 0 0 0
 0 0 0
 0 0 0
 0 0 0
 0 0 0
 0 0 0
 0 0 0
 0 0 0
 0 0 0
 0 0 0
 0 0 0
 0 0 0
 0 0 0
 0 0 0
 0 0 0
 0 0 0
 0 0 0
 0 0 0
 0 0 0
 0 0 0
 0 0 0
 0 0 0
 0 0 0
 0 0 0
 0 0 0
 0 0 0
 0 0 0
 0 0 0
 0 0 0
 0 0 0
 0 0 0
 0 0 0
 0 0 0
 0 0 0
 0 0 0
 0 0 0
 0 0 0
 0 0 0
 0 0 0
 0 0 0
 0 0 0
 0 0 0
 0 0 0
 0 0 0
 0 0 0
 0 0 0
 0 0 0
 0 0 0
 0 0 0
 0 0 0
 0 0 0
 0 0 0
 0 0 0
 0 0 0
 0 0 0
 0 0 0
 0 0 0
 0 0 0
 0 0 0
 0 0 0
 0 0 0
 0 0 0
 0 0 0
 0 0 0
 0 0 0
 0 0 0
 0 0 0
 0 0 0
 0 0 0
 0 0 0
 0 0 0
 0 0 0
 0 0 0
 0 0 0
 0 0 0
 0 0 0
 0 0 0
 0 0 0
 0 0 0
 0 0 0
 0 0 0
 0 0 0
 0 0 0
 0 0 0
 0 0 0
 0 0 0
 0 0 0
 0 0 0
 0 0 0
 0 0 0
 0 0 0
 0 0 0
 0 0 0
 0 0 0
 0 0 0
 0 0 0
 0 0 0
 0 0 0
  0.000000000  0.000000000  0.000000000
  0.000000000  0.000000000  0.000000000
  0.000000000  0.000000000  0.000000000
  0.000000000  0.000000000  0.000000000
  0.000000000  0.000000000  0.000000000
  0.000000000  0.000000000  0.000000000
  0.000000000  0.000000000  0.000000000
  0.000000000  0.000000000  0.000000000
  0.000000000  0.000000000  0.000000000
  0.000000000  0.000000000  0.000000000
  0.000000000  0.000000000  0.000000000
  0.000000000  0.000000000  0.000000000
  0.000000000  0.000000000  0.000000000
  0.000000000  0.000000000  0.000000000
  0.000000000  0.000000000  0.000000000
  0.000000000  0.000000000  0.000000000
  0.000000000  0.000000000  0.000000000
  0.000000000  0.000000000  0.000000000
  0.000000000  0.000000000  0.000000000
  0.000000000  0.000000000  0.000000000
  0.000000000  0.000000000  0.000000000
  0.000000000  0.000000000  0.000000000
  0.000000000  0.000000000  0.000000000
  0.000000000  0.000000000  0.000000000
  0.000000000  0.000000000  0.000000000
  0.000000000  0.000000000  0.000000000
  0.000000000  0.000000000  0.000000000
  0.000000000  0.000000000  0.000000000
  0.000000000  0.000000000  0.000000000
  0.000000000  0.000000000  0.000000000
  0.000000000  0.000000000  0.000000000
  0.000000000  0.000000000  0.000000000
  0.000000000  0.000000000  0.000000000
  0.000000000  0.000000000  0.000000000
  0.000000000  0.000000000  0.000000000
  0.000000000  0.000000000  0.000000000
  0.000000000  0.000000000  0.000000000
  0.000000000  0.000000000  0.000000000
  0.000000000  0.000000000  0.000000000
  0.000000000  0.000000000  0.000000000
  0.000000000  0.000000000  0.000000000
  0.000000000  0.000000000  0.000000000
  0.000000000  0.000000000  0.000000000
  0.000000000  0.000000000  0.000000000
  0.000000000  0.000000000  0.000000000
  0.000000000  0.000000000  0.000000000
  0.000000000  0.000000000  0.000000000
  0.000000000  0.000000000  0.000000000
  0.000000000  0.000000000  0.000000000
  0.000000000  0.000000000  0.000000000
  0.000000000  0.000000000  0.000000000
  0.000000000  0.000000000  0.000000000
  0.000000000  0.000000000  0.000000000
  0.000000000  0.000000000  0.000000000
  0.000000000  0.000000000  0.000000000
  0.000000000  0.000000000  0.000000000
  0.000000000  0.000000000  0.000000000
  0.000000000  0.000000000  0.000000000
  0.000000000  0.000000000  0.000000000
  0.000000000  0.000000000  0.000000000
  0.000000000  0.000000000  0.000000000
  0.000000000  0.000000000  0.000000000
  0.000000000  0.000000000  0.000000000
  0.000000000  0.000000000  0.000000000
  0.000000000  0.000000000  0.000000000
  0.000000000  0.000000000  0.000000000
  0.000000000  0.000000000  0.000000000
  0.000000000  0.000000000  0.000000000
  0.000000000  0.000000000  0.000000000
  0.000000000  0.000000000  0.000000000
  0.000000000  0.000000000  0.000000000
  0.000000000  0.000000000  0.000000000
  0.000000000  0.000000000  0.000000000
  0.000000000  0.000000000  0.000000000
  0.000000000  0.000000000  0.000000000
  0.000000000  0.000000000  0.000000000
  0.000000000  0.000000000  0.000000000
  0.000000000  0.000000000  0.000000000
  0.000000000  0.000000000  0.000000000
  0.000000000  0.000000000  0.000000000
  0.000000000  0.000000000  0.000000000
  0.000000000  0.000000000  0.000000000
  0.000000000  0.000000000  0.000000000
  0.000000000  0.000000000  0.000000000
  0.000000000  0.000000000  0.000000000
  0.000000000  0.000000000  0.000000000
  0.000000000  0.000000000  0.000000000
  0.000000000  0.000000000  0.000000000
  0.000000000  0.000000000  0.000000000
  0.000000000  0.000000000  0.000000000
  0.000000000  0.000000000  0.000000000
  0.000000000  0.000000000  0.000000000
  0.000000000  0.000000000  0.000000000
  0.000000000  0.000000000  0.000000000
  0.000000000  0.000000000  0.000000000
  0.000000000  0.000000000  0.000000000
  0.000000000  0.000000000  0.000000000
  0.000000000  0.000000000  0.000000000
  0.000000000  0.000000000  0.000000000
  0.000000000  0.000000000  0.000000000
  0.000000000  0.000000000  0.000000000
  0.000000000  0.000000000  0.000000000
  0.000000000  0.000000000  0.000000000
  0.000000000  0.000000000  0.000000000
  0.000000000  0.000000000  0.000000000
  0.000000000  0.000000000  0.000000000
  0.000000000  0.000000000  0.000000000
  0.000000000  0.000000000  0.000000000
  0.000000000  0.000000000  0.000000000
  0.000000000  0.000000000  0.000000000
  0.000000000  0.000000000  0.000000000
  0.000000000  0.000000000  0.000000000
  0.000000000  0.000000000  0.000000000
  0.000000000  0.000000000  0.000000000
  0.000000000  0.000000000  0.000000000
  0.000000000  0.000000000  0.000000000
  0.000000000  0.000000000  0.000000000
  0.000000000  0.000000000  0.000000000
  0.000000000  0.000000000  0.000000000
  0.000000000  0.000000000  0.000000000
  0.000000000  0.000000000  0.000000000
  0.000000000  0.000000000  0.000000000
  0.000000000  0.000000000  0.000000000
  0.000000000  0.000000000  0.000000000
  0.000000000  0.000000000  0.000000000
  0.000000000  0.000000000  0.000000000
  0.000000000  0.000000000  0.000000000
  0.000000000  0.000000000  0.000000000
  0.000000000  0.000000000  0.000000000
  0.000000000  0.000000000  0.000000000
  0.000000000  0.000000000  0.000000000
  0.000000000  0.000000000  0.000000000
  0.000000000  0.000000000  0.000000000
  0.000000000  0.000000000  0.000000000
  0.000000000  0.000000000  0.000000000
  0.000000000  0.000000000  0.000000000
  0.000000000  0.000000000  0.000000000
  0.000000000  0.000000000  0.000000000
  0.000000000  0.000000000  0.000000000
  0.000000000  0.000000000  0.000000000
  0.000000000  0.000000000  0.000000000
  0.000000000  0.000000000  0.000000000
  0.000000000  0.000000000  0.000000000
  0.000000000  0.000000000  0.000000000
  0.000000000  0.000000000  0.000000000
  0.000000000  0.000000000  0.000000000
  0.000000000  0.000000000  0.000000000
  0.000000000  0.000000000  0.000000000
  0.000000000  0.000000000  0.000000000
  0.000000000  0.000000000  0.000000000
  0.000000000  0.000000000  0.000000000
  0.000000000  0.000000000  0.000000000
  0.000000000  0.000000000  0.000000000
  0.000000000  0.000000000  0.000000000
  0.000000000  0.000000000  0.000000000
  0.000000000  0.000000000  0.000000000
  0.000000000  0.000000000  0.000000000
  0.000000000  0.000000000  0.000000000
  0.000000000  0.000000000  0.000000000
  0.000000000  0.000000000  0.000000000
  0.000000000  0.000000000  0.000000000
  0.000000000  0.000000000  0.000000000
  0.000000000  0.000000000  0.000000000
  0.000000000  0.000000000  0.000000000
  0.000000000  0.000000000  0.000000000
  0.000000000  0.000000000  0.000000000
  0.000000000  0.000000000  0.000000000
  0.000000000  0.000000000  0.000000000
  0.000000000  0.000000000  0.000000000
  0.000000000  0.000000000  0.000000000
  0.000000000  0.000000000  0.000000000
  0.000000000  0.000000000  0.000000000
  0.000000000  0.000000000  0.000000000
  0.000000000  0.000000000  0.000000000
  0.000000000  0.000000000  0.000000000
  0.000000000  0.000000000  0.000000000
  0.000000000  0.000000000  0.000000000
  0.000000000  0.000000000  0.000000000
  0.000000000  0.000000000  0.000000000
  0.000000000  0.000000000  0.000000000
  0.000000000  0.000000000  0.000000000
  0.000000000  0.000000000  0.000000000
  0.000000000  0.000000000  0.000000000
  0.000000000  0.000000000  0.000000000
  0.000000000  0.000000000  0.000000000
  0.000000000  0.000000000  0.000000000
  0.000000000  0.000000000  0.000000000
  0.000000000  0.000000000  0.000000000
  0.000000000  0.000000000  0.000000000
  0.000000000  0.000000000  0.000000000
  0.000000000  0.000000000  0.000000000
  0.000000000  0.000000000  0.000000000
  0.000000000  0.000000000  0.000000000
  0.000000000  0.000000000  0.000000000
  0.000000000  0.000000000  0.000000000
  0.000000000  0.000000000  0.000000000
  0.000000000  0.000000000  0.000000000
  0.000000000  0.000000000  0.000000000
  0.000000000  0.000000000  0.000000000
  0.000000000  0.000000000  0.000000000
  0.000000000  0.000000000  0.000000000
  0.000000000  0.000000000  0.000000000
  0.000000000  0.000000000  0.000000000
  0.000000000  0.000000000  0.000000000
  0.000000000  0.000000000  0.000000000
  0.000000000  0.000000000  0.000000000
  0.000000000  0.000000000  0.000000000
  0.000000000  0.000000000  0.000000000
  0.000000000  0.000000000  0.000000000
  0.000000000  0.000000000  0.000000000
  0.000000000  0.000000000  0.000000000
  0.000000000  0.000000000  0.000000000
  0.000000000  0.000000000  0.000000000
  0.000000000  0.000000000  0.000000000
  0.000000000  0.000000000  0.000000000
  0.000000000  0.000000000  0.000000000
 0 0 0
 0 0 0
 0 0 0
 0 0 0
 0 0 0
 0 0 0
 0 0 0
 0 0 0
 0 0 0
 0 0 0
 0 0 0
 0 0 0
 0 0 0
 0 0 0
 0 0 0
 0 0 0
 0 0 0
 0 0 0
 0 0 0
 0 0 0
 0 0 0
 0 0 0
 0 0 0
 0 0 0
 0 0 0
 0 0 0
 0 0 0
 0 0 0
 0 0 0
 0 0 0
 0 0 0
 0 0 0
 0 0 0
 0 0 0
 0 0 0
 0 0 0
 0 0 0
 0 0 0
 0 0 0
 0 0 0
 0 0 0
 0 0 0
 0 0 0
 0 0 0
 0 0 0
 0 0 0
 0 0 0
 0 0 0
 0 0 0
 0 0 0
 0 0 0
 0 0 0
 0 0 0
 0 0 0
 0 0 0
 0 0 0
 0 0 0
 0 0 0
 0 0 0
 0 0 0
 0 0 0
 0 0 0
 0 0 0
 0 0 0
 0 0 0
 0 0 0
 0 0 0
 0 0 0
 0 0 0
 0 0 0
 0 0 0
 0 0 0
 0 0 0
 0 0 0
 0 0 0
 0 0 0
 0 0 0
 0 0 0
 0 0 0
 0 0 0
 0 0 0
 0 0 0
 0 0 0
 0 0 0
 0 0 0
 0 0 0
 0 0 0
 0 0 0
 0 0 0
 0 0 0
 0 0 0
 0 0 0
 0 0 0
 0 0 0
 0 0 0
 0 0 0
 0 0 0
 0 0 0
 0 0 0
 0 0 0
 0 0 0
 0 0 0
 0 0 0
 0 0 0
 0 0 0
 0 0 0
 0 0 0
 0 0 0
 0 0 0
 0 0 0
 0 0 0
 0 0 0
 0 0 0
 0 0 0
 0 0 0
 0 0 0
 0 0 0
 0 0 0
 0 0 0
 0 0 0
 0 0 0
 0 0 0
 0 0 0
 0 0 0
 0 0 0
 0 0 0
 0 0 0
 0 0 0
 0 0 0
 0 0 0
 0 0 0
 0 0 0
 0 0 0
 0 0 0
 0 0 0
 0 0 0
 0 0 0
 0 0 0
 0 0 0
 0 0 0
 0 0 0
 0 0 0
 0 0 0
 0 0 0
 0 0 0
 0 0 0
 0 0 0
 0 0 0
 0 0 0
 0 0 0
 0 0 0
 0 0 0
 0 0 0
 0 0 0
  0.000000000  0.000000000  0.000000000
  0.000000000  0.000000000  0.000000000
  0.000000000  0.000000000  0.000000000
  0.000000000  0.000000000  0.000000000
  0.000000000  0.000000000  0.000000000
  0.000000000  0.000000000  0.000000000
  0.000000000  0.000000000  0.000000000
  0.000000000  0.000000000  0.000000000
  0.000000000  0.000000000  0.000000000
  0.000000000  0.000000000  0.000000000
  0.000000000  0.000000000  0.000000000
  0.000000000  0.000000000  0.000000000
  0.000000000  0.000000000  0.000000000
  0.000000000  0.000000000  0.000000000
  0.000000000  0.000000000  0.000000000
  0.000000000  0.000000000  0.000000000
  0.000000000  0.000000000  0.000000000
  0.000000000  0.000000000  0.000000000
  0.000000000  0.000000000  0.000000000
  0.000000000  0.000000000  0.000000000
  0.000000000  0.000000000  0.000000000
  0.000000000  0.000000000  0.000000000
  0.000000000  0.000000000  0.000000000
  0.000000000  0.000000000  0.000000000
  0.000000000  0.000000000  0.000000000
  0.000000000  0.000000000  0.000000000
  0.000000000  0.000000000  0.000000000
  0.000000000  0.000000000  0.000000000
  0.000000000  0.000000000  0.000000000
  0.000000000  0.000000000  0.000000000
  0.000000000  0.000000000  0.000000000
  0.000000000  0.000000000  0.000000000
  0.000000000  0.000000000  0.000000000
  0.000000000  0.000000000  0.000000000
  0.000000000  0.000000000  0.000000000
  0.000000000  0.000000000  0.000000000
  0.000000000  0.000000000  0.000000000
  0.000000000  0.000000000  0.000000000
  0.000000000  0.000000000  0.000000000
  0.000000000  0.000000000  0.000000000
  0.000000000  0.000000000  0.000000000
  0.000000000  0.000000000  0.000000000
  0.000000000  0.000000000  0.000000000
  0.000000000  0.000000000  0.000000000
  0.000000000  0.000000000  0.000000000
  0.000000000  0.000000000  0.000000000
  0.000000000  0.000000000  0.000000000
  0.000000000  0.000000000  0.000000000
  0.000000000  0.000000000  0.000000000
  0.000000000  0.000000000  0.000000000
  0.000000000  0.000000000  0.000000000
  0.000000000  0.000000000  0.000000000
  0.000000000  0.000000000  0.000000000
  0.000000000  0.000000000  0.000000000
  0.000000000  0.000000000  0.000000000
  0.000000000  0.000000000  0.000000000
  0.000000000  0.000000000  0.000000000
  0.000000000  0.000000000  0.000000000
  0.000000000  0.000000000  0.000000000
  0.000000000  0.000000000  0.000000000
  0.000000000  0.000000000  0.000000000
  0.000000000  0.000000000  0.000000000
  0.000000000  0.000000000  0.000000000
  0.000000000  0.000000000  0.000000000
  0.000000000  0.000000000  0.000000000
  0.000000000  0.000000000  0.000000000
  0.000000000  0.000000000  0.000000000
  0.000000000  0.000000000  0.000000000
  0.000000000  0.000000000  0.000000000
  0.000000000  0.000000000  0.000000000
  0.000000000  0.000000000  0.000000000
  0.000000000  0.000000000  0.000000000
  0.000000000  0.000000000  0.000000000
  0.000000000  0.000000000  0.000000000
  0.000000000  0.000000000  0.000000000
  0.000000000  0.000000000  0.000000000
  0.000000000  0.000000000  0.000000000
  0.000000000  0.000000000  0.000000000
  0.000000000  0.000000000  0.000000000
  0.000000000  0.000000000  0.000000000
  0.000000000  0.000000000  0.000000000
  0.000000000  0.000000000  0.000000000
  0.000000000  0.000000000  0.000000000
  0.000000000  0.000000000  0.000000000
  0.000000000  0.000000000  0.000000000
  0.000000000  0.000000000  0.000000000
  0.000000000  0.000000000  0.000000000
  0.000000000  0.000000000  0.000000000
  0.000000000  0.000000000  0.000000000
  0.000000000  0.000000000  0.000000000
  0.000000000  0.000000000  0.000000000
  0.000000000  0.000000000  0.000000000
  0.000000000  0.000000000  0.000000000
  0.000000000  0.000000000  0.000000000
  0.000000000  0.000000000  0.000000000
  0.000000000  0.000000000  0.000000000
  0.000000000  0.000000000  0.000000000
  0.000000000  0.000000000  0.000000000
  0.000000000  0.000000000  0.000000000
  0.000000000  0.000000000  0.000000000
  0.000000000  0.000000000  0.000000000
  0.000000000  0.000000000  0.000000000
  0.000000000  0.000000000  0.000000000
  0.000000000  0.000000000  0.000000000
  0.000000000  0.000000000  0.000000000
  0.000000000  0.000000000  0.000000000
  0.000000000  0.000000000  0.000000000
  0.000000000  0.000000000  0.000000000
  0.000000000  0.000000000  0.000000000
  0.000000000  0.000000000  0.000000000
  0.000000000  0.000000000  0.000000000
  0.000000000  0.000000000  0.000000000
  0.000000000  0.000000000  0.000000000
  0.000000000  0.000000000  0.000000000
  0.000000000  0.000000000  0.000000000
  0.000000000  0.000000000  0.000000000
  0.000000000  0.000000000  0.000000000
  0.000000000  0.000000000  0.000000000
  0.000000000  0.000000000  0.000000000
  0.000000000  0.000000000  0.000000000
  0.000000000  0.000000000  0.000000000
  0.000000000  0.000000000  0.000000000
  0.000000000  0.000000000  0.000000000
  0.000000000  0.000000000  0.000000000
  0.000000000  0.000000000  0.000000000
  0.000000000  0.000000000  0.000000000
  0.000000000  0.000000000  0.000000000
  0.000000000  0.000000000  0.000000000
  0.000000000  0.000000000  0.000000000
  0.000000000  0.000000000  0.000000000
  0.000000000  0.000000000  0.000000000
  0.000000000  0.000000000  0.000000000
  0.000000000  0.000000000  0.000000000
  0.000000000  0.000000000  0.000000000
  0.000000000  0.000000000  0.000000000
  0.000000000  0.000000000  0.000000000
  0.000000000  0.000000000  0.000000000
  0.000000000  0.000000000  0.000000000
  0.000000000  0.000000000  0.000000000
  0.000000000  0.000000000  0.000000000
  0.000000000  0.000000000  0.000000000
  0.000000000  0.000000000  0.000000000
  0.000000000  0.000000000  0.000000000
  0.000000000  0.000000000  0.000000000
  0.000000000  0.000000000  0.000000000
  0.000000000  0.000000000  0.000000000
  0.000000000  0.000000000  0.000000000
  0.000000000  0.000000000  0.000000000
  0.000000000  0.000000000  0.000000000
  0.000000000  0.000000000  0.000000000
  0.000000000  0.000000000  0.000000000
  0.000000000  0.000000000  0.000000000
  0.000000000  0.000000000  0.000000000
  0.000000000  0.000000000  0.000000000
  0.000000000  0.000000000  0.000000000
  0.000000000  0.000000000  0.000000000
  0.000000000  0.000000000  0.000000000
  0.000000000  0.000000000  0.000000000
  0.000000000  0.000000000  0.000000000
  0.000000000  0.000000000  0.000000000
  0.000000000  0.000000000  0.000000000
  0.000000000  0.000000000  0.000000000
  0.000000000  0.000000000  0.000000000
  0.000000000  0.000000000  0.000000000
  0.000000000  0.000000000  0.000000000
  0.000000000  0.000000000  0.000000000
  0.000000000  0.000000000  0.000000000
  0.000000000  0.000000000  0.000000000
  0.000000000  0.000000000  0.000000000
  0.000000000  0.000000000  0.000000000
  0.000000000  0.000000000  0.000000000
  0.000000000  0.000000000  0.000000000
  0.000000000  0.000000000  0.000000000
  0.000000000  0.000000000  0.000000000
  0.000000000  0.000000000  0.000000000
  0.000000000  0.000000000  0.000000000
  0.000000000  0.000000000  0.000000000
  0.000000000  0.000000000  0.000000000
  0.000000000  0.000000000  0.000000000
  0.000000000  0.000000000  0.000000000
  0.000000000  0.000000000  0.000000000
  0.000000000  0.000000000  0.000000000
  0.000000000  0.000000000  0.000000000
  0.000000000  0.000000000  0.000000000
  0.000000000  0.000000000  0.000000000
  0.000000000  0.000000000  0.000000000
  0.000000000  0.000000000  0.000000000
  0.000000000  0.000000000  0.000000000
  0.000000000  0.000000000  0.000000000
  0.000000000  0.000000000  0.000000000
  0.000000000  0.000000000  0.000000000
  0.000000000  0.000000000  0.000000000
  0.000000000  0.000000000  0.000000000
  0.000000000  0.000000000  0.000000000
  0.000000000  0.000000000  0.000000000
  0.000000000  0.000000000  0.000000000
  0.000000000  0.000000000  0.000000000
  0.000000000  0.000000000  0.000000000
  0.000000000  0.000000000  0.000000000
  0.000000000  0.000000000  0.000000000
  0.000000000  0.000000000  0.000000000
  0.000000000  0.000000000  0.000000000
  0.000000000  0.000000000  0.000000000
  0.000000000  0.000000000  0.000000000
  0.000000000  0.000000000  0.000000000
  0.000000000  0.000000000  0.000000000
  0.000000000  0.000000000  0.000000000
  0.000000000  0.000000000  0.000000000
  0.000000000  0.000000000  0.000000000
  0.000000000  0.000000000  0.000000000
  0.000000000  0.000000000  0.000000000
  0.000000000  0.000000000  0.000000000
  0.000000000  0.000000000  0.000000000
  0.000000000  0.000000000  0.000000000
  0.000000000  0.000000000  0.000000000
  0.000000000  0.000000000  0.000000000
  0.000000000  0.000000000  0.000000000
  0.000000000  0.000000000  0.000000000
  0.000000000  0.000000000  0.000000000
  0.000000000  0.000000000  0.000000000
  0.000000000  0.000000000  0.000000000
  0.000000000  0.000000000  0.000000000
  0.000000000  0.000000000  0.000000000
  0.000000000  0.000000000  0.000000000
   1.06000000000000     
   1.06000000000000     
   1.06000000000000     
   1.06000000000000     
   1.06000000000000     
   1.06000000000000     
   1.06000000000000     
   1.06000000000000     
   1.06000000000000     
   1.06000000000000     
   1.06000000000000     
   1.06000000000000     
   1.06000000000000     
   1.06000000000000     
   1.06000000000000     
   1.06000000000000     
   1.06000000000000     
   1.06000000000000     
   1.06000000000000     
   1.06000000000000     
   1.06000000000000     
   1.06000000000000     
   1.06000000000000     
   1.06000000000000     
   1.06000000000000     
   1.06000000000000     
   1.06000000000000     
   1.06000000000000     
   1.06000000000000     
   1.06000000000000     
   1.06000000000000     
   1.06000000000000     
   1.06000000000000     
   1.06000000000000     
   1.06000000000000     
   1.06000000000000     
   1.06000000000000     
   1.06000000000000     
   1.06000000000000     
   1.06000000000000     
   1.06000000000000     
   1.06000000000000     
   1.06000000000000     
   1.06000000000000     
   1.06000000000000     
   1.06000000000000     
   1.06000000000000     
   1.06000000000000     
   1.06000000000000     
   1.06000000000000     
   1.06000000000000     
   1.06000000000000     
   1.06000000000000     
   1.06000000000000     
   1.06000000000000     
   1.06000000000000     
   1.06000000000000     
   1.06000000000000     
   1.06000000000000     
   1.06000000000000     
   1.06000000000000     
   1.06000000000000     
   1.06000000000000     
   1.06000000000000     
   1.06000000000000     
   1.06000000000000     
   1.06000000000000     
   1.06000000000000     
   1.06000000000000     
   1.06000000000000     
  3.000000000000000E-002
  3.000000000000000E-002
  3.000000000000000E-002
  3.000000000000000E-002
  3.000000000000000E-002
  3.000000000000000E-002
  3.000000000000000E-002
  3.000000000000000E-002
  3.000000000000000E-002
  3.000000000000000E-002
  3.000000000000000E-002
  3.000000000000000E-002
  3.000000000000000E-002
  3.000000000000000E-002
  3.000000000000000E-002
  3.000000000000000E-002
  3.000000000000000E-002
  3.000000000000000E-002
  3.000000000000000E-002
  3.000000000000000E-002
  3.000000000000000E-002
  3.000000000000000E-002
  3.000000000000000E-002
  3.000000000000000E-002
  3.000000000000000E-002
  3.000000000000000E-002
  3.000000000000000E-002
  3.000000000000000E-002
  3.000000000000000E-002
  3.000000000000000E-002
  3.000000000000000E-002
  3.000000000000000E-002
  3.000000000000000E-002
  3.000000000000000E-002
  3.000000000000000E-002
  3.000000000000000E-002
  3.000000000000000E-002
  3.000000000000000E-002
  3.000000000000000E-002
  3.000000000000000E-002
  3.000000000000000E-002
  3.000000000000000E-002
  3.000000000000000E-002
  3.000000000000000E-002
  3.000000000000000E-002
  3.000000000000000E-002
  3.000000000000000E-002
  3.000000000000000E-002
  3.000000000000000E-002
  3.000000000000000E-002
  3.000000000000000E-002
  3.000000000000000E-002
  3.000000000000000E-002
  3.000000000000000E-002
  3.000000000000000E-002
  3.000000000000000E-002
  3.000000000000000E-002
  3.000000000000000E-002
  3.000000000000000E-002
  3.000000000000000E-002
  3.000000000000000E-002
  3.000000000000000E-002
  3.000000000000000E-002
  3.000000000000000E-002
  3.000000000000000E-002
  3.000000000000000E-002
  3.000000000000000E-002
  3.000000000000000E-002
  3.000000000000000E-002
  3.000000000000000E-002
