           3
 2 1 2
   9   2  15
  0.000000000  0.000000000  0.000000000  0.250000000  0.250000000  0.500000000  0.500000000  0.750000000  0.750000000  1.000000000  1.000000000  1.000000000
  0.000000000  0.000000000  1.000000000  1.000000000
  0.059619450  0.059619450  0.059619450  0.060107335  0.060595219  0.061083103  0.061570987  0.062058871  0.062546756  0.063034640  0.063522524  0.064010408  0.064498292  0.064986177  0.065474061  0.065961945  0.065961945  0.065961945
 -0.912419847400E+01 -0.273493864660E+02  0.552603851330E+02  0.100000000000E+01
 -0.912419847400E+01 -0.273493864660E+02  0.552603851330E+02  0.707107674476E+00
 -0.912419847400E+01 -0.273493864660E+02  0.552603851330E+02  0.100000000000E+01
 -0.912419847400E+01 -0.273493864660E+02  0.552603851330E+02  0.707108185634E+00
 -0.912419847400E+01 -0.273493864660E+02  0.552603851330E+02  0.100000000000E+01
 -0.912419847400E+01 -0.273493864660E+02  0.552603851330E+02  0.707106465114E+00
 -0.912419847400E+01 -0.273493864660E+02  0.552603851330E+02  0.100000000000E+01
 -0.912419847400E+01 -0.273493864660E+02  0.552603851330E+02  0.707106589623E+00
 -0.912419847400E+01 -0.273493864660E+02  0.552603851330E+02  0.100000000000E+01
 -0.958041390300E+01 -0.266806128230E+02  0.552056463550E+02  0.100000000000E+01
 -0.971779694100E+01 -0.270779168550E+02  0.548169088710E+02  0.707107674476E+00
 -0.937868954800E+01 -0.275549363900E+02  0.548700830140E+02  0.100000000000E+01
 -0.909374104900E+01 -0.272655682630E+02  0.545398027350E+02  0.707108185634E+00
 -0.881915874500E+01 -0.270389335380E+02  0.548979873830E+02  0.100000000000E+01
 -0.855938859000E+01 -0.268302054060E+02  0.553104585760E+02  0.707106465114E+00
 -0.883305527500E+01 -0.271142317210E+02  0.557068973330E+02  0.100000000000E+01
 -0.921386382100E+01 -0.264399838910E+02  0.557333418780E+02  0.707106589623E+00
 -0.958041390300E+01 -0.266806128230E+02  0.552056463550E+02  0.100000000000E+01
 -0.904278107600E+01 -0.271163436110E+02  0.550969896010E+02  0.100000000000E+01
 -0.904278107600E+01 -0.271163436110E+02  0.550969896010E+02  0.707106620879E+00
 -0.904278107600E+01 -0.271163436110E+02  0.550969896010E+02  0.100000000000E+01
 -0.904278107600E+01 -0.271163436110E+02  0.550969896010E+02  0.707108050423E+00
 -0.904278107600E+01 -0.271163436110E+02  0.550969896010E+02  0.100000000000E+01
 -0.904278107600E+01 -0.271163436110E+02  0.550969896010E+02  0.707105940876E+00
 -0.904278107600E+01 -0.271163436110E+02  0.550969896010E+02  0.100000000000E+01
 -0.904278107600E+01 -0.271163436110E+02  0.550969896010E+02  0.707105798133E+00
 -0.904278107600E+01 -0.271163436110E+02  0.550969896010E+02  0.100000000000E+01
 -0.944553936400E+01 -0.265452333950E+02  0.550826052300E+02  0.100000000000E+01
 -0.951587187900E+01 -0.268667774760E+02  0.547682769620E+02  0.707106620879E+00
 -0.925280156300E+01 -0.272731179580E+02  0.547530188890E+02  0.100000000000E+01
 -0.900564680800E+01 -0.271019680350E+02  0.546701032030E+02  0.707108050423E+00
 -0.883404126500E+01 -0.269751282130E+02  0.549051736180E+02  0.100000000000E+01
 -0.862952932300E+01 -0.268244005530E+02  0.551694377590E+02  0.707105940876E+00
 -0.880020133400E+01 -0.269352667420E+02  0.554942832280E+02  0.100000000000E+01
 -0.912696817700E+01 -0.263959980840E+02  0.555388026300E+02  0.707105798133E+00
 -0.944553936400E+01 -0.265452333950E+02  0.550826052300E+02  0.100000000000E+01
 -0.894743768700E+01 -0.268823879000E+02  0.549427662650E+02  0.100000000000E+01
 -0.894743768700E+01 -0.268823879000E+02  0.549427662650E+02  0.707106392837E+00
 -0.894743768700E+01 -0.268823879000E+02  0.549427662650E+02  0.100000000000E+01
 -0.894743768700E+01 -0.268823879000E+02  0.549427662650E+02  0.707102762998E+00
 -0.894743768700E+01 -0.268823879000E+02  0.549427662650E+02  0.100000000000E+01
 -0.894743768700E+01 -0.268823879000E+02  0.549427662650E+02  0.707109695049E+00
 -0.894743768700E+01 -0.268823879000E+02  0.549427662650E+02  0.100000000000E+01
 -0.894743768700E+01 -0.268823879000E+02  0.549427662650E+02  0.707108107337E+00
 -0.894743768700E+01 -0.268823879000E+02  0.549427662650E+02  0.100000000000E+01
 -0.932822708400E+01 -0.263474252150E+02  0.549547867860E+02  0.100000000000E+01
 -0.940208357900E+01 -0.266559359990E+02  0.545972566230E+02  0.707106392837E+00
 -0.905776741900E+01 -0.269565060180E+02  0.547462576570E+02  0.100000000000E+01
 -0.892033638900E+01 -0.268865594330E+02  0.547750513760E+02  0.707102762998E+00
 -0.879111041900E+01 -0.268178334610E+02  0.548306508100E+02  0.100000000000E+01
 -0.862752399000E+01 -0.267198355050E+02  0.550071820770E+02  0.707109695049E+00
 -0.876782891600E+01 -0.267617278070E+02  0.552626708420E+02  0.100000000000E+01
 -0.901806717100E+01 -0.262311473990E+02  0.554268378000E+02  0.707108107337E+00
 -0.932822708400E+01 -0.263474252150E+02  0.549547867860E+02  0.100000000000E+01
 -0.882737536600E+01 -0.266486817450E+02  0.548068856990E+02  0.100000000000E+01
 -0.882737536600E+01 -0.266486817450E+02  0.548068856990E+02  0.707107294190E+00
 -0.882737536600E+01 -0.266486817450E+02  0.548068856990E+02  0.100000000000E+01
 -0.882737536600E+01 -0.266486817450E+02  0.548068856990E+02  0.707107971891E+00
 -0.882737536600E+01 -0.266486817450E+02  0.548068856990E+02  0.100000000000E+01
 -0.882737536600E+01 -0.266486817450E+02  0.548068856990E+02  0.707106449575E+00
 -0.882737536600E+01 -0.266486817450E+02  0.548068856990E+02  0.100000000000E+01
 -0.882737536600E+01 -0.266486817450E+02  0.548068856990E+02  0.707106355738E+00
 -0.882737536600E+01 -0.266486817450E+02  0.548068856990E+02  0.100000000000E+01
 -0.917780252900E+01 -0.261194405830E+02  0.548430309170E+02  0.100000000000E+01
 -0.928054030300E+01 -0.263827216540E+02  0.543896322260E+02  0.707107294190E+00
 -0.893548050100E+01 -0.267044357580E+02  0.545751699650E+02  0.100000000000E+01
 -0.868902775200E+01 -0.266496314820E+02  0.545452047930E+02  0.707107971891E+00
 -0.845455585500E+01 -0.265844365570E+02  0.546174898270E+02  0.100000000000E+01
 -0.843025586300E+01 -0.265435637330E+02  0.548883822790E+02  0.707106449575E+00
 -0.867406847100E+01 -0.265696151880E+02  0.551354862860E+02  0.100000000000E+01
 -0.889936077200E+01 -0.261160174550E+02  0.552844084740E+02  0.707106355738E+00
 -0.917780252900E+01 -0.261194405830E+02  0.548430309170E+02  0.100000000000E+01
 -0.866339553500E+01 -0.264224313000E+02  0.547115123010E+02  0.100000000000E+01
 -0.866339553500E+01 -0.264224313000E+02  0.547115123010E+02  0.707105894190E+00
 -0.866339553500E+01 -0.264224313000E+02  0.547115123010E+02  0.100000000000E+01
 -0.866339553500E+01 -0.264224313000E+02  0.547115123010E+02  0.707105433087E+00
 -0.866339553500E+01 -0.264224313000E+02  0.547115123010E+02  0.100000000000E+01
 -0.866339553500E+01 -0.264224313000E+02  0.547115123010E+02  0.707106991655E+00
 -0.866339553500E+01 -0.264224313000E+02  0.547115123010E+02  0.100000000000E+01
 -0.866339553500E+01 -0.264224313000E+02  0.547115123010E+02  0.707107215872E+00
 -0.866339553500E+01 -0.264224313000E+02  0.547115123010E+02  0.100000000000E+01
 -0.893016262700E+01 -0.259429010240E+02  0.547689162660E+02  0.100000000000E+01
 -0.899456936700E+01 -0.260647774270E+02  0.543654178750E+02  0.707105894190E+00
 -0.878055026200E+01 -0.264421967160E+02  0.543321750780E+02  0.100000000000E+01
 -0.842936356800E+01 -0.264635992200E+02  0.543170050290E+02  0.707105433087E+00
 -0.825129271700E+01 -0.264550898870E+02  0.545859416350E+02  0.100000000000E+01
 -0.826105001100E+01 -0.264327160620E+02  0.548975327660E+02  0.707106991655E+00
 -0.855203827800E+01 -0.264036450780E+02  0.550720822670E+02  0.100000000000E+01
 -0.874776335300E+01 -0.260089602800E+02  0.551894608830E+02  0.707107215872E+00
 -0.893016262700E+01 -0.259429010240E+02  0.547689162660E+02  0.100000000000E+01
 -0.846322101800E+01 -0.262107137960E+02  0.546615946480E+02  0.100000000000E+01
 -0.846322101800E+01 -0.262107137960E+02  0.546615946480E+02  0.707106183881E+00
 -0.846322101800E+01 -0.262107137960E+02  0.546615946480E+02  0.100000000000E+01
 -0.846322101800E+01 -0.262107137960E+02  0.546615946480E+02  0.707107521728E+00
 -0.846322101800E+01 -0.262107137960E+02  0.546615946480E+02  0.100000000000E+01
 -0.846322101800E+01 -0.262107137960E+02  0.546615946480E+02  0.707107240372E+00
 -0.846322101800E+01 -0.262107137960E+02  0.546615946480E+02  0.100000000000E+01
 -0.846322101800E+01 -0.262107137960E+02  0.546615946480E+02  0.707105966500E+00
 -0.846322101800E+01 -0.262107137960E+02  0.546615946480E+02  0.100000000000E+01
 -0.865374549700E+01 -0.258447248220E+02  0.547224829450E+02  0.100000000000E+01
 -0.866446302100E+01 -0.259077240400E+02  0.544148796990E+02  0.707106183881E+00
 -0.852638289800E+01 -0.261867052630E+02  0.543196407870E+02  0.100000000000E+01
 -0.820283322900E+01 -0.262856823470E+02  0.542719608220E+02  0.707107521728E+00
 -0.809244851900E+01 -0.263238464940E+02  0.545851658380E+02  0.100000000000E+01
 -0.808659064400E+01 -0.263300162480E+02  0.549123829730E+02  0.707107240372E+00
 -0.839692197000E+01 -0.262359155940E+02  0.550205276650E+02  0.100000000000E+01
 -0.857773180200E+01 -0.258739998220E+02  0.551325952610E+02  0.707105966500E+00
 -0.865374549700E+01 -0.258447248220E+02  0.547224829450E+02  0.100000000000E+01
 -0.823623932700E+01 -0.260211747460E+02  0.546563978040E+02  0.100000000000E+01
 -0.823623932700E+01 -0.260211747460E+02  0.546563978040E+02  0.707105376614E+00
 -0.823623932700E+01 -0.260211747460E+02  0.546563978040E+02  0.100000000000E+01
 -0.823623932700E+01 -0.260211747460E+02  0.546563978040E+02  0.707105943583E+00
 -0.823623932700E+01 -0.260211747460E+02  0.546563978040E+02  0.100000000000E+01
 -0.823623932700E+01 -0.260211747460E+02  0.546563978040E+02  0.707107762206E+00
 -0.823623932700E+01 -0.260211747460E+02  0.546563978040E+02  0.100000000000E+01
 -0.823623932700E+01 -0.260211747460E+02  0.546563978040E+02  0.707107456981E+00
 -0.823623932700E+01 -0.260211747460E+02  0.546563978040E+02  0.100000000000E+01
 -0.840119062200E+01 -0.256937230800E+02  0.547214916140E+02  0.100000000000E+01
 -0.838023272500E+01 -0.257346583810E+02  0.544523693720E+02  0.707105376614E+00
 -0.825840551600E+01 -0.259764284340E+02  0.543751265340E+02  0.100000000000E+01
 -0.797553096900E+01 -0.261317531710E+02  0.543050393630E+02  0.707105943583E+00
 -0.790937521900E+01 -0.262036308540E+02  0.546016132770E+02  0.100000000000E+01
 -0.793312321000E+01 -0.262256185130E+02  0.549158442250E+02  0.707107762206E+00
 -0.820934690900E+01 -0.260754636070E+02  0.549976462860E+02  0.100000000000E+01
 -0.836648847900E+01 -0.257635160210E+02  0.550602019500E+02  0.707107456981E+00
 -0.840119062200E+01 -0.256937230800E+02  0.547214916140E+02  0.100000000000E+01
 -0.799786612000E+01 -0.258466337650E+02  0.546747128670E+02  0.100000000000E+01
 -0.799786612000E+01 -0.258466337650E+02  0.546747128670E+02  0.707106374781E+00
 -0.799786612000E+01 -0.258466337650E+02  0.546747128670E+02  0.100000000000E+01
 -0.799786612000E+01 -0.258466337650E+02  0.546747128670E+02  0.707106577960E+00
 -0.799786612000E+01 -0.258466337650E+02  0.546747128670E+02  0.100000000000E+01
 -0.799786612000E+01 -0.258466337650E+02  0.546747128670E+02  0.707107047304E+00
 -0.799786612000E+01 -0.258466337650E+02  0.546747128670E+02  0.100000000000E+01
 -0.799786612000E+01 -0.258466337650E+02  0.546747128670E+02  0.707107034122E+00
 -0.799786612000E+01 -0.258466337650E+02  0.546747128670E+02  0.100000000000E+01
 -0.815203440800E+01 -0.255678294190E+02  0.547337775790E+02  0.100000000000E+01
 -0.813342760600E+01 -0.255668526230E+02  0.544674319600E+02  0.707106374781E+00
 -0.800678474000E+01 -0.257933268180E+02  0.543998062320E+02  0.100000000000E+01
 -0.777596229200E+01 -0.259776828620E+02  0.543652445350E+02  0.707106577960E+00
 -0.768115170700E+01 -0.260976637460E+02  0.546157611010E+02  0.100000000000E+01
 -0.771028772200E+01 -0.261299315810E+02  0.549523197350E+02  0.707107047304E+00
 -0.798692453800E+01 -0.259120328910E+02  0.550119782920E+02  0.100000000000E+01
 -0.815843334000E+01 -0.256047832620E+02  0.550995038640E+02  0.707107034122E+00
 -0.815203440800E+01 -0.255678294190E+02  0.547337775790E+02  0.100000000000E+01
 -0.775770716900E+01 -0.256763781270E+02  0.547059530750E+02  0.100000000000E+01
 -0.775770716900E+01 -0.256763781270E+02  0.547059530750E+02  0.707107823359E+00
 -0.775770716900E+01 -0.256763781270E+02  0.547059530750E+02  0.100000000000E+01
 -0.775770716900E+01 -0.256763781270E+02  0.547059530750E+02  0.707108265052E+00
 -0.775770716900E+01 -0.256763781270E+02  0.547059530750E+02  0.100000000000E+01
 -0.775770716900E+01 -0.256763781270E+02  0.547059530750E+02  0.707105985341E+00
 -0.775770716900E+01 -0.256763781270E+02  0.547059530750E+02  0.100000000000E+01
 -0.775770716900E+01 -0.256763781270E+02  0.547059530750E+02  0.707104967124E+00
 -0.775770716900E+01 -0.256763781270E+02  0.547059530750E+02  0.100000000000E+01
 -0.792984676000E+01 -0.254108133700E+02  0.547637506140E+02  0.100000000000E+01
 -0.790236476300E+01 -0.253968520200E+02  0.544902790810E+02  0.707107823359E+00
 -0.775826950700E+01 -0.256132647460E+02  0.544142934710E+02  0.100000000000E+01
 -0.755225031000E+01 -0.258292451060E+02  0.543888856430E+02  0.707108265052E+00
 -0.748200948800E+01 -0.259594507320E+02  0.546441645890E+02  0.100000000000E+01
 -0.747123693000E+01 -0.260524199690E+02  0.550239232460E+02  0.707105985341E+00
 -0.775701948700E+01 -0.257535470820E+02  0.550625622000E+02  0.100000000000E+01
 -0.792548723500E+01 -0.254853533490E+02  0.550802429090E+02  0.707104967124E+00
 -0.792984676000E+01 -0.254108133700E+02  0.547637506140E+02  0.100000000000E+01
 -0.751905543800E+01 -0.255058516740E+02  0.547460907030E+02  0.100000000000E+01
 -0.751905543800E+01 -0.255058516740E+02  0.547460907030E+02  0.707107324661E+00
 -0.751905543800E+01 -0.255058516740E+02  0.547460907030E+02  0.100000000000E+01
 -0.751905543800E+01 -0.255058516740E+02  0.547460907030E+02  0.707107569592E+00
 -0.751905543800E+01 -0.255058516740E+02  0.547460907030E+02  0.100000000000E+01
 -0.751905543800E+01 -0.255058516740E+02  0.547460907030E+02  0.707106439194E+00
 -0.751905543800E+01 -0.255058516740E+02  0.547460907030E+02  0.100000000000E+01
 -0.751905543800E+01 -0.255058516740E+02  0.547460907030E+02  0.707105791299E+00
 -0.751905543800E+01 -0.255058516740E+02  0.547460907030E+02  0.100000000000E+01
 -0.771288230100E+01 -0.252505907560E+02  0.548016589970E+02  0.100000000000E+01
 -0.770332621900E+01 -0.251862535480E+02  0.544958439280E+02  0.707107324661E+00
 -0.751343367500E+01 -0.254287496890E+02  0.544115239610E+02  0.100000000000E+01
 -0.732218574800E+01 -0.256876743350E+02  0.543845109110E+02  0.707107569592E+00
 -0.727963474700E+01 -0.258211575030E+02  0.546774495510E+02  0.100000000000E+01
 -0.729486592000E+01 -0.258902848280E+02  0.550332123160E+02  0.707106439194E+00
 -0.752467491800E+01 -0.255829242720E+02  0.550805278790E+02  0.100000000000E+01
 -0.767749729300E+01 -0.253628293860E+02  0.550501307780E+02  0.707105791299E+00
 -0.771288230100E+01 -0.252505907560E+02  0.548016589970E+02  0.100000000000E+01
 -0.728224588300E+01 -0.253342094560E+02  0.547919976750E+02  0.100000000000E+01
 -0.728224588300E+01 -0.253342094560E+02  0.547919976750E+02  0.707108693997E+00
 -0.728224588300E+01 -0.253342094560E+02  0.547919976750E+02  0.100000000000E+01
 -0.728224588300E+01 -0.253342094560E+02  0.547919976750E+02  0.707108415650E+00
 -0.728224588300E+01 -0.253342094560E+02  0.547919976750E+02  0.100000000000E+01
 -0.728224588300E+01 -0.253342094560E+02  0.547919976750E+02  0.707105449396E+00
 -0.728224588300E+01 -0.253342094560E+02  0.547919976750E+02  0.100000000000E+01
 -0.728224588300E+01 -0.253342094560E+02  0.547919976750E+02  0.707104565697E+00
 -0.728224588300E+01 -0.253342094560E+02  0.547919976750E+02  0.100000000000E+01
 -0.744689695600E+01 -0.251215581010E+02  0.548382157460E+02  0.100000000000E+01
 -0.744952379600E+01 -0.250393207880E+02  0.545566718290E+02  0.707108693997E+00
 -0.727225255300E+01 -0.252513066630E+02  0.544461707470E+02  0.100000000000E+01
 -0.705647405200E+01 -0.255297664450E+02  0.543847951970E+02  0.707108415650E+00
 -0.706130421800E+01 -0.256195623490E+02  0.547299747110E+02  0.100000000000E+01
 -0.709884153900E+01 -0.256553789750E+02  0.550423145650E+02  0.707105449396E+00
 -0.728963843300E+01 -0.253955334140E+02  0.550478063060E+02  0.100000000000E+01
 -0.742069109800E+01 -0.252137671150E+02  0.550398132230E+02  0.707104565697E+00
 -0.744689695600E+01 -0.251215581010E+02  0.548382157460E+02  0.100000000000E+01
 -0.704707399800E+01 -0.251614168620E+02  0.548418491030E+02  0.100000000000E+01
 -0.704707399800E+01 -0.251614168620E+02  0.548418491030E+02  0.707105360505E+00
 -0.704707399800E+01 -0.251614168620E+02  0.548418491030E+02  0.100000000000E+01
 -0.704707399800E+01 -0.251614168620E+02  0.548418491030E+02  0.707105610435E+00
 -0.704707399800E+01 -0.251614168620E+02  0.548418491030E+02  0.100000000000E+01
 -0.704707399800E+01 -0.251614168620E+02  0.548418491030E+02  0.707108015386E+00
 -0.704707399800E+01 -0.251614168620E+02  0.548418491030E+02  0.100000000000E+01
 -0.704707399800E+01 -0.251614168620E+02  0.548418491030E+02  0.707108138416E+00
 -0.704707399800E+01 -0.251614168620E+02  0.548418491030E+02  0.100000000000E+01
 -0.722737883700E+01 -0.249322909670E+02  0.548915545360E+02  0.100000000000E+01
 -0.721518968300E+01 -0.248631416500E+02  0.546028868280E+02  0.707105360505E+00
 -0.703453443500E+01 -0.250785554740E+02  0.545053635940E+02  0.100000000000E+01
 -0.681987727300E+01 -0.253496901730E+02  0.544406444370E+02  0.707105610435E+00
 -0.683605226100E+01 -0.254295767270E+02  0.547836784530E+02  0.100000000000E+01
 -0.688820040700E+01 -0.254357572800E+02  0.550422698350E+02  0.707108015386E+00
 -0.705600579900E+01 -0.252204401960E+02  0.550815333190E+02  0.100000000000E+01
 -0.720177863100E+01 -0.250305777140E+02  0.551061486140E+02  0.707108138416E+00
 -0.722737883700E+01 -0.249322909670E+02  0.548915545360E+02  0.100000000000E+01
 -0.681328887400E+01 -0.249875919560E+02  0.548945575020E+02  0.100000000000E+01
 -0.681328887400E+01 -0.249875919560E+02  0.548945575020E+02  0.707105558125E+00
 -0.681328887400E+01 -0.249875919560E+02  0.548945575020E+02  0.100000000000E+01
 -0.681328887400E+01 -0.249875919560E+02  0.548945575020E+02  0.707106748358E+00
 -0.681328887400E+01 -0.249875919560E+02  0.548945575020E+02  0.100000000000E+01
 -0.681328887400E+01 -0.249875919560E+02  0.548945575020E+02  0.707108153000E+00
 -0.681328887400E+01 -0.249875919560E+02  0.548945575020E+02  0.100000000000E+01
 -0.681328887400E+01 -0.249875919560E+02  0.548945575020E+02  0.707106665262E+00
 -0.681328887400E+01 -0.249875919560E+02  0.548945575020E+02  0.100000000000E+01
 -0.702093946500E+01 -0.247272316200E+02  0.549509262600E+02  0.100000000000E+01
 -0.699521390700E+01 -0.246662890130E+02  0.546424805980E+02  0.707105558125E+00
 -0.679863059600E+01 -0.249027653250E+02  0.545567445350E+02  0.100000000000E+01
 -0.660163545200E+01 -0.251569208360E+02  0.545264126230E+02  0.707106748358E+00
 -0.660082083100E+01 -0.252539936190E+02  0.548368820110E+02  0.100000000000E+01
 -0.665097392600E+01 -0.252733099270E+02  0.551163845050E+02  0.707108153000E+00
 -0.682605187300E+01 -0.250614540360E+02  0.551887005460E+02  0.100000000000E+01
 -0.700727066300E+01 -0.248324307130E+02  0.552320593180E+02  0.707106665262E+00
 -0.702093946500E+01 -0.247272316200E+02  0.549509262600E+02  0.100000000000E+01
 -0.658067617700E+01 -0.248128667030E+02  0.549494339540E+02  0.100000000000E+01
 -0.658067617700E+01 -0.248128667030E+02  0.549494339540E+02  0.707108366720E+00
 -0.658067617700E+01 -0.248128667030E+02  0.549494339540E+02  0.100000000000E+01
 -0.658067617700E+01 -0.248128667030E+02  0.549494339540E+02  0.707108642663E+00
 -0.658067617700E+01 -0.248128667030E+02  0.549494339540E+02  0.100000000000E+01
 -0.658067617700E+01 -0.248128667030E+02  0.549494339540E+02  0.707104832667E+00
 -0.658067617700E+01 -0.248128667030E+02  0.549494339540E+02  0.100000000000E+01
 -0.658067617700E+01 -0.248128667030E+02  0.549494339540E+02  0.707105282688E+00
 -0.658067617700E+01 -0.248128667030E+02  0.549494339540E+02  0.100000000000E+01
 -0.680540077500E+01 -0.245342436970E+02  0.550096395540E+02  0.100000000000E+01
 -0.677406020900E+01 -0.244738118240E+02  0.546895728720E+02  0.707108366720E+00
 -0.656477580300E+01 -0.247285722780E+02  0.546186905560E+02  0.100000000000E+01
 -0.639141912400E+01 -0.249580781270E+02  0.546179857480E+02  0.707108642663E+00
 -0.639601916400E+01 -0.250418111850E+02  0.548999600580E+02  0.100000000000E+01
 -0.644541838100E+01 -0.250536616890E+02  0.551426495010E+02  0.707104832667E+00
 -0.659443126100E+01 -0.248857880990E+02  0.552355538180E+02  0.100000000000E+01
 -0.680104218400E+01 -0.246388887950E+02  0.553199910270E+02  0.707105282688E+00
 -0.680540077500E+01 -0.245342436970E+02  0.550096395540E+02  0.100000000000E+01
 -0.634906412100E+01 -0.246373576630E+02  0.550060166440E+02  0.100000000000E+01
 -0.634906412100E+01 -0.246373576630E+02  0.550060166440E+02  0.707107618865E+00
 -0.634906412100E+01 -0.246373576630E+02  0.550060166440E+02  0.100000000000E+01
 -0.634906412100E+01 -0.246373576630E+02  0.550060166440E+02  0.707107854613E+00
 -0.634906412100E+01 -0.246373576630E+02  0.550060166440E+02  0.100000000000E+01
 -0.634906412100E+01 -0.246373576630E+02  0.550060166440E+02  0.707105800044E+00
 -0.634906412100E+01 -0.246373576630E+02  0.550060166440E+02  0.100000000000E+01
 -0.634906412100E+01 -0.246373576630E+02  0.550060166440E+02  0.707105851225E+00
 -0.634906412100E+01 -0.246373576630E+02  0.550060166440E+02  0.100000000000E+01
 -0.654463163300E+01 -0.243971882470E+02  0.550578209070E+02  0.100000000000E+01
 -0.654998770900E+01 -0.242865652980E+02  0.547400069010E+02  0.707107618865E+00
 -0.633312489600E+01 -0.245579772430E+02  0.546981787020E+02  0.100000000000E+01
 -0.614031628100E+01 -0.247983007220E+02  0.546579712890E+02  0.707107854613E+00
 -0.618741682800E+01 -0.248358714920E+02  0.549631959660E+02  0.100000000000E+01
 -0.623320637700E+01 -0.248398185630E+02  0.551599691980E+02  0.707105800044E+00
 -0.635994037800E+01 -0.246915217260E+02  0.552160636330E+02  0.100000000000E+01
 -0.652201618400E+01 -0.245021645750E+02  0.552887051700E+02  0.707105851225E+00
 -0.654463163300E+01 -0.243971882470E+02  0.550578209070E+02  0.100000000000E+01
           1
           2
           3
           4
           5
           6
           7
           8
           9
          10
          11
          12
          13
          14
          15
          16
          17
          18
          19
          20
          21
          22
          23
          24
          25
          26
          27
          28
          29
          30
          31
          32
          33
          34
          35
          36
          37
          38
          39
          40
          41
          42
          43
          44
          45
          46
          47
          48
          49
          50
          51
          52
          53
          54
          55
          56
          57
          58
          59
          60
          61
          62
          63
          64
          65
          66
          67
          68
          69
          70
          71
          72
          73
          74
          75
          76
          77
          78
          79
          80
          81
          82
          83
          84
          85
          86
          87
          88
          89
          90
          91
          92
          93
          94
          95
          96
          97
          98
          99
         100
         101
         102
         103
         104
         105
         106
         107
         108
         109
         110
         111
         112
         113
         114
         115
         116
         117
         118
         119
         120
         121
         122
         123
         124
         125
         126
         127
         128
         129
         130
         131
         132
         133
         134
         135
         136
         137
         138
         139
         140
         141
         142
         143
         144
         145
         146
         147
         148
         149
         150
         151
         152
         153
         154
         155
         156
         157
         158
         159
         160
         161
         162
         163
         164
         165
         166
         167
         168
         169
         170
         171
         172
         173
         174
         175
         176
         177
         178
         179
         180
         181
         182
         183
         184
         185
         186
         187
         188
         189
         190
         191
         192
         193
         194
         195
         196
         197
         198
         199
         200
         201
         202
         203
         204
         205
         206
         207
         208
         209
         210
         211
         212
         213
         214
         215
         216
         217
         218
         219
         220
         221
         222
         223
         224
         225
         226
         227
         228
         229
         230
         231
         232
         233
         234
         235
         236
         237
         238
         239
         240
         241
         242
         243
         244
         245
         246
         247
         248
         249
         250
         251
         252
         253
         254
         255
         256
         257
         258
         259
         260
         261
         262
         263
         264
         265
         266
         267
         268
         269
         270
 1 0 0
 0 0 0
 0 0 0
 0 0 0
 0 0 0
 0 0 0
 0 0 0
 0 0 0
 0 0 0
 0 0 0
 0 0 0
 0 0 0
 0 0 0
 0 0 0
 0 0 0
 0 0 0
 0 0 0
 0 0 0
 0 0 0
 0 0 0
 0 0 0
 0 0 0
 0 0 0
 0 0 0
 0 0 0
 0 0 0
 0 0 0
 0 0 0
 0 0 0
 0 0 0
 0 0 0
 0 0 0
 0 0 0
 0 0 0
 0 0 0
 0 0 0
 0 0 0
 0 0 0
 0 0 0
 0 0 0
 0 0 0
 0 0 0
 0 0 0
 0 0 0
 0 0 0
 0 0 0
 0 0 0
 0 0 0
 0 0 0
 0 0 0
 0 0 0
 0 0 0
 0 0 0
 0 0 0
 0 0 0
 0 0 0
 0 0 0
 0 0 0
 0 0 0
 0 0 0
 0 0 0
 0 0 0
 0 0 0
 0 0 0
 0 0 0
 0 0 0
 0 0 0
 0 0 0
 0 0 0
 0 0 0
 0 0 0
 0 0 0
 0 0 0
 0 0 0
 0 0 0
 0 0 0
 0 0 0
 0 0 0
 0 0 0
 0 0 0
 0 0 0
 0 0 0
 0 0 0
 0 0 0
 0 0 0
 0 0 0
 0 0 0
 0 0 0
 0 0 0
 0 0 0
 0 0 0
 0 0 0
 0 0 0
 0 0 0
 0 0 0
 0 0 0
 0 0 0
 0 0 0
 0 0 0
 0 0 0
 0 0 0
 0 0 0
 0 0 0
 0 0 0
 0 0 0
 0 0 0
 0 0 0
 0 0 0
 0 0 0
 0 0 0
 0 0 0
 0 0 0
 0 0 0
 0 0 0
 0 0 0
 0 0 0
 0 0 0
 0 0 0
 0 0 0
 0 0 0
 0 0 0
 0 0 0
 0 0 0
 0 0 0
 0 0 0
 0 0 0
 0 0 0
 0 0 0
 0 0 0
 0 0 0
 0 0 0
 0 0 0
 0 0 0
 0 0 0
 0 0 0
 0 0 0
 0 0 0
 0 0 0
 0 0 0
 0 0 0
 0 0 0
 0 0 0
 0 0 0
 0 0 0
 0 0 0
 0 0 0
 0 0 0
 0 0 0
 0 0 0
 0 0 0
 0 0 0
 0 0 0
 0 0 0
 0 0 0
 0 0 0
 0 0 0
 0 0 0
 0 0 0
 0 0 0
 0 0 0
 0 0 0
 0 0 0
 0 0 0
 0 0 0
 0 0 0
 0 0 0
 0 0 0
 0 0 0
 0 0 0
 0 0 0
 0 0 0
 0 0 0
 0 0 0
 0 0 0
 0 0 0
 0 0 0
 0 0 0
 0 0 0
 0 0 0
 0 0 0
 0 0 0
 0 0 0
 0 0 0
 0 0 0
 0 0 0
 0 0 0
 0 0 0
 0 0 0
 0 0 0
 0 0 0
 0 0 0
 0 0 0
 0 0 0
 0 0 0
 0 0 0
 0 0 0
 0 0 0
 0 0 0
 0 0 0
 0 0 0
 0 0 0
 0 0 0
 0 0 0
 0 0 0
 0 0 0
 0 0 0
 0 0 0
 0 0 0
 0 0 0
 0 0 0
 0 0 0
 0 0 0
 0 0 0
 0 0 0
 0 0 0
 0 0 0
 0 0 0
 0 0 0
 0 0 0
 0 0 0
 0 0 0
 0 0 0
 0 0 0
 0 0 0
 0 0 0
 0 0 0
 0 0 0
 0 0 0
 0 0 0
 0 0 0
 0 0 0
 0 0 0
 0 0 0
 0 0 0
 0 0 0
 0 0 0
 0 0 0
 0 0 0
 0 0 0
 0 0 0
 0 0 0
 0 0 0
 0 0 0
 0 0 0
 0 0 0
 0 0 0
 0 0 0
 0 0 0
 0 0 0
 0 0 0
 0 0 0
 0 0 0
 0 0 0
 0 0 0
 0 0 0
 0 0 0
 0 0 0
 0 0 0
 0 0 0
 0 0 0
 0 0 0
 0 0 0
 0 0 0
 0 0 0
 0 0 0
 0 0 0
 0 0 0
 0 0 0
 0 0 0
 0 0 0
 0 0 0
  0.000000000  0.000000000  0.000000000
  0.000000000  0.000000000  0.000000000
  0.000000000  0.000000000  0.000000000
  0.000000000  0.000000000  0.000000000
  0.000000000  0.000000000  0.000000000
  0.000000000  0.000000000  0.000000000
  0.000000000  0.000000000  0.000000000
  0.000000000  0.000000000  0.000000000
  0.000000000  0.000000000  0.000000000
  0.000000000  0.000000000  0.000000000
  0.000000000  0.000000000  0.000000000
  0.000000000  0.000000000  0.000000000
  0.000000000  0.000000000  0.000000000
  0.000000000  0.000000000  0.000000000
  0.000000000  0.000000000  0.000000000
  0.000000000  0.000000000  0.000000000
  0.000000000  0.000000000  0.000000000
  0.000000000  0.000000000  0.000000000
  0.000000000  0.000000000  0.000000000
  0.000000000  0.000000000  0.000000000
  0.000000000  0.000000000  0.000000000
  0.000000000  0.000000000  0.000000000
  0.000000000  0.000000000  0.000000000
  0.000000000  0.000000000  0.000000000
  0.000000000  0.000000000  0.000000000
  0.000000000  0.000000000  0.000000000
  0.000000000  0.000000000  0.000000000
  0.000000000  0.000000000  0.000000000
  0.000000000  0.000000000  0.000000000
  0.000000000  0.000000000  0.000000000
  0.000000000  0.000000000  0.000000000
  0.000000000  0.000000000  0.000000000
  0.000000000  0.000000000  0.000000000
  0.000000000  0.000000000  0.000000000
  0.000000000  0.000000000  0.000000000
  0.000000000  0.000000000  0.000000000
  0.000000000  0.000000000  0.000000000
  0.000000000  0.000000000  0.000000000
  0.000000000  0.000000000  0.000000000
  0.000000000  0.000000000  0.000000000
  0.000000000  0.000000000  0.000000000
  0.000000000  0.000000000  0.000000000
  0.000000000  0.000000000  0.000000000
  0.000000000  0.000000000  0.000000000
  0.000000000  0.000000000  0.000000000
  0.000000000  0.000000000  0.000000000
  0.000000000  0.000000000  0.000000000
  0.000000000  0.000000000  0.000000000
  0.000000000  0.000000000  0.000000000
  0.000000000  0.000000000  0.000000000
  0.000000000  0.000000000  0.000000000
  0.000000000  0.000000000  0.000000000
  0.000000000  0.000000000  0.000000000
  0.000000000  0.000000000  0.000000000
  0.000000000  0.000000000  0.000000000
  0.000000000  0.000000000  0.000000000
  0.000000000  0.000000000  0.000000000
  0.000000000  0.000000000  0.000000000
  0.000000000  0.000000000  0.000000000
  0.000000000  0.000000000  0.000000000
  0.000000000  0.000000000  0.000000000
  0.000000000  0.000000000  0.000000000
  0.000000000  0.000000000  0.000000000
  0.000000000  0.000000000  0.000000000
  0.000000000  0.000000000  0.000000000
  0.000000000  0.000000000  0.000000000
  0.000000000  0.000000000  0.000000000
  0.000000000  0.000000000  0.000000000
  0.000000000  0.000000000  0.000000000
  0.000000000  0.000000000  0.000000000
  0.000000000  0.000000000  0.000000000
  0.000000000  0.000000000  0.000000000
  0.000000000  0.000000000  0.000000000
  0.000000000  0.000000000  0.000000000
  0.000000000  0.000000000  0.000000000
  0.000000000  0.000000000  0.000000000
  0.000000000  0.000000000  0.000000000
  0.000000000  0.000000000  0.000000000
  0.000000000  0.000000000  0.000000000
  0.000000000  0.000000000  0.000000000
  0.000000000  0.000000000  0.000000000
  0.000000000  0.000000000  0.000000000
  0.000000000  0.000000000  0.000000000
  0.000000000  0.000000000  0.000000000
  0.000000000  0.000000000  0.000000000
  0.000000000  0.000000000  0.000000000
  0.000000000  0.000000000  0.000000000
  0.000000000  0.000000000  0.000000000
  0.000000000  0.000000000  0.000000000
  0.000000000  0.000000000  0.000000000
  0.000000000  0.000000000  0.000000000
  0.000000000  0.000000000  0.000000000
  0.000000000  0.000000000  0.000000000
  0.000000000  0.000000000  0.000000000
  0.000000000  0.000000000  0.000000000
  0.000000000  0.000000000  0.000000000
  0.000000000  0.000000000  0.000000000
  0.000000000  0.000000000  0.000000000
  0.000000000  0.000000000  0.000000000
  0.000000000  0.000000000  0.000000000
  0.000000000  0.000000000  0.000000000
  0.000000000  0.000000000  0.000000000
  0.000000000  0.000000000  0.000000000
  0.000000000  0.000000000  0.000000000
  0.000000000  0.000000000  0.000000000
  0.000000000  0.000000000  0.000000000
  0.000000000  0.000000000  0.000000000
  0.000000000  0.000000000  0.000000000
  0.000000000  0.000000000  0.000000000
  0.000000000  0.000000000  0.000000000
  0.000000000  0.000000000  0.000000000
  0.000000000  0.000000000  0.000000000
  0.000000000  0.000000000  0.000000000
  0.000000000  0.000000000  0.000000000
  0.000000000  0.000000000  0.000000000
  0.000000000  0.000000000  0.000000000
  0.000000000  0.000000000  0.000000000
  0.000000000  0.000000000  0.000000000
  0.000000000  0.000000000  0.000000000
  0.000000000  0.000000000  0.000000000
  0.000000000  0.000000000  0.000000000
  0.000000000  0.000000000  0.000000000
  0.000000000  0.000000000  0.000000000
  0.000000000  0.000000000  0.000000000
  0.000000000  0.000000000  0.000000000
  0.000000000  0.000000000  0.000000000
  0.000000000  0.000000000  0.000000000
  0.000000000  0.000000000  0.000000000
  0.000000000  0.000000000  0.000000000
  0.000000000  0.000000000  0.000000000
  0.000000000  0.000000000  0.000000000
  0.000000000  0.000000000  0.000000000
  0.000000000  0.000000000  0.000000000
  0.000000000  0.000000000  0.000000000
  0.000000000  0.000000000  0.000000000
  0.000000000  0.000000000  0.000000000
  0.000000000  0.000000000  0.000000000
  0.000000000  0.000000000  0.000000000
  0.000000000  0.000000000  0.000000000
  0.000000000  0.000000000  0.000000000
  0.000000000  0.000000000  0.000000000
  0.000000000  0.000000000  0.000000000
  0.000000000  0.000000000  0.000000000
  0.000000000  0.000000000  0.000000000
  0.000000000  0.000000000  0.000000000
  0.000000000  0.000000000  0.000000000
  0.000000000  0.000000000  0.000000000
  0.000000000  0.000000000  0.000000000
  0.000000000  0.000000000  0.000000000
  0.000000000  0.000000000  0.000000000
  0.000000000  0.000000000  0.000000000
  0.000000000  0.000000000  0.000000000
  0.000000000  0.000000000  0.000000000
  0.000000000  0.000000000  0.000000000
  0.000000000  0.000000000  0.000000000
  0.000000000  0.000000000  0.000000000
  0.000000000  0.000000000  0.000000000
  0.000000000  0.000000000  0.000000000
  0.000000000  0.000000000  0.000000000
  0.000000000  0.000000000  0.000000000
  0.000000000  0.000000000  0.000000000
  0.000000000  0.000000000  0.000000000
  0.000000000  0.000000000  0.000000000
  0.000000000  0.000000000  0.000000000
  0.000000000  0.000000000  0.000000000
  0.000000000  0.000000000  0.000000000
  0.000000000  0.000000000  0.000000000
  0.000000000  0.000000000  0.000000000
  0.000000000  0.000000000  0.000000000
  0.000000000  0.000000000  0.000000000
  0.000000000  0.000000000  0.000000000
  0.000000000  0.000000000  0.000000000
  0.000000000  0.000000000  0.000000000
  0.000000000  0.000000000  0.000000000
  0.000000000  0.000000000  0.000000000
  0.000000000  0.000000000  0.000000000
  0.000000000  0.000000000  0.000000000
  0.000000000  0.000000000  0.000000000
  0.000000000  0.000000000  0.000000000
  0.000000000  0.000000000  0.000000000
  0.000000000  0.000000000  0.000000000
  0.000000000  0.000000000  0.000000000
  0.000000000  0.000000000  0.000000000
  0.000000000  0.000000000  0.000000000
  0.000000000  0.000000000  0.000000000
  0.000000000  0.000000000  0.000000000
  0.000000000  0.000000000  0.000000000
  0.000000000  0.000000000  0.000000000
  0.000000000  0.000000000  0.000000000
  0.000000000  0.000000000  0.000000000
  0.000000000  0.000000000  0.000000000
  0.000000000  0.000000000  0.000000000
  0.000000000  0.000000000  0.000000000
  0.000000000  0.000000000  0.000000000
  0.000000000  0.000000000  0.000000000
  0.000000000  0.000000000  0.000000000
  0.000000000  0.000000000  0.000000000
  0.000000000  0.000000000  0.000000000
  0.000000000  0.000000000  0.000000000
  0.000000000  0.000000000  0.000000000
  0.000000000  0.000000000  0.000000000
  0.000000000  0.000000000  0.000000000
  0.000000000  0.000000000  0.000000000
  0.000000000  0.000000000  0.000000000
  0.000000000  0.000000000  0.000000000
  0.000000000  0.000000000  0.000000000
  0.000000000  0.000000000  0.000000000
  0.000000000  0.000000000  0.000000000
  0.000000000  0.000000000  0.000000000
  0.000000000  0.000000000  0.000000000
  0.000000000  0.000000000  0.000000000
  0.000000000  0.000000000  0.000000000
  0.000000000  0.000000000  0.000000000
  0.000000000  0.000000000  0.000000000
  0.000000000  0.000000000  0.000000000
  0.000000000  0.000000000  0.000000000
  0.000000000  0.000000000  0.000000000
  0.000000000  0.000000000  0.000000000
  0.000000000  0.000000000  0.000000000
  0.000000000  0.000000000  0.000000000
  0.000000000  0.000000000  0.000000000
  0.000000000  0.000000000  0.000000000
  0.000000000  0.000000000  0.000000000
  0.000000000  0.000000000  0.000000000
  0.000000000  0.000000000  0.000000000
  0.000000000  0.000000000  0.000000000
  0.000000000  0.000000000  0.000000000
  0.000000000  0.000000000  0.000000000
  0.000000000  0.000000000  0.000000000
  0.000000000  0.000000000  0.000000000
  0.000000000  0.000000000  0.000000000
  0.000000000  0.000000000  0.000000000
  0.000000000  0.000000000  0.000000000
  0.000000000  0.000000000  0.000000000
  0.000000000  0.000000000  0.000000000
  0.000000000  0.000000000  0.000000000
  0.000000000  0.000000000  0.000000000
  0.000000000  0.000000000  0.000000000
  0.000000000  0.000000000  0.000000000
  0.000000000  0.000000000  0.000000000
  0.000000000  0.000000000  0.000000000
  0.000000000  0.000000000  0.000000000
  0.000000000  0.000000000  0.000000000
  0.000000000  0.000000000  0.000000000
  0.000000000  0.000000000  0.000000000
  0.000000000  0.000000000  0.000000000
  0.000000000  0.000000000  0.000000000
  0.000000000  0.000000000  0.000000000
  0.000000000  0.000000000  0.000000000
  0.000000000  0.000000000  0.000000000
  0.000000000  0.000000000  0.000000000
  0.000000000  0.000000000  0.000000000
  0.000000000  0.000000000  0.000000000
  0.000000000  0.000000000  0.000000000
  0.000000000  0.000000000  0.000000000
  0.000000000  0.000000000  0.000000000
  0.000000000  0.000000000  0.000000000
  0.000000000  0.000000000  0.000000000
  0.000000000  0.000000000  0.000000000
  0.000000000  0.000000000  0.000000000
  0.000000000  0.000000000  0.000000000
  0.000000000  0.000000000  0.000000000
  0.000000000  0.000000000  0.000000000
  0.000000000  0.000000000  0.000000000
  0.000000000  0.000000000  0.000000000
  0.000000000  0.000000000  0.000000000
  0.000000000  0.000000000  0.000000000
  0.000000000  0.000000000  0.000000000
  0.000000000  0.000000000  0.000000000
  0.000000000  0.000000000  0.000000000
 0 0 0
 0 0 0
 0 0 0
 0 0 0
 0 0 0
 0 0 0
 0 0 0
 0 0 0
 0 0 0
 0 0 0
 0 0 0
 0 0 0
 0 0 0
 0 0 0
 0 0 0
 0 0 0
 0 0 0
 0 0 0
 0 0 0
 0 0 0
 0 0 0
 0 0 0
 0 0 0
 0 0 0
 0 0 0
 0 0 0
 0 0 0
 0 0 0
 0 0 0
 0 0 0
 0 0 0
 0 0 0
 0 0 0
 0 0 0
 0 0 0
 0 0 0
 0 0 0
 0 0 0
 0 0 0
 0 0 0
 0 0 0
 0 0 0
 0 0 0
 0 0 0
 0 0 0
 0 0 0
 0 0 0
 0 0 0
 0 0 0
 0 0 0
 0 0 0
 0 0 0
 0 0 0
 0 0 0
 0 0 0
 0 0 0
 0 0 0
 0 0 0
 0 0 0
 0 0 0
 0 0 0
 0 0 0
 0 0 0
 0 0 0
 0 0 0
 0 0 0
 0 0 0
 0 0 0
 0 0 0
 0 0 0
 0 0 0
 0 0 0
 0 0 0
 0 0 0
 0 0 0
 0 0 0
 0 0 0
 0 0 0
 0 0 0
 0 0 0
 0 0 0
 0 0 0
 0 0 0
 0 0 0
 0 0 0
 0 0 0
 0 0 0
 0 0 0
 0 0 0
 0 0 0
 0 0 0
 0 0 0
 0 0 0
 0 0 0
 0 0 0
 0 0 0
 0 0 0
 0 0 0
 0 0 0
 0 0 0
 0 0 0
 0 0 0
 0 0 0
 0 0 0
 0 0 0
 0 0 0
 0 0 0
 0 0 0
 0 0 0
 0 0 0
 0 0 0
 0 0 0
 0 0 0
 0 0 0
 0 0 0
 0 0 0
 0 0 0
 0 0 0
 0 0 0
 0 0 0
 0 0 0
 0 0 0
 0 0 0
 0 0 0
 0 0 0
 0 0 0
 0 0 0
 0 0 0
 0 0 0
 0 0 0
 0 0 0
 0 0 0
 0 0 0
 0 0 0
 0 0 0
 0 0 0
 0 0 0
 0 0 0
 0 0 0
 0 0 0
 0 0 0
 0 0 0
 0 0 0
 0 0 0
 0 0 0
 0 0 0
 0 0 0
 0 0 0
 0 0 0
 0 0 0
 0 0 0
 0 0 0
 0 0 0
 0 0 0
 0 0 0
 0 0 0
 0 0 0
 0 0 0
 0 0 0
 0 0 0
 0 0 0
 0 0 0
 0 0 0
 0 0 0
 0 0 0
 0 0 0
 0 0 0
 0 0 0
 0 0 0
 0 0 0
 0 0 0
 0 0 0
 0 0 0
 0 0 0
 0 0 0
 0 0 0
 0 0 0
 0 0 0
 0 0 0
 0 0 0
 0 0 0
 0 0 0
 0 0 0
 0 0 0
 0 0 0
 0 0 0
 0 0 0
 0 0 0
 0 0 0
 0 0 0
 0 0 0
 0 0 0
 0 0 0
 0 0 0
 0 0 0
 0 0 0
  0.000000000  0.000000000  0.000000000
  0.000000000  0.000000000  0.000000000
  0.000000000  0.000000000  0.000000000
  0.000000000  0.000000000  0.000000000
  0.000000000  0.000000000  0.000000000
  0.000000000  0.000000000  0.000000000
  0.000000000  0.000000000  0.000000000
  0.000000000  0.000000000  0.000000000
  0.000000000  0.000000000  0.000000000
  0.000000000  0.000000000  0.000000000
  0.000000000  0.000000000  0.000000000
  0.000000000  0.000000000  0.000000000
  0.000000000  0.000000000  0.000000000
  0.000000000  0.000000000  0.000000000
  0.000000000  0.000000000  0.000000000
  0.000000000  0.000000000  0.000000000
  0.000000000  0.000000000  0.000000000
  0.000000000  0.000000000  0.000000000
  0.000000000  0.000000000  0.000000000
  0.000000000  0.000000000  0.000000000
  0.000000000  0.000000000  0.000000000
  0.000000000  0.000000000  0.000000000
  0.000000000  0.000000000  0.000000000
  0.000000000  0.000000000  0.000000000
  0.000000000  0.000000000  0.000000000
  0.000000000  0.000000000  0.000000000
  0.000000000  0.000000000  0.000000000
  0.000000000  0.000000000  0.000000000
  0.000000000  0.000000000  0.000000000
  0.000000000  0.000000000  0.000000000
  0.000000000  0.000000000  0.000000000
  0.000000000  0.000000000  0.000000000
  0.000000000  0.000000000  0.000000000
  0.000000000  0.000000000  0.000000000
  0.000000000  0.000000000  0.000000000
  0.000000000  0.000000000  0.000000000
  0.000000000  0.000000000  0.000000000
  0.000000000  0.000000000  0.000000000
  0.000000000  0.000000000  0.000000000
  0.000000000  0.000000000  0.000000000
  0.000000000  0.000000000  0.000000000
  0.000000000  0.000000000  0.000000000
  0.000000000  0.000000000  0.000000000
  0.000000000  0.000000000  0.000000000
  0.000000000  0.000000000  0.000000000
  0.000000000  0.000000000  0.000000000
  0.000000000  0.000000000  0.000000000
  0.000000000  0.000000000  0.000000000
  0.000000000  0.000000000  0.000000000
  0.000000000  0.000000000  0.000000000
  0.000000000  0.000000000  0.000000000
  0.000000000  0.000000000  0.000000000
  0.000000000  0.000000000  0.000000000
  0.000000000  0.000000000  0.000000000
  0.000000000  0.000000000  0.000000000
  0.000000000  0.000000000  0.000000000
  0.000000000  0.000000000  0.000000000
  0.000000000  0.000000000  0.000000000
  0.000000000  0.000000000  0.000000000
  0.000000000  0.000000000  0.000000000
  0.000000000  0.000000000  0.000000000
  0.000000000  0.000000000  0.000000000
  0.000000000  0.000000000  0.000000000
  0.000000000  0.000000000  0.000000000
  0.000000000  0.000000000  0.000000000
  0.000000000  0.000000000  0.000000000
  0.000000000  0.000000000  0.000000000
  0.000000000  0.000000000  0.000000000
  0.000000000  0.000000000  0.000000000
  0.000000000  0.000000000  0.000000000
  0.000000000  0.000000000  0.000000000
  0.000000000  0.000000000  0.000000000
  0.000000000  0.000000000  0.000000000
  0.000000000  0.000000000  0.000000000
  0.000000000  0.000000000  0.000000000
  0.000000000  0.000000000  0.000000000
  0.000000000  0.000000000  0.000000000
  0.000000000  0.000000000  0.000000000
  0.000000000  0.000000000  0.000000000
  0.000000000  0.000000000  0.000000000
  0.000000000  0.000000000  0.000000000
  0.000000000  0.000000000  0.000000000
  0.000000000  0.000000000  0.000000000
  0.000000000  0.000000000  0.000000000
  0.000000000  0.000000000  0.000000000
  0.000000000  0.000000000  0.000000000
  0.000000000  0.000000000  0.000000000
  0.000000000  0.000000000  0.000000000
  0.000000000  0.000000000  0.000000000
  0.000000000  0.000000000  0.000000000
  0.000000000  0.000000000  0.000000000
  0.000000000  0.000000000  0.000000000
  0.000000000  0.000000000  0.000000000
  0.000000000  0.000000000  0.000000000
  0.000000000  0.000000000  0.000000000
  0.000000000  0.000000000  0.000000000
  0.000000000  0.000000000  0.000000000
  0.000000000  0.000000000  0.000000000
  0.000000000  0.000000000  0.000000000
  0.000000000  0.000000000  0.000000000
  0.000000000  0.000000000  0.000000000
  0.000000000  0.000000000  0.000000000
  0.000000000  0.000000000  0.000000000
  0.000000000  0.000000000  0.000000000
  0.000000000  0.000000000  0.000000000
  0.000000000  0.000000000  0.000000000
  0.000000000  0.000000000  0.000000000
  0.000000000  0.000000000  0.000000000
  0.000000000  0.000000000  0.000000000
  0.000000000  0.000000000  0.000000000
  0.000000000  0.000000000  0.000000000
  0.000000000  0.000000000  0.000000000
  0.000000000  0.000000000  0.000000000
  0.000000000  0.000000000  0.000000000
  0.000000000  0.000000000  0.000000000
  0.000000000  0.000000000  0.000000000
  0.000000000  0.000000000  0.000000000
  0.000000000  0.000000000  0.000000000
  0.000000000  0.000000000  0.000000000
  0.000000000  0.000000000  0.000000000
  0.000000000  0.000000000  0.000000000
  0.000000000  0.000000000  0.000000000
  0.000000000  0.000000000  0.000000000
  0.000000000  0.000000000  0.000000000
  0.000000000  0.000000000  0.000000000
  0.000000000  0.000000000  0.000000000
  0.000000000  0.000000000  0.000000000
  0.000000000  0.000000000  0.000000000
  0.000000000  0.000000000  0.000000000
  0.000000000  0.000000000  0.000000000
  0.000000000  0.000000000  0.000000000
  0.000000000  0.000000000  0.000000000
  0.000000000  0.000000000  0.000000000
  0.000000000  0.000000000  0.000000000
  0.000000000  0.000000000  0.000000000
  0.000000000  0.000000000  0.000000000
  0.000000000  0.000000000  0.000000000
  0.000000000  0.000000000  0.000000000
  0.000000000  0.000000000  0.000000000
  0.000000000  0.000000000  0.000000000
  0.000000000  0.000000000  0.000000000
  0.000000000  0.000000000  0.000000000
  0.000000000  0.000000000  0.000000000
  0.000000000  0.000000000  0.000000000
  0.000000000  0.000000000  0.000000000
  0.000000000  0.000000000  0.000000000
  0.000000000  0.000000000  0.000000000
  0.000000000  0.000000000  0.000000000
  0.000000000  0.000000000  0.000000000
  0.000000000  0.000000000  0.000000000
  0.000000000  0.000000000  0.000000000
  0.000000000  0.000000000  0.000000000
  0.000000000  0.000000000  0.000000000
  0.000000000  0.000000000  0.000000000
  0.000000000  0.000000000  0.000000000
  0.000000000  0.000000000  0.000000000
  0.000000000  0.000000000  0.000000000
  0.000000000  0.000000000  0.000000000
  0.000000000  0.000000000  0.000000000
  0.000000000  0.000000000  0.000000000
  0.000000000  0.000000000  0.000000000
  0.000000000  0.000000000  0.000000000
  0.000000000  0.000000000  0.000000000
  0.000000000  0.000000000  0.000000000
  0.000000000  0.000000000  0.000000000
  0.000000000  0.000000000  0.000000000
  0.000000000  0.000000000  0.000000000
  0.000000000  0.000000000  0.000000000
  0.000000000  0.000000000  0.000000000
  0.000000000  0.000000000  0.000000000
  0.000000000  0.000000000  0.000000000
  0.000000000  0.000000000  0.000000000
  0.000000000  0.000000000  0.000000000
  0.000000000  0.000000000  0.000000000
  0.000000000  0.000000000  0.000000000
  0.000000000  0.000000000  0.000000000
  0.000000000  0.000000000  0.000000000
  0.000000000  0.000000000  0.000000000
  0.000000000  0.000000000  0.000000000
  0.000000000  0.000000000  0.000000000
  0.000000000  0.000000000  0.000000000
  0.000000000  0.000000000  0.000000000
  0.000000000  0.000000000  0.000000000
  0.000000000  0.000000000  0.000000000
  0.000000000  0.000000000  0.000000000
  0.000000000  0.000000000  0.000000000
  0.000000000  0.000000000  0.000000000
  0.000000000  0.000000000  0.000000000
  0.000000000  0.000000000  0.000000000
  0.000000000  0.000000000  0.000000000
  0.000000000  0.000000000  0.000000000
  0.000000000  0.000000000  0.000000000
  0.000000000  0.000000000  0.000000000
  0.000000000  0.000000000  0.000000000
  0.000000000  0.000000000  0.000000000
  0.000000000  0.000000000  0.000000000
  0.000000000  0.000000000  0.000000000
  0.000000000  0.000000000  0.000000000
  0.000000000  0.000000000  0.000000000
  0.000000000  0.000000000  0.000000000
  0.000000000  0.000000000  0.000000000
  0.000000000  0.000000000  0.000000000
  0.000000000  0.000000000  0.000000000
  0.000000000  0.000000000  0.000000000
  0.000000000  0.000000000  0.000000000
  0.000000000  0.000000000  0.000000000
  0.000000000  0.000000000  0.000000000
  0.000000000  0.000000000  0.000000000
  0.000000000  0.000000000  0.000000000
  0.000000000  0.000000000  0.000000000
  0.000000000  0.000000000  0.000000000
  0.000000000  0.000000000  0.000000000
  0.000000000  0.000000000  0.000000000
  0.000000000  0.000000000  0.000000000
  0.000000000  0.000000000  0.000000000
  0.000000000  0.000000000  0.000000000
  0.000000000  0.000000000  0.000000000
  0.000000000  0.000000000  0.000000000
  0.000000000  0.000000000  0.000000000
  0.000000000  0.000000000  0.000000000
  0.000000000  0.000000000  0.000000000
  0.000000000  0.000000000  0.000000000
  0.000000000  0.000000000  0.000000000
  0.000000000  0.000000000  0.000000000
  0.000000000  0.000000000  0.000000000
  0.000000000  0.000000000  0.000000000
  0.000000000  0.000000000  0.000000000
  0.000000000  0.000000000  0.000000000
  0.000000000  0.000000000  0.000000000
  0.000000000  0.000000000  0.000000000
  0.000000000  0.000000000  0.000000000
  0.000000000  0.000000000  0.000000000
  0.000000000  0.000000000  0.000000000
  0.000000000  0.000000000  0.000000000
  0.000000000  0.000000000  0.000000000
  0.000000000  0.000000000  0.000000000
  0.000000000  0.000000000  0.000000000
  0.000000000  0.000000000  0.000000000
  0.000000000  0.000000000  0.000000000
  0.000000000  0.000000000  0.000000000
  0.000000000  0.000000000  0.000000000
  0.000000000  0.000000000  0.000000000
  0.000000000  0.000000000  0.000000000
  0.000000000  0.000000000  0.000000000
  0.000000000  0.000000000  0.000000000
  0.000000000  0.000000000  0.000000000
  0.000000000  0.000000000  0.000000000
  0.000000000  0.000000000  0.000000000
  0.000000000  0.000000000  0.000000000
  0.000000000  0.000000000  0.000000000
  0.000000000  0.000000000  0.000000000
  0.000000000  0.000000000  0.000000000
  0.000000000  0.000000000  0.000000000
  0.000000000  0.000000000  0.000000000
  0.000000000  0.000000000  0.000000000
  0.000000000  0.000000000  0.000000000
  0.000000000  0.000000000  0.000000000
  0.000000000  0.000000000  0.000000000
  0.000000000  0.000000000  0.000000000
  0.000000000  0.000000000  0.000000000
  0.000000000  0.000000000  0.000000000
  0.000000000  0.000000000  0.000000000
  0.000000000  0.000000000  0.000000000
  0.000000000  0.000000000  0.000000000
  0.000000000  0.000000000  0.000000000
  0.000000000  0.000000000  0.000000000
  0.000000000  0.000000000  0.000000000
  0.000000000  0.000000000  0.000000000
  0.000000000  0.000000000  0.000000000
  0.000000000  0.000000000  0.000000000
  0.000000000  0.000000000  0.000000000
  0.000000000  0.000000000  0.000000000
  0.000000000  0.000000000  0.000000000
  0.000000000  0.000000000  0.000000000
  0.000000000  0.000000000  0.000000000
  0.000000000  0.000000000  0.000000000
  0.000000000  0.000000000  0.000000000
  0.000000000  0.000000000  0.000000000
  0.000000000  0.000000000  0.000000000
  0.000000000  0.000000000  0.000000000
  0.000000000  0.000000000  0.000000000
  0.000000000  0.000000000  0.000000000
  0.000000000  0.000000000  0.000000000
  0.000000000  0.000000000  0.000000000
  0.000000000  0.000000000  0.000000000
  0.000000000  0.000000000  0.000000000
  0.000000000  0.000000000  0.000000000
   1.06000000000000     
   1.06000000000000     
   1.06000000000000     
   1.06000000000000     
   1.06000000000000     
   1.06000000000000     
   1.06000000000000     
   1.06000000000000     
   1.06000000000000     
   1.06000000000000     
   1.06000000000000     
   1.06000000000000     
   1.06000000000000     
   1.06000000000000     
   1.06000000000000     
   1.06000000000000     
   1.06000000000000     
   1.06000000000000     
   1.06000000000000     
   1.06000000000000     
   1.06000000000000     
   1.06000000000000     
   1.06000000000000     
   1.06000000000000     
   1.06000000000000     
   1.06000000000000     
   1.06000000000000     
   1.06000000000000     
   1.06000000000000     
   1.06000000000000     
   1.06000000000000     
   1.06000000000000     
   1.06000000000000     
   1.06000000000000     
   1.06000000000000     
   1.06000000000000     
   1.06000000000000     
   1.06000000000000     
   1.06000000000000     
   1.06000000000000     
   1.06000000000000     
   1.06000000000000     
   1.06000000000000     
   1.06000000000000     
   1.06000000000000     
   1.06000000000000     
   1.06000000000000     
   1.06000000000000     
   1.06000000000000     
   1.06000000000000     
   1.06000000000000     
   1.06000000000000     
   1.06000000000000     
   1.06000000000000     
   1.06000000000000     
   1.06000000000000     
   1.06000000000000     
   1.06000000000000     
   1.06000000000000     
   1.06000000000000     
   1.06000000000000     
   1.06000000000000     
   1.06000000000000     
   1.06000000000000     
   1.06000000000000     
   1.06000000000000     
   1.06000000000000     
   1.06000000000000     
   1.06000000000000     
   1.06000000000000     
   1.06000000000000     
   1.06000000000000     
   1.06000000000000     
   1.06000000000000     
   1.06000000000000     
   1.06000000000000     
   1.06000000000000     
   1.06000000000000     
   1.06000000000000     
   1.06000000000000     
   1.06000000000000     
   1.06000000000000     
   1.06000000000000     
   1.06000000000000     
   1.06000000000000     
   1.06000000000000     
   1.06000000000000     
   1.06000000000000     
   1.06000000000000     
   1.06000000000000     
   1.06000000000000     
  3.000000000000000E-002
  3.000000000000000E-002
  3.000000000000000E-002
  3.000000000000000E-002
  3.000000000000000E-002
  3.000000000000000E-002
  3.000000000000000E-002
  3.000000000000000E-002
  3.000000000000000E-002
  3.000000000000000E-002
  3.000000000000000E-002
  3.000000000000000E-002
  3.000000000000000E-002
  3.000000000000000E-002
  3.000000000000000E-002
  3.000000000000000E-002
  3.000000000000000E-002
  3.000000000000000E-002
  3.000000000000000E-002
  3.000000000000000E-002
  3.000000000000000E-002
  3.000000000000000E-002
  3.000000000000000E-002
  3.000000000000000E-002
  3.000000000000000E-002
  3.000000000000000E-002
  3.000000000000000E-002
  3.000000000000000E-002
  3.000000000000000E-002
  3.000000000000000E-002
  3.000000000000000E-002
  3.000000000000000E-002
  3.000000000000000E-002
  3.000000000000000E-002
  3.000000000000000E-002
  3.000000000000000E-002
  3.000000000000000E-002
  3.000000000000000E-002
  3.000000000000000E-002
  3.000000000000000E-002
  3.000000000000000E-002
  3.000000000000000E-002
  3.000000000000000E-002
  3.000000000000000E-002
  3.000000000000000E-002
  3.000000000000000E-002
  3.000000000000000E-002
  3.000000000000000E-002
  3.000000000000000E-002
  3.000000000000000E-002
  3.000000000000000E-002
  3.000000000000000E-002
  3.000000000000000E-002
  3.000000000000000E-002
  3.000000000000000E-002
  3.000000000000000E-002
  3.000000000000000E-002
  3.000000000000000E-002
  3.000000000000000E-002
  3.000000000000000E-002
  3.000000000000000E-002
  3.000000000000000E-002
  3.000000000000000E-002
  3.000000000000000E-002
  3.000000000000000E-002
  3.000000000000000E-002
  3.000000000000000E-002
  3.000000000000000E-002
  3.000000000000000E-002
  3.000000000000000E-002
  3.000000000000000E-002
  3.000000000000000E-002
  3.000000000000000E-002
  3.000000000000000E-002
  3.000000000000000E-002
  3.000000000000000E-002
  3.000000000000000E-002
  3.000000000000000E-002
  3.000000000000000E-002
  3.000000000000000E-002
  3.000000000000000E-002
  3.000000000000000E-002
  3.000000000000000E-002
  3.000000000000000E-002
  3.000000000000000E-002
  3.000000000000000E-002
  3.000000000000000E-002
  3.000000000000000E-002
  3.000000000000000E-002
  3.000000000000000E-002
  3.000000000000000E-002
