           3
 2 1 2
   9   2  14
  0.000000000  0.000000000  0.000000000  0.250000000  0.250000000  0.500000000  0.500000000  0.750000000  0.750000000  1.000000000  1.000000000  1.000000000
  0.000000000  0.000000000  1.000000000  1.000000000
  0.195771670  0.195771670  0.195771670  0.196264975  0.196758280  0.197251586  0.197744891  0.198238196  0.198731501  0.199224806  0.199718111  0.200211416  0.200704721  0.201198027  0.201691332  0.201691332  0.201691332
 -0.784396627300E+01 -0.155333921930E+02  0.494145941380E+02  0.100000000000E+01
 -0.784396627300E+01 -0.155333921930E+02  0.494145941380E+02  0.707105474955E+00
 -0.784396627300E+01 -0.155333921930E+02  0.494145941380E+02  0.100000000000E+01
 -0.784396627300E+01 -0.155333921930E+02  0.494145941380E+02  0.707106615486E+00
 -0.784396627300E+01 -0.155333921930E+02  0.494145941380E+02  0.100000000000E+01
 -0.784396627300E+01 -0.155333921930E+02  0.494145941380E+02  0.707107854536E+00
 -0.784396627300E+01 -0.155333921930E+02  0.494145941380E+02  0.100000000000E+01
 -0.784396627300E+01 -0.155333921930E+02  0.494145941380E+02  0.707106146484E+00
 -0.784396627300E+01 -0.155333921930E+02  0.494145941380E+02  0.100000000000E+01
 -0.779573901000E+01 -0.158344247290E+02  0.496347278510E+02  0.100000000000E+01
 -0.789285900400E+01 -0.157310390940E+02  0.504935881160E+02  0.707105474955E+00
 -0.798492455900E+01 -0.151279910100E+02  0.499998564700E+02  0.100000000000E+01
 -0.799956570600E+01 -0.148923993160E+02  0.495595897330E+02  0.707106615486E+00
 -0.790826782800E+01 -0.151320271210E+02  0.491210883490E+02  0.100000000000E+01
 -0.751829851300E+01 -0.152611838610E+02  0.490272038210E+02  0.707107854536E+00
 -0.748469863600E+01 -0.155813260630E+02  0.492703344870E+02  0.100000000000E+01
 -0.754837398800E+01 -0.157892774410E+02  0.494718676970E+02  0.707106146484E+00
 -0.779573901000E+01 -0.158344247290E+02  0.496347278510E+02  0.100000000000E+01
 -0.759975452300E+01 -0.153885527220E+02  0.495244746760E+02  0.100000000000E+01
 -0.759975452300E+01 -0.153885527220E+02  0.495244746760E+02  0.707107284976E+00
 -0.759975452300E+01 -0.153885527220E+02  0.495244746760E+02  0.100000000000E+01
 -0.759975452300E+01 -0.153885527220E+02  0.495244746760E+02  0.707106890028E+00
 -0.759975452300E+01 -0.153885527220E+02  0.495244746760E+02  0.100000000000E+01
 -0.759975452300E+01 -0.153885527220E+02  0.495244746760E+02  0.707106353619E+00
 -0.759975452300E+01 -0.153885527220E+02  0.495244746760E+02  0.100000000000E+01
 -0.759975452300E+01 -0.153885527220E+02  0.495244746760E+02  0.707107030888E+00
 -0.759975452300E+01 -0.153885527220E+02  0.495244746760E+02  0.100000000000E+01
 -0.751120651200E+01 -0.156419143020E+02  0.497482170380E+02  0.100000000000E+01
 -0.759975272900E+01 -0.155009816390E+02  0.504467868030E+02  0.707107284976E+00
 -0.775309186200E+01 -0.150510235490E+02  0.499673721570E+02  0.100000000000E+01
 -0.780602728100E+01 -0.148713550290E+02  0.496022303280E+02  0.707106890028E+00
 -0.769622716800E+01 -0.151125152690E+02  0.492807083670E+02  0.100000000000E+01
 -0.739788956200E+01 -0.152114291670E+02  0.491276586160E+02  0.707106353619E+00
 -0.735269124700E+01 -0.154431358990E+02  0.493648885900E+02  0.100000000000E+01
 -0.734225077700E+01 -0.156097462160E+02  0.495555757260E+02  0.707107030888E+00
 -0.751120651200E+01 -0.156419143020E+02  0.497482170380E+02  0.100000000000E+01
 -0.735872844700E+01 -0.152097799550E+02  0.495693121910E+02  0.100000000000E+01
 -0.735872844700E+01 -0.152097799550E+02  0.495693121910E+02  0.707107791989E+00
 -0.735872844700E+01 -0.152097799550E+02  0.495693121910E+02  0.100000000000E+01
 -0.735872844700E+01 -0.152097799550E+02  0.495693121910E+02  0.707107156764E+00
 -0.735872844700E+01 -0.152097799550E+02  0.495693121910E+02  0.100000000000E+01
 -0.735872844700E+01 -0.152097799550E+02  0.495693121910E+02  0.707105641866E+00
 -0.735872844700E+01 -0.152097799550E+02  0.495693121910E+02  0.100000000000E+01
 -0.735872844700E+01 -0.152097799550E+02  0.495693121910E+02  0.707106695257E+00
 -0.735872844700E+01 -0.152097799550E+02  0.495693121910E+02  0.100000000000E+01
 -0.718341838300E+01 -0.154196084280E+02  0.498222756190E+02  0.100000000000E+01
 -0.723403003000E+01 -0.151705524800E+02  0.502647290880E+02  0.707107791989E+00
 -0.745808308600E+01 -0.149277226910E+02  0.498721305350E+02  0.100000000000E+01
 -0.759709286700E+01 -0.147939848150E+02  0.495822696150E+02  0.707107156764E+00
 -0.751770395300E+01 -0.150195018130E+02  0.493399200990E+02  0.100000000000E+01
 -0.730747824800E+01 -0.151430359320E+02  0.491113488030E+02  0.707105641866E+00
 -0.716301390700E+01 -0.153211260980E+02  0.493413173810E+02  0.100000000000E+01
 -0.707214950700E+01 -0.154517850320E+02  0.495633902320E+02  0.707106695257E+00
 -0.718341838300E+01 -0.154196084280E+02  0.498222756190E+02  0.100000000000E+01
 -0.711946511100E+01 -0.150317071460E+02  0.495126044950E+02  0.100000000000E+01
 -0.711946511100E+01 -0.150317071460E+02  0.495126044950E+02  0.707106002328E+00
 -0.711946511100E+01 -0.150317071460E+02  0.495126044950E+02  0.100000000000E+01
 -0.711946511100E+01 -0.150317071460E+02  0.495126044950E+02  0.707107048180E+00
 -0.711946511100E+01 -0.150317071460E+02  0.495126044950E+02  0.100000000000E+01
 -0.711946511100E+01 -0.150317071460E+02  0.495126044950E+02  0.707107742161E+00
 -0.711946511100E+01 -0.150317071460E+02  0.495126044950E+02  0.100000000000E+01
 -0.711946511100E+01 -0.150317071460E+02  0.495126044950E+02  0.707106629546E+00
 -0.711946511100E+01 -0.150317071460E+02  0.495126044950E+02  0.100000000000E+01
 -0.692030418100E+01 -0.151992200930E+02  0.497414184380E+02  0.100000000000E+01
 -0.696711796300E+01 -0.149386121300E+02  0.499453504550E+02  0.707106002328E+00
 -0.715664401600E+01 -0.147740829020E+02  0.497335688310E+02  0.100000000000E+01
 -0.733050214900E+01 -0.146559892140E+02  0.495010464260E+02  0.707107048180E+00
 -0.731324444100E+01 -0.148687195830E+02  0.492899714450E+02  0.100000000000E+01
 -0.720601938900E+01 -0.150787814030E+02  0.490620538740E+02  0.707107742161E+00
 -0.701889558000E+01 -0.152369249280E+02  0.492748296240E+02  0.100000000000E+01
 -0.687551715400E+01 -0.153381809730E+02  0.494961992250E+02  0.707106629546E+00
 -0.692030418100E+01 -0.151992200930E+02  0.497414184380E+02  0.100000000000E+01
 -0.687743835200E+01 -0.148887980470E+02  0.493955867410E+02  0.100000000000E+01
 -0.687743835200E+01 -0.148887980470E+02  0.493955867410E+02  0.707108580162E+00
 -0.687743835200E+01 -0.148887980470E+02  0.493955867410E+02  0.100000000000E+01
 -0.687743835200E+01 -0.148887980470E+02  0.493955867410E+02  0.707107077196E+00
 -0.687743835200E+01 -0.148887980470E+02  0.493955867410E+02  0.100000000000E+01
 -0.687743835200E+01 -0.148887980470E+02  0.493955867410E+02  0.707105425696E+00
 -0.687743835200E+01 -0.148887980470E+02  0.493955867410E+02  0.100000000000E+01
 -0.687743835200E+01 -0.148887980470E+02  0.493955867410E+02  0.707106041692E+00
 -0.687743835200E+01 -0.148887980470E+02  0.493955867410E+02  0.100000000000E+01
 -0.671497741900E+01 -0.150121832740E+02  0.495672531500E+02  0.100000000000E+01
 -0.675239555300E+01 -0.148078005010E+02  0.496962154400E+02  0.707108580162E+00
 -0.689828333300E+01 -0.146504951020E+02  0.495865965810E+02  0.100000000000E+01
 -0.710202169200E+01 -0.144812133230E+02  0.493852456960E+02  0.707107077196E+00
 -0.711120542900E+01 -0.147112571830E+02  0.491485770440E+02  0.100000000000E+01
 -0.706166218700E+01 -0.150010372730E+02  0.489594703060E+02  0.707105425696E+00
 -0.685455388200E+01 -0.151504206150E+02  0.491858871270E+02  0.100000000000E+01
 -0.668510190900E+01 -0.152445845170E+02  0.493980056570E+02  0.707106041692E+00
 -0.671497741900E+01 -0.150121832740E+02  0.495672531500E+02  0.100000000000E+01
 -0.663857865200E+01 -0.147687007700E+02  0.492494000330E+02  0.100000000000E+01
 -0.663857865200E+01 -0.147687007700E+02  0.492494000330E+02  0.707108550679E+00
 -0.663857865200E+01 -0.147687007700E+02  0.492494000330E+02  0.100000000000E+01
 -0.663857865200E+01 -0.147687007700E+02  0.492494000330E+02  0.707106565700E+00
 -0.663857865200E+01 -0.147687007700E+02  0.492494000330E+02  0.100000000000E+01
 -0.663857865200E+01 -0.147687007700E+02  0.492494000330E+02  0.707105463234E+00
 -0.663857865200E+01 -0.147687007700E+02  0.492494000330E+02  0.100000000000E+01
 -0.663857865200E+01 -0.147687007700E+02  0.492494000330E+02  0.707106545130E+00
 -0.663857865200E+01 -0.147687007700E+02  0.492494000330E+02  0.100000000000E+01
 -0.647424900400E+01 -0.148869591080E+02  0.494144233240E+02  0.100000000000E+01
 -0.649126098600E+01 -0.146788763260E+02  0.495397715290E+02  0.707108550679E+00
 -0.663965549000E+01 -0.145138514820E+02  0.494331039220E+02  0.100000000000E+01
 -0.687808501600E+01 -0.143021005190E+02  0.492228819920E+02  0.707106565700E+00
 -0.691121590500E+01 -0.145724989890E+02  0.489756140310E+02  0.100000000000E+01
 -0.687146739700E+01 -0.148985699090E+02  0.487991872650E+02  0.707105463234E+00
 -0.663742029200E+01 -0.150427311710E+02  0.490518716030E+02  0.100000000000E+01
 -0.646853794900E+01 -0.151185247670E+02  0.492547330240E+02  0.707106545130E+00
 -0.647424900400E+01 -0.148869591080E+02  0.494144233240E+02  0.100000000000E+01
 -0.640413206000E+01 -0.146606592760E+02  0.490874035680E+02  0.100000000000E+01
 -0.640413206000E+01 -0.146606592760E+02  0.490874035680E+02  0.707105481534E+00
 -0.640413206000E+01 -0.146606592760E+02  0.490874035680E+02  0.100000000000E+01
 -0.640413206000E+01 -0.146606592760E+02  0.490874035680E+02  0.707107345586E+00
 -0.640413206000E+01 -0.146606592760E+02  0.490874035680E+02  0.100000000000E+01
 -0.640413206000E+01 -0.146606592760E+02  0.490874035680E+02  0.707107950132E+00
 -0.640413206000E+01 -0.146606592760E+02  0.490874035680E+02  0.100000000000E+01
 -0.640413206000E+01 -0.146606592760E+02  0.490874035680E+02  0.707106347505E+00
 -0.640413206000E+01 -0.146606592760E+02  0.490874035680E+02  0.100000000000E+01
 -0.625771343400E+01 -0.147605797760E+02  0.492265959250E+02  0.100000000000E+01
 -0.625493366000E+01 -0.145567791640E+02  0.493562557390E+02  0.707105481534E+00
 -0.639234951600E+01 -0.143760859810E+02  0.492792908100E+02  0.100000000000E+01
 -0.668641035200E+01 -0.140732312120E+02  0.490628343480E+02  0.707107345586E+00
 -0.673284238900E+01 -0.144363356390E+02  0.487749117390E+02  0.100000000000E+01
 -0.669222471500E+01 -0.148412977820E+02  0.485805793460E+02  0.707107950132E+00
 -0.641474170700E+01 -0.149169118070E+02  0.489146101970E+02  0.100000000000E+01
 -0.627441553300E+01 -0.149410708620E+02  0.490922273870E+02  0.707106347505E+00
 -0.625771343400E+01 -0.147605797760E+02  0.492265959250E+02  0.100000000000E+01
 -0.617731200200E+01 -0.145586715700E+02  0.489112657510E+02  0.100000000000E+01
 -0.617731200200E+01 -0.145586715700E+02  0.489112657510E+02  0.707107260945E+00
 -0.617731200200E+01 -0.145586715700E+02  0.489112657510E+02  0.100000000000E+01
 -0.617731200200E+01 -0.145586715700E+02  0.489112657510E+02  0.707106275698E+00
 -0.617731200200E+01 -0.145586715700E+02  0.489112657510E+02  0.100000000000E+01
 -0.617731200200E+01 -0.145586715700E+02  0.489112657510E+02  0.707106253614E+00
 -0.617731200200E+01 -0.145586715700E+02  0.489112657510E+02  0.100000000000E+01
 -0.617731200200E+01 -0.145586715700E+02  0.489112657510E+02  0.707107334490E+00
 -0.617731200200E+01 -0.145586715700E+02  0.489112657510E+02  0.100000000000E+01
 -0.602172121900E+01 -0.146551854610E+02  0.490443716130E+02  0.100000000000E+01
 -0.600007503300E+01 -0.144344587330E+02  0.491906321980E+02  0.707107260945E+00
 -0.615233666700E+01 -0.142299915920E+02  0.491203953200E+02  0.100000000000E+01
 -0.649473790400E+01 -0.139073685090E+02  0.488876127270E+02  0.707106275698E+00
 -0.657562845200E+01 -0.143115945350E+02  0.485705128320E+02  0.100000000000E+01
 -0.658726514900E+01 -0.147989977500E+02  0.482907175480E+02  0.707106253614E+00
 -0.619885484300E+01 -0.148421823710E+02  0.487308774240E+02  0.100000000000E+01
 -0.605716268800E+01 -0.148279211080E+02  0.489078226540E+02  0.707107334490E+00
 -0.602172121900E+01 -0.146551854610E+02  0.490443716130E+02  0.100000000000E+01
 -0.596705550700E+01 -0.144569873560E+02  0.487155989050E+02  0.100000000000E+01
 -0.596705550700E+01 -0.144569873560E+02  0.487155989050E+02  0.707107107133E+00
 -0.596705550700E+01 -0.144569873560E+02  0.487155989050E+02  0.100000000000E+01
 -0.596705550700E+01 -0.144569873560E+02  0.487155989050E+02  0.707106603177E+00
 -0.596705550700E+01 -0.144569873560E+02  0.487155989050E+02  0.100000000000E+01
 -0.596705550700E+01 -0.144569873560E+02  0.487155989050E+02  0.707106539993E+00
 -0.596705550700E+01 -0.144569873560E+02  0.487155989050E+02  0.100000000000E+01
 -0.596705550700E+01 -0.144569873560E+02  0.487155989050E+02  0.707106874443E+00
 -0.596705550700E+01 -0.144569873560E+02  0.487155989050E+02  0.100000000000E+01
 -0.577980668800E+01 -0.145567338560E+02  0.488492837440E+02  0.100000000000E+01
 -0.575786420800E+01 -0.143162053860E+02  0.489922583870E+02  0.707107107133E+00
 -0.593261926600E+01 -0.141169398740E+02  0.489210858780E+02  0.100000000000E+01
 -0.630360436300E+01 -0.138316756750E+02  0.487004622080E+02  0.707106603177E+00
 -0.642745527000E+01 -0.142117344710E+02  0.483869001480E+02  0.100000000000E+01
 -0.642704224400E+01 -0.147303532400E+02  0.481255284000E+02  0.707106539993E+00
 -0.599858610900E+01 -0.147683459610E+02  0.485274486320E+02  0.100000000000E+01
 -0.582843653100E+01 -0.147466085080E+02  0.487056480800E+02  0.707106874443E+00
 -0.577980668800E+01 -0.145567338560E+02  0.488492837440E+02  0.100000000000E+01
 -0.576763191500E+01 -0.143517942690E+02  0.485104960290E+02  0.100000000000E+01
 -0.576763191500E+01 -0.143517942690E+02  0.485104960290E+02  0.707104376940E+00
 -0.576763191500E+01 -0.143517942690E+02  0.485104960290E+02  0.100000000000E+01
 -0.576763191500E+01 -0.143517942690E+02  0.485104960290E+02  0.707107317598E+00
 -0.576763191500E+01 -0.143517942690E+02  0.485104960290E+02  0.100000000000E+01
 -0.576763191500E+01 -0.143517942690E+02  0.485104960290E+02  0.707108140764E+00
 -0.576763191500E+01 -0.143517942690E+02  0.485104960290E+02  0.100000000000E+01
 -0.576763191500E+01 -0.143517942690E+02  0.485104960290E+02  0.707107289452E+00
 -0.576763191500E+01 -0.143517942690E+02  0.485104960290E+02  0.100000000000E+01
 -0.558718131800E+01 -0.144474438620E+02  0.486385078250E+02  0.100000000000E+01
 -0.560094633800E+01 -0.142405359780E+02  0.487336199710E+02  0.707104376940E+00
 -0.574185700000E+01 -0.140731524330E+02  0.486823578560E+02  0.100000000000E+01
 -0.608028982300E+01 -0.137957770480E+02  0.484937526830E+02  0.707107317598E+00
 -0.621620023600E+01 -0.141140263970E+02  0.481922754650E+02  0.100000000000E+01
 -0.623945545000E+01 -0.146469023410E+02  0.478893249830E+02  0.707108140764E+00
 -0.580174632800E+01 -0.147205886920E+02  0.482830254320E+02  0.100000000000E+01
 -0.561662616700E+01 -0.146783362810E+02  0.484881065480E+02  0.707107289452E+00
 -0.558718131800E+01 -0.144474438620E+02  0.486385078250E+02  0.100000000000E+01
 -0.557048234100E+01 -0.142505558960E+02  0.483013594010E+02  0.100000000000E+01
 -0.557048234100E+01 -0.142505558960E+02  0.483013594010E+02  0.707109334129E+00
 -0.557048234100E+01 -0.142505558960E+02  0.483013594010E+02  0.100000000000E+01
 -0.557048234100E+01 -0.142505558960E+02  0.483013594010E+02  0.707105872511E+00
 -0.557048234100E+01 -0.142505558960E+02  0.483013594010E+02  0.100000000000E+01
 -0.557048234100E+01 -0.142505558960E+02  0.483013594010E+02  0.707105637841E+00
 -0.557048234100E+01 -0.142505558960E+02  0.483013594010E+02  0.100000000000E+01
 -0.557048234100E+01 -0.142505558960E+02  0.483013594010E+02  0.707106280278E+00
 -0.557048234100E+01 -0.142505558960E+02  0.483013594010E+02  0.100000000000E+01
 -0.541364869200E+01 -0.143292256760E+02  0.484049332130E+02  0.100000000000E+01
 -0.542378579900E+01 -0.141590884450E+02  0.484687135780E+02  0.707109334129E+00
 -0.553953683300E+01 -0.140282837710E+02  0.484233321060E+02  0.100000000000E+01
 -0.584159036900E+01 -0.137533887920E+02  0.482765391440E+02  0.707105872511E+00
 -0.602791904800E+01 -0.140210999600E+02  0.479992718370E+02  0.100000000000E+01
 -0.614298835500E+01 -0.145830466510E+02  0.476586921900E+02  0.707105637841E+00
 -0.562618292200E+01 -0.146506380050E+02  0.480818176230E+02  0.100000000000E+01
 -0.540544244500E+01 -0.146145266550E+02  0.482902910000E+02  0.707106280278E+00
 -0.541364869200E+01 -0.143292256760E+02  0.484049332130E+02  0.100000000000E+01
 -0.538670637100E+01 -0.141657207050E+02  0.480736114790E+02  0.100000000000E+01
 -0.538670637100E+01 -0.141657207050E+02  0.480736114790E+02  0.707107729100E+00
 -0.538670637100E+01 -0.141657207050E+02  0.480736114790E+02  0.100000000000E+01
 -0.538670637100E+01 -0.141657207050E+02  0.480736114790E+02  0.707106123424E+00
 -0.538670637100E+01 -0.141657207050E+02  0.480736114790E+02  0.100000000000E+01
 -0.538670637100E+01 -0.141657207050E+02  0.480736114790E+02  0.707106342588E+00
 -0.538670637100E+01 -0.141657207050E+02  0.480736114790E+02  0.100000000000E+01
 -0.538670637100E+01 -0.141657207050E+02  0.480736114790E+02  0.707106929639E+00
 -0.538670637100E+01 -0.141657207050E+02  0.480736114790E+02  0.100000000000E+01
 -0.526070519900E+01 -0.142248062350E+02  0.481487240940E+02  0.100000000000E+01
 -0.526647509500E+01 -0.140909233480E+02  0.481880894320E+02  0.707107729100E+00
 -0.535211091800E+01 -0.139833444400E+02  0.481590407680E+02  0.100000000000E+01
 -0.562798574500E+01 -0.137090128790E+02  0.480418905890E+02  0.707106123424E+00
 -0.583042181700E+01 -0.139576509570E+02  0.478091043220E+02  0.100000000000E+01
 -0.595105499600E+01 -0.144889487740E+02  0.475453638950E+02  0.707106342588E+00
 -0.545894724800E+01 -0.145465527570E+02  0.478952233330E+02  0.100000000000E+01
 -0.525779401700E+01 -0.144870981820E+02  0.480653155870E+02  0.707106929639E+00
 -0.526070519900E+01 -0.142248062350E+02  0.481487240940E+02  0.100000000000E+01
 -0.521590057400E+01 -0.140951316070E+02  0.478313048230E+02  0.100000000000E+01
 -0.521590057400E+01 -0.140951316070E+02  0.478313048230E+02  0.707109310553E+00
 -0.521590057400E+01 -0.140951316070E+02  0.478313048230E+02  0.100000000000E+01
 -0.521590057400E+01 -0.140951316070E+02  0.478313048230E+02  0.707105599567E+00
 -0.521590057400E+01 -0.140951316070E+02  0.478313048230E+02  0.100000000000E+01
 -0.521590057400E+01 -0.140951316070E+02  0.478313048230E+02  0.707105558068E+00
 -0.521590057400E+01 -0.140951316070E+02  0.478313048230E+02  0.100000000000E+01
 -0.521590057400E+01 -0.140951316070E+02  0.478313048230E+02  0.707106656592E+00
 -0.521590057400E+01 -0.140951316070E+02  0.478313048230E+02  0.100000000000E+01
 -0.511136303600E+01 -0.141420257760E+02  0.478887840470E+02  0.100000000000E+01
 -0.508837093700E+01 -0.140066897110E+02  0.479395181090E+02  0.707109310553E+00
 -0.517046711200E+01 -0.138913859310E+02  0.479149035180E+02  0.100000000000E+01
 -0.544629902000E+01 -0.136245586250E+02  0.478006670490E+02  0.707105599567E+00
 -0.562819605800E+01 -0.139101822100E+02  0.476046145780E+02  0.100000000000E+01
 -0.570912755300E+01 -0.143776578270E+02  0.474283607620E+02  0.707105558068E+00
 -0.528661841800E+01 -0.144122670840E+02  0.477011856140E+02  0.100000000000E+01
 -0.511992501700E+01 -0.143541006220E+02  0.478276072800E+02  0.707106656592E+00
 -0.511136303600E+01 -0.141420257760E+02  0.478887840470E+02  0.100000000000E+01
 -0.505523474400E+01 -0.140350555290E+02  0.475793844770E+02  0.100000000000E+01
 -0.505523474400E+01 -0.140350555290E+02  0.475793844770E+02  0.707106013109E+00
 -0.505523474400E+01 -0.140350555290E+02  0.475793844770E+02  0.100000000000E+01
 -0.505523474400E+01 -0.140350555290E+02  0.475793844770E+02  0.707108148105E+00
 -0.505523474400E+01 -0.140350555290E+02  0.475793844770E+02  0.100000000000E+01
 -0.505523474400E+01 -0.140350555290E+02  0.475793844770E+02  0.707107681531E+00
 -0.505523474400E+01 -0.140350555290E+02  0.475793844770E+02  0.100000000000E+01
 -0.505523474400E+01 -0.140350555290E+02  0.475793844770E+02  0.707105282017E+00
 -0.505523474400E+01 -0.140350555290E+02  0.475793844770E+02  0.100000000000E+01
 -0.500448720800E+01 -0.140571687350E+02  0.476056143890E+02  0.100000000000E+01
 -0.499673882700E+01 -0.139773243120E+02  0.476277859550E+02  0.707106013109E+00
 -0.502170780200E+01 -0.138983884970E+02  0.476297360240E+02  0.100000000000E+01
 -0.523307098000E+01 -0.136127404230E+02  0.475627361570E+02  0.707108148105E+00
 -0.540948828500E+01 -0.138806874350E+02  0.473962770100E+02  0.100000000000E+01
 -0.544404255700E+01 -0.142757699700E+02  0.472888855220E+02  0.707107681531E+00
 -0.509792301400E+01 -0.142090648480E+02  0.475152733650E+02  0.100000000000E+01
 -0.501988773800E+01 -0.141604800790E+02  0.475736369720E+02  0.707105282017E+00
 -0.500448720800E+01 -0.140571687350E+02  0.476056143890E+02  0.100000000000E+01
           1
           2
           3
           4
           5
           6
           7
           8
           9
          10
          11
          12
          13
          14
          15
          16
          17
          18
          19
          20
          21
          22
          23
          24
          25
          26
          27
          28
          29
          30
          31
          32
          33
          34
          35
          36
          37
          38
          39
          40
          41
          42
          43
          44
          45
          46
          47
          48
          49
          50
          51
          52
          53
          54
          55
          56
          57
          58
          59
          60
          61
          62
          63
          64
          65
          66
          67
          68
          69
          70
          71
          72
          73
          74
          75
          76
          77
          78
          79
          80
          81
          82
          83
          84
          85
          86
          87
          88
          89
          90
          91
          92
          93
          94
          95
          96
          97
          98
          99
         100
         101
         102
         103
         104
         105
         106
         107
         108
         109
         110
         111
         112
         113
         114
         115
         116
         117
         118
         119
         120
         121
         122
         123
         124
         125
         126
         127
         128
         129
         130
         131
         132
         133
         134
         135
         136
         137
         138
         139
         140
         141
         142
         143
         144
         145
         146
         147
         148
         149
         150
         151
         152
         153
         154
         155
         156
         157
         158
         159
         160
         161
         162
         163
         164
         165
         166
         167
         168
         169
         170
         171
         172
         173
         174
         175
         176
         177
         178
         179
         180
         181
         182
         183
         184
         185
         186
         187
         188
         189
         190
         191
         192
         193
         194
         195
         196
         197
         198
         199
         200
         201
         202
         203
         204
         205
         206
         207
         208
         209
         210
         211
         212
         213
         214
         215
         216
         217
         218
         219
         220
         221
         222
         223
         224
         225
         226
         227
         228
         229
         230
         231
         232
         233
         234
         235
         236
         237
         238
         239
         240
         241
         242
         243
         244
         245
         246
         247
         248
         249
         250
         251
         252
 1 0 0
 0 0 0
 0 0 0
 0 0 0
 0 0 0
 0 0 0
 0 0 0
 0 0 0
 0 0 0
 0 0 0
 0 0 0
 0 0 0
 0 0 0
 0 0 0
 0 0 0
 0 0 0
 0 0 0
 0 0 0
 0 0 0
 0 0 0
 0 0 0
 0 0 0
 0 0 0
 0 0 0
 0 0 0
 0 0 0
 0 0 0
 0 0 0
 0 0 0
 0 0 0
 0 0 0
 0 0 0
 0 0 0
 0 0 0
 0 0 0
 0 0 0
 0 0 0
 0 0 0
 0 0 0
 0 0 0
 0 0 0
 0 0 0
 0 0 0
 0 0 0
 0 0 0
 0 0 0
 0 0 0
 0 0 0
 0 0 0
 0 0 0
 0 0 0
 0 0 0
 0 0 0
 0 0 0
 0 0 0
 0 0 0
 0 0 0
 0 0 0
 0 0 0
 0 0 0
 0 0 0
 0 0 0
 0 0 0
 0 0 0
 0 0 0
 0 0 0
 0 0 0
 0 0 0
 0 0 0
 0 0 0
 0 0 0
 0 0 0
 0 0 0
 0 0 0
 0 0 0
 0 0 0
 0 0 0
 0 0 0
 0 0 0
 0 0 0
 0 0 0
 0 0 0
 0 0 0
 0 0 0
 0 0 0
 0 0 0
 0 0 0
 0 0 0
 0 0 0
 0 0 0
 0 0 0
 0 0 0
 0 0 0
 0 0 0
 0 0 0
 0 0 0
 0 0 0
 0 0 0
 0 0 0
 0 0 0
 0 0 0
 0 0 0
 0 0 0
 0 0 0
 0 0 0
 0 0 0
 0 0 0
 0 0 0
 0 0 0
 0 0 0
 0 0 0
 0 0 0
 0 0 0
 0 0 0
 0 0 0
 0 0 0
 0 0 0
 0 0 0
 0 0 0
 0 0 0
 0 0 0
 0 0 0
 0 0 0
 0 0 0
 0 0 0
 0 0 0
 0 0 0
 0 0 0
 0 0 0
 0 0 0
 0 0 0
 0 0 0
 0 0 0
 0 0 0
 0 0 0
 0 0 0
 0 0 0
 0 0 0
 0 0 0
 0 0 0
 0 0 0
 0 0 0
 0 0 0
 0 0 0
 0 0 0
 0 0 0
 0 0 0
 0 0 0
 0 0 0
 0 0 0
 0 0 0
 0 0 0
 0 0 0
 0 0 0
 0 0 0
 0 0 0
 0 0 0
 0 0 0
 0 0 0
 0 0 0
 0 0 0
 0 0 0
 0 0 0
 0 0 0
 0 0 0
 0 0 0
 0 0 0
 0 0 0
 0 0 0
 0 0 0
 0 0 0
 0 0 0
 0 0 0
 0 0 0
 0 0 0
 0 0 0
 0 0 0
 0 0 0
 0 0 0
 0 0 0
 0 0 0
 0 0 0
 0 0 0
 0 0 0
 0 0 0
 0 0 0
 0 0 0
 0 0 0
 0 0 0
 0 0 0
 0 0 0
 0 0 0
 0 0 0
 0 0 0
 0 0 0
 0 0 0
 0 0 0
 0 0 0
 0 0 0
 0 0 0
 0 0 0
 0 0 0
 0 0 0
 0 0 0
 0 0 0
 0 0 0
 0 0 0
 0 0 0
 0 0 0
 0 0 0
 0 0 0
 0 0 0
 0 0 0
 0 0 0
 0 0 0
 0 0 0
 0 0 0
 0 0 0
 0 0 0
 0 0 0
 0 0 0
 0 0 0
 0 0 0
 0 0 0
 0 0 0
 0 0 0
 0 0 0
 0 0 0
 0 0 0
 0 0 0
 0 0 0
 0 0 0
 0 0 0
 0 0 0
 0 0 0
 0 0 0
 0 0 0
 0 0 0
 0 0 0
 0 0 0
 0 0 0
 0 0 0
 0 0 0
 0 0 0
 0 0 0
 0 0 0
 0 0 0
 0 0 0
 0 0 0
 0 0 0
 0 0 0
 0 0 0
 0 0 0
  0.000000000  0.000000000  0.000000000
  0.000000000  0.000000000  0.000000000
  0.000000000  0.000000000  0.000000000
  0.000000000  0.000000000  0.000000000
  0.000000000  0.000000000  0.000000000
  0.000000000  0.000000000  0.000000000
  0.000000000  0.000000000  0.000000000
  0.000000000  0.000000000  0.000000000
  0.000000000  0.000000000  0.000000000
  0.000000000  0.000000000  0.000000000
  0.000000000  0.000000000  0.000000000
  0.000000000  0.000000000  0.000000000
  0.000000000  0.000000000  0.000000000
  0.000000000  0.000000000  0.000000000
  0.000000000  0.000000000  0.000000000
  0.000000000  0.000000000  0.000000000
  0.000000000  0.000000000  0.000000000
  0.000000000  0.000000000  0.000000000
  0.000000000  0.000000000  0.000000000
  0.000000000  0.000000000  0.000000000
  0.000000000  0.000000000  0.000000000
  0.000000000  0.000000000  0.000000000
  0.000000000  0.000000000  0.000000000
  0.000000000  0.000000000  0.000000000
  0.000000000  0.000000000  0.000000000
  0.000000000  0.000000000  0.000000000
  0.000000000  0.000000000  0.000000000
  0.000000000  0.000000000  0.000000000
  0.000000000  0.000000000  0.000000000
  0.000000000  0.000000000  0.000000000
  0.000000000  0.000000000  0.000000000
  0.000000000  0.000000000  0.000000000
  0.000000000  0.000000000  0.000000000
  0.000000000  0.000000000  0.000000000
  0.000000000  0.000000000  0.000000000
  0.000000000  0.000000000  0.000000000
  0.000000000  0.000000000  0.000000000
  0.000000000  0.000000000  0.000000000
  0.000000000  0.000000000  0.000000000
  0.000000000  0.000000000  0.000000000
  0.000000000  0.000000000  0.000000000
  0.000000000  0.000000000  0.000000000
  0.000000000  0.000000000  0.000000000
  0.000000000  0.000000000  0.000000000
  0.000000000  0.000000000  0.000000000
  0.000000000  0.000000000  0.000000000
  0.000000000  0.000000000  0.000000000
  0.000000000  0.000000000  0.000000000
  0.000000000  0.000000000  0.000000000
  0.000000000  0.000000000  0.000000000
  0.000000000  0.000000000  0.000000000
  0.000000000  0.000000000  0.000000000
  0.000000000  0.000000000  0.000000000
  0.000000000  0.000000000  0.000000000
  0.000000000  0.000000000  0.000000000
  0.000000000  0.000000000  0.000000000
  0.000000000  0.000000000  0.000000000
  0.000000000  0.000000000  0.000000000
  0.000000000  0.000000000  0.000000000
  0.000000000  0.000000000  0.000000000
  0.000000000  0.000000000  0.000000000
  0.000000000  0.000000000  0.000000000
  0.000000000  0.000000000  0.000000000
  0.000000000  0.000000000  0.000000000
  0.000000000  0.000000000  0.000000000
  0.000000000  0.000000000  0.000000000
  0.000000000  0.000000000  0.000000000
  0.000000000  0.000000000  0.000000000
  0.000000000  0.000000000  0.000000000
  0.000000000  0.000000000  0.000000000
  0.000000000  0.000000000  0.000000000
  0.000000000  0.000000000  0.000000000
  0.000000000  0.000000000  0.000000000
  0.000000000  0.000000000  0.000000000
  0.000000000  0.000000000  0.000000000
  0.000000000  0.000000000  0.000000000
  0.000000000  0.000000000  0.000000000
  0.000000000  0.000000000  0.000000000
  0.000000000  0.000000000  0.000000000
  0.000000000  0.000000000  0.000000000
  0.000000000  0.000000000  0.000000000
  0.000000000  0.000000000  0.000000000
  0.000000000  0.000000000  0.000000000
  0.000000000  0.000000000  0.000000000
  0.000000000  0.000000000  0.000000000
  0.000000000  0.000000000  0.000000000
  0.000000000  0.000000000  0.000000000
  0.000000000  0.000000000  0.000000000
  0.000000000  0.000000000  0.000000000
  0.000000000  0.000000000  0.000000000
  0.000000000  0.000000000  0.000000000
  0.000000000  0.000000000  0.000000000
  0.000000000  0.000000000  0.000000000
  0.000000000  0.000000000  0.000000000
  0.000000000  0.000000000  0.000000000
  0.000000000  0.000000000  0.000000000
  0.000000000  0.000000000  0.000000000
  0.000000000  0.000000000  0.000000000
  0.000000000  0.000000000  0.000000000
  0.000000000  0.000000000  0.000000000
  0.000000000  0.000000000  0.000000000
  0.000000000  0.000000000  0.000000000
  0.000000000  0.000000000  0.000000000
  0.000000000  0.000000000  0.000000000
  0.000000000  0.000000000  0.000000000
  0.000000000  0.000000000  0.000000000
  0.000000000  0.000000000  0.000000000
  0.000000000  0.000000000  0.000000000
  0.000000000  0.000000000  0.000000000
  0.000000000  0.000000000  0.000000000
  0.000000000  0.000000000  0.000000000
  0.000000000  0.000000000  0.000000000
  0.000000000  0.000000000  0.000000000
  0.000000000  0.000000000  0.000000000
  0.000000000  0.000000000  0.000000000
  0.000000000  0.000000000  0.000000000
  0.000000000  0.000000000  0.000000000
  0.000000000  0.000000000  0.000000000
  0.000000000  0.000000000  0.000000000
  0.000000000  0.000000000  0.000000000
  0.000000000  0.000000000  0.000000000
  0.000000000  0.000000000  0.000000000
  0.000000000  0.000000000  0.000000000
  0.000000000  0.000000000  0.000000000
  0.000000000  0.000000000  0.000000000
  0.000000000  0.000000000  0.000000000
  0.000000000  0.000000000  0.000000000
  0.000000000  0.000000000  0.000000000
  0.000000000  0.000000000  0.000000000
  0.000000000  0.000000000  0.000000000
  0.000000000  0.000000000  0.000000000
  0.000000000  0.000000000  0.000000000
  0.000000000  0.000000000  0.000000000
  0.000000000  0.000000000  0.000000000
  0.000000000  0.000000000  0.000000000
  0.000000000  0.000000000  0.000000000
  0.000000000  0.000000000  0.000000000
  0.000000000  0.000000000  0.000000000
  0.000000000  0.000000000  0.000000000
  0.000000000  0.000000000  0.000000000
  0.000000000  0.000000000  0.000000000
  0.000000000  0.000000000  0.000000000
  0.000000000  0.000000000  0.000000000
  0.000000000  0.000000000  0.000000000
  0.000000000  0.000000000  0.000000000
  0.000000000  0.000000000  0.000000000
  0.000000000  0.000000000  0.000000000
  0.000000000  0.000000000  0.000000000
  0.000000000  0.000000000  0.000000000
  0.000000000  0.000000000  0.000000000
  0.000000000  0.000000000  0.000000000
  0.000000000  0.000000000  0.000000000
  0.000000000  0.000000000  0.000000000
  0.000000000  0.000000000  0.000000000
  0.000000000  0.000000000  0.000000000
  0.000000000  0.000000000  0.000000000
  0.000000000  0.000000000  0.000000000
  0.000000000  0.000000000  0.000000000
  0.000000000  0.000000000  0.000000000
  0.000000000  0.000000000  0.000000000
  0.000000000  0.000000000  0.000000000
  0.000000000  0.000000000  0.000000000
  0.000000000  0.000000000  0.000000000
  0.000000000  0.000000000  0.000000000
  0.000000000  0.000000000  0.000000000
  0.000000000  0.000000000  0.000000000
  0.000000000  0.000000000  0.000000000
  0.000000000  0.000000000  0.000000000
  0.000000000  0.000000000  0.000000000
  0.000000000  0.000000000  0.000000000
  0.000000000  0.000000000  0.000000000
  0.000000000  0.000000000  0.000000000
  0.000000000  0.000000000  0.000000000
  0.000000000  0.000000000  0.000000000
  0.000000000  0.000000000  0.000000000
  0.000000000  0.000000000  0.000000000
  0.000000000  0.000000000  0.000000000
  0.000000000  0.000000000  0.000000000
  0.000000000  0.000000000  0.000000000
  0.000000000  0.000000000  0.000000000
  0.000000000  0.000000000  0.000000000
  0.000000000  0.000000000  0.000000000
  0.000000000  0.000000000  0.000000000
  0.000000000  0.000000000  0.000000000
  0.000000000  0.000000000  0.000000000
  0.000000000  0.000000000  0.000000000
  0.000000000  0.000000000  0.000000000
  0.000000000  0.000000000  0.000000000
  0.000000000  0.000000000  0.000000000
  0.000000000  0.000000000  0.000000000
  0.000000000  0.000000000  0.000000000
  0.000000000  0.000000000  0.000000000
  0.000000000  0.000000000  0.000000000
  0.000000000  0.000000000  0.000000000
  0.000000000  0.000000000  0.000000000
  0.000000000  0.000000000  0.000000000
  0.000000000  0.000000000  0.000000000
  0.000000000  0.000000000  0.000000000
  0.000000000  0.000000000  0.000000000
  0.000000000  0.000000000  0.000000000
  0.000000000  0.000000000  0.000000000
  0.000000000  0.000000000  0.000000000
  0.000000000  0.000000000  0.000000000
  0.000000000  0.000000000  0.000000000
  0.000000000  0.000000000  0.000000000
  0.000000000  0.000000000  0.000000000
  0.000000000  0.000000000  0.000000000
  0.000000000  0.000000000  0.000000000
  0.000000000  0.000000000  0.000000000
  0.000000000  0.000000000  0.000000000
  0.000000000  0.000000000  0.000000000
  0.000000000  0.000000000  0.000000000
  0.000000000  0.000000000  0.000000000
  0.000000000  0.000000000  0.000000000
  0.000000000  0.000000000  0.000000000
  0.000000000  0.000000000  0.000000000
  0.000000000  0.000000000  0.000000000
  0.000000000  0.000000000  0.000000000
  0.000000000  0.000000000  0.000000000
  0.000000000  0.000000000  0.000000000
  0.000000000  0.000000000  0.000000000
  0.000000000  0.000000000  0.000000000
  0.000000000  0.000000000  0.000000000
  0.000000000  0.000000000  0.000000000
  0.000000000  0.000000000  0.000000000
  0.000000000  0.000000000  0.000000000
  0.000000000  0.000000000  0.000000000
  0.000000000  0.000000000  0.000000000
  0.000000000  0.000000000  0.000000000
  0.000000000  0.000000000  0.000000000
  0.000000000  0.000000000  0.000000000
  0.000000000  0.000000000  0.000000000
  0.000000000  0.000000000  0.000000000
  0.000000000  0.000000000  0.000000000
  0.000000000  0.000000000  0.000000000
  0.000000000  0.000000000  0.000000000
  0.000000000  0.000000000  0.000000000
  0.000000000  0.000000000  0.000000000
  0.000000000  0.000000000  0.000000000
  0.000000000  0.000000000  0.000000000
  0.000000000  0.000000000  0.000000000
  0.000000000  0.000000000  0.000000000
  0.000000000  0.000000000  0.000000000
  0.000000000  0.000000000  0.000000000
  0.000000000  0.000000000  0.000000000
  0.000000000  0.000000000  0.000000000
  0.000000000  0.000000000  0.000000000
  0.000000000  0.000000000  0.000000000
  0.000000000  0.000000000  0.000000000
  0.000000000  0.000000000  0.000000000
  0.000000000  0.000000000  0.000000000
  0.000000000  0.000000000  0.000000000
 0 0 0
 0 0 0
 0 0 0
 0 0 0
 0 0 0
 0 0 0
 0 0 0
 0 0 0
 0 0 0
 0 0 0
 0 0 0
 0 0 0
 0 0 0
 0 0 0
 0 0 0
 0 0 0
 0 0 0
 0 0 0
 0 0 0
 0 0 0
 0 0 0
 0 0 0
 0 0 0
 0 0 0
 0 0 0
 0 0 0
 0 0 0
 0 0 0
 0 0 0
 0 0 0
 0 0 0
 0 0 0
 0 0 0
 0 0 0
 0 0 0
 0 0 0
 0 0 0
 0 0 0
 0 0 0
 0 0 0
 0 0 0
 0 0 0
 0 0 0
 0 0 0
 0 0 0
 0 0 0
 0 0 0
 0 0 0
 0 0 0
 0 0 0
 0 0 0
 0 0 0
 0 0 0
 0 0 0
 0 0 0
 0 0 0
 0 0 0
 0 0 0
 0 0 0
 0 0 0
 0 0 0
 0 0 0
 0 0 0
 0 0 0
 0 0 0
 0 0 0
 0 0 0
 0 0 0
 0 0 0
 0 0 0
 0 0 0
 0 0 0
 0 0 0
 0 0 0
 0 0 0
 0 0 0
 0 0 0
 0 0 0
 0 0 0
 0 0 0
 0 0 0
 0 0 0
 0 0 0
 0 0 0
 0 0 0
 0 0 0
 0 0 0
 0 0 0
 0 0 0
 0 0 0
 0 0 0
 0 0 0
 0 0 0
 0 0 0
 0 0 0
 0 0 0
 0 0 0
 0 0 0
 0 0 0
 0 0 0
 0 0 0
 0 0 0
 0 0 0
 0 0 0
 0 0 0
 0 0 0
 0 0 0
 0 0 0
 0 0 0
 0 0 0
 0 0 0
 0 0 0
 0 0 0
 0 0 0
 0 0 0
 0 0 0
 0 0 0
 0 0 0
 0 0 0
 0 0 0
 0 0 0
 0 0 0
 0 0 0
 0 0 0
 0 0 0
 0 0 0
 0 0 0
 0 0 0
 0 0 0
 0 0 0
 0 0 0
 0 0 0
 0 0 0
 0 0 0
 0 0 0
 0 0 0
 0 0 0
 0 0 0
 0 0 0
 0 0 0
 0 0 0
 0 0 0
 0 0 0
 0 0 0
 0 0 0
 0 0 0
 0 0 0
 0 0 0
 0 0 0
 0 0 0
 0 0 0
 0 0 0
 0 0 0
 0 0 0
 0 0 0
 0 0 0
 0 0 0
 0 0 0
 0 0 0
 0 0 0
 0 0 0
 0 0 0
 0 0 0
 0 0 0
 0 0 0
 0 0 0
 0 0 0
 0 0 0
 0 0 0
 0 0 0
 0 0 0
 0 0 0
 0 0 0
 0 0 0
 0 0 0
 0 0 0
 0 0 0
 0 0 0
 0 0 0
 0 0 0
 0 0 0
 0 0 0
  0.000000000  0.000000000  0.000000000
  0.000000000  0.000000000  0.000000000
  0.000000000  0.000000000  0.000000000
  0.000000000  0.000000000  0.000000000
  0.000000000  0.000000000  0.000000000
  0.000000000  0.000000000  0.000000000
  0.000000000  0.000000000  0.000000000
  0.000000000  0.000000000  0.000000000
  0.000000000  0.000000000  0.000000000
  0.000000000  0.000000000  0.000000000
  0.000000000  0.000000000  0.000000000
  0.000000000  0.000000000  0.000000000
  0.000000000  0.000000000  0.000000000
  0.000000000  0.000000000  0.000000000
  0.000000000  0.000000000  0.000000000
  0.000000000  0.000000000  0.000000000
  0.000000000  0.000000000  0.000000000
  0.000000000  0.000000000  0.000000000
  0.000000000  0.000000000  0.000000000
  0.000000000  0.000000000  0.000000000
  0.000000000  0.000000000  0.000000000
  0.000000000  0.000000000  0.000000000
  0.000000000  0.000000000  0.000000000
  0.000000000  0.000000000  0.000000000
  0.000000000  0.000000000  0.000000000
  0.000000000  0.000000000  0.000000000
  0.000000000  0.000000000  0.000000000
  0.000000000  0.000000000  0.000000000
  0.000000000  0.000000000  0.000000000
  0.000000000  0.000000000  0.000000000
  0.000000000  0.000000000  0.000000000
  0.000000000  0.000000000  0.000000000
  0.000000000  0.000000000  0.000000000
  0.000000000  0.000000000  0.000000000
  0.000000000  0.000000000  0.000000000
  0.000000000  0.000000000  0.000000000
  0.000000000  0.000000000  0.000000000
  0.000000000  0.000000000  0.000000000
  0.000000000  0.000000000  0.000000000
  0.000000000  0.000000000  0.000000000
  0.000000000  0.000000000  0.000000000
  0.000000000  0.000000000  0.000000000
  0.000000000  0.000000000  0.000000000
  0.000000000  0.000000000  0.000000000
  0.000000000  0.000000000  0.000000000
  0.000000000  0.000000000  0.000000000
  0.000000000  0.000000000  0.000000000
  0.000000000  0.000000000  0.000000000
  0.000000000  0.000000000  0.000000000
  0.000000000  0.000000000  0.000000000
  0.000000000  0.000000000  0.000000000
  0.000000000  0.000000000  0.000000000
  0.000000000  0.000000000  0.000000000
  0.000000000  0.000000000  0.000000000
  0.000000000  0.000000000  0.000000000
  0.000000000  0.000000000  0.000000000
  0.000000000  0.000000000  0.000000000
  0.000000000  0.000000000  0.000000000
  0.000000000  0.000000000  0.000000000
  0.000000000  0.000000000  0.000000000
  0.000000000  0.000000000  0.000000000
  0.000000000  0.000000000  0.000000000
  0.000000000  0.000000000  0.000000000
  0.000000000  0.000000000  0.000000000
  0.000000000  0.000000000  0.000000000
  0.000000000  0.000000000  0.000000000
  0.000000000  0.000000000  0.000000000
  0.000000000  0.000000000  0.000000000
  0.000000000  0.000000000  0.000000000
  0.000000000  0.000000000  0.000000000
  0.000000000  0.000000000  0.000000000
  0.000000000  0.000000000  0.000000000
  0.000000000  0.000000000  0.000000000
  0.000000000  0.000000000  0.000000000
  0.000000000  0.000000000  0.000000000
  0.000000000  0.000000000  0.000000000
  0.000000000  0.000000000  0.000000000
  0.000000000  0.000000000  0.000000000
  0.000000000  0.000000000  0.000000000
  0.000000000  0.000000000  0.000000000
  0.000000000  0.000000000  0.000000000
  0.000000000  0.000000000  0.000000000
  0.000000000  0.000000000  0.000000000
  0.000000000  0.000000000  0.000000000
  0.000000000  0.000000000  0.000000000
  0.000000000  0.000000000  0.000000000
  0.000000000  0.000000000  0.000000000
  0.000000000  0.000000000  0.000000000
  0.000000000  0.000000000  0.000000000
  0.000000000  0.000000000  0.000000000
  0.000000000  0.000000000  0.000000000
  0.000000000  0.000000000  0.000000000
  0.000000000  0.000000000  0.000000000
  0.000000000  0.000000000  0.000000000
  0.000000000  0.000000000  0.000000000
  0.000000000  0.000000000  0.000000000
  0.000000000  0.000000000  0.000000000
  0.000000000  0.000000000  0.000000000
  0.000000000  0.000000000  0.000000000
  0.000000000  0.000000000  0.000000000
  0.000000000  0.000000000  0.000000000
  0.000000000  0.000000000  0.000000000
  0.000000000  0.000000000  0.000000000
  0.000000000  0.000000000  0.000000000
  0.000000000  0.000000000  0.000000000
  0.000000000  0.000000000  0.000000000
  0.000000000  0.000000000  0.000000000
  0.000000000  0.000000000  0.000000000
  0.000000000  0.000000000  0.000000000
  0.000000000  0.000000000  0.000000000
  0.000000000  0.000000000  0.000000000
  0.000000000  0.000000000  0.000000000
  0.000000000  0.000000000  0.000000000
  0.000000000  0.000000000  0.000000000
  0.000000000  0.000000000  0.000000000
  0.000000000  0.000000000  0.000000000
  0.000000000  0.000000000  0.000000000
  0.000000000  0.000000000  0.000000000
  0.000000000  0.000000000  0.000000000
  0.000000000  0.000000000  0.000000000
  0.000000000  0.000000000  0.000000000
  0.000000000  0.000000000  0.000000000
  0.000000000  0.000000000  0.000000000
  0.000000000  0.000000000  0.000000000
  0.000000000  0.000000000  0.000000000
  0.000000000  0.000000000  0.000000000
  0.000000000  0.000000000  0.000000000
  0.000000000  0.000000000  0.000000000
  0.000000000  0.000000000  0.000000000
  0.000000000  0.000000000  0.000000000
  0.000000000  0.000000000  0.000000000
  0.000000000  0.000000000  0.000000000
  0.000000000  0.000000000  0.000000000
  0.000000000  0.000000000  0.000000000
  0.000000000  0.000000000  0.000000000
  0.000000000  0.000000000  0.000000000
  0.000000000  0.000000000  0.000000000
  0.000000000  0.000000000  0.000000000
  0.000000000  0.000000000  0.000000000
  0.000000000  0.000000000  0.000000000
  0.000000000  0.000000000  0.000000000
  0.000000000  0.000000000  0.000000000
  0.000000000  0.000000000  0.000000000
  0.000000000  0.000000000  0.000000000
  0.000000000  0.000000000  0.000000000
  0.000000000  0.000000000  0.000000000
  0.000000000  0.000000000  0.000000000
  0.000000000  0.000000000  0.000000000
  0.000000000  0.000000000  0.000000000
  0.000000000  0.000000000  0.000000000
  0.000000000  0.000000000  0.000000000
  0.000000000  0.000000000  0.000000000
  0.000000000  0.000000000  0.000000000
  0.000000000  0.000000000  0.000000000
  0.000000000  0.000000000  0.000000000
  0.000000000  0.000000000  0.000000000
  0.000000000  0.000000000  0.000000000
  0.000000000  0.000000000  0.000000000
  0.000000000  0.000000000  0.000000000
  0.000000000  0.000000000  0.000000000
  0.000000000  0.000000000  0.000000000
  0.000000000  0.000000000  0.000000000
  0.000000000  0.000000000  0.000000000
  0.000000000  0.000000000  0.000000000
  0.000000000  0.000000000  0.000000000
  0.000000000  0.000000000  0.000000000
  0.000000000  0.000000000  0.000000000
  0.000000000  0.000000000  0.000000000
  0.000000000  0.000000000  0.000000000
  0.000000000  0.000000000  0.000000000
  0.000000000  0.000000000  0.000000000
  0.000000000  0.000000000  0.000000000
  0.000000000  0.000000000  0.000000000
  0.000000000  0.000000000  0.000000000
  0.000000000  0.000000000  0.000000000
  0.000000000  0.000000000  0.000000000
  0.000000000  0.000000000  0.000000000
  0.000000000  0.000000000  0.000000000
  0.000000000  0.000000000  0.000000000
  0.000000000  0.000000000  0.000000000
  0.000000000  0.000000000  0.000000000
  0.000000000  0.000000000  0.000000000
  0.000000000  0.000000000  0.000000000
  0.000000000  0.000000000  0.000000000
  0.000000000  0.000000000  0.000000000
  0.000000000  0.000000000  0.000000000
  0.000000000  0.000000000  0.000000000
  0.000000000  0.000000000  0.000000000
  0.000000000  0.000000000  0.000000000
  0.000000000  0.000000000  0.000000000
  0.000000000  0.000000000  0.000000000
  0.000000000  0.000000000  0.000000000
  0.000000000  0.000000000  0.000000000
  0.000000000  0.000000000  0.000000000
  0.000000000  0.000000000  0.000000000
  0.000000000  0.000000000  0.000000000
  0.000000000  0.000000000  0.000000000
  0.000000000  0.000000000  0.000000000
  0.000000000  0.000000000  0.000000000
  0.000000000  0.000000000  0.000000000
  0.000000000  0.000000000  0.000000000
  0.000000000  0.000000000  0.000000000
  0.000000000  0.000000000  0.000000000
  0.000000000  0.000000000  0.000000000
  0.000000000  0.000000000  0.000000000
  0.000000000  0.000000000  0.000000000
  0.000000000  0.000000000  0.000000000
  0.000000000  0.000000000  0.000000000
  0.000000000  0.000000000  0.000000000
  0.000000000  0.000000000  0.000000000
  0.000000000  0.000000000  0.000000000
  0.000000000  0.000000000  0.000000000
  0.000000000  0.000000000  0.000000000
  0.000000000  0.000000000  0.000000000
  0.000000000  0.000000000  0.000000000
  0.000000000  0.000000000  0.000000000
  0.000000000  0.000000000  0.000000000
  0.000000000  0.000000000  0.000000000
  0.000000000  0.000000000  0.000000000
  0.000000000  0.000000000  0.000000000
  0.000000000  0.000000000  0.000000000
  0.000000000  0.000000000  0.000000000
  0.000000000  0.000000000  0.000000000
  0.000000000  0.000000000  0.000000000
  0.000000000  0.000000000  0.000000000
  0.000000000  0.000000000  0.000000000
  0.000000000  0.000000000  0.000000000
  0.000000000  0.000000000  0.000000000
  0.000000000  0.000000000  0.000000000
  0.000000000  0.000000000  0.000000000
  0.000000000  0.000000000  0.000000000
  0.000000000  0.000000000  0.000000000
  0.000000000  0.000000000  0.000000000
  0.000000000  0.000000000  0.000000000
  0.000000000  0.000000000  0.000000000
  0.000000000  0.000000000  0.000000000
  0.000000000  0.000000000  0.000000000
  0.000000000  0.000000000  0.000000000
  0.000000000  0.000000000  0.000000000
  0.000000000  0.000000000  0.000000000
  0.000000000  0.000000000  0.000000000
  0.000000000  0.000000000  0.000000000
  0.000000000  0.000000000  0.000000000
  0.000000000  0.000000000  0.000000000
  0.000000000  0.000000000  0.000000000
  0.000000000  0.000000000  0.000000000
  0.000000000  0.000000000  0.000000000
  0.000000000  0.000000000  0.000000000
  0.000000000  0.000000000  0.000000000
  0.000000000  0.000000000  0.000000000
  0.000000000  0.000000000  0.000000000
  0.000000000  0.000000000  0.000000000
  0.000000000  0.000000000  0.000000000
  0.000000000  0.000000000  0.000000000
  0.000000000  0.000000000  0.000000000
  0.000000000  0.000000000  0.000000000
  0.000000000  0.000000000  0.000000000
  0.000000000  0.000000000  0.000000000
  0.000000000  0.000000000  0.000000000
  0.000000000  0.000000000  0.000000000
  0.000000000  0.000000000  0.000000000
  0.000000000  0.000000000  0.000000000
  0.000000000  0.000000000  0.000000000
  0.000000000  0.000000000  0.000000000
  0.000000000  0.000000000  0.000000000
  0.000000000  0.000000000  0.000000000
   1.06000000000000     
   1.06000000000000     
   1.06000000000000     
   1.06000000000000     
   1.06000000000000     
   1.06000000000000     
   1.06000000000000     
   1.06000000000000     
   1.06000000000000     
   1.06000000000000     
   1.06000000000000     
   1.06000000000000     
   1.06000000000000     
   1.06000000000000     
   1.06000000000000     
   1.06000000000000     
   1.06000000000000     
   1.06000000000000     
   1.06000000000000     
   1.06000000000000     
   1.06000000000000     
   1.06000000000000     
   1.06000000000000     
   1.06000000000000     
   1.06000000000000     
   1.06000000000000     
   1.06000000000000     
   1.06000000000000     
   1.06000000000000     
   1.06000000000000     
   1.06000000000000     
   1.06000000000000     
   1.06000000000000     
   1.06000000000000     
   1.06000000000000     
   1.06000000000000     
   1.06000000000000     
   1.06000000000000     
   1.06000000000000     
   1.06000000000000     
   1.06000000000000     
   1.06000000000000     
   1.06000000000000     
   1.06000000000000     
   1.06000000000000     
   1.06000000000000     
   1.06000000000000     
   1.06000000000000     
   1.06000000000000     
   1.06000000000000     
   1.06000000000000     
   1.06000000000000     
   1.06000000000000     
   1.06000000000000     
   1.06000000000000     
   1.06000000000000     
   1.06000000000000     
   1.06000000000000     
   1.06000000000000     
   1.06000000000000     
   1.06000000000000     
   1.06000000000000     
   1.06000000000000     
   1.06000000000000     
   1.06000000000000     
   1.06000000000000     
   1.06000000000000     
   1.06000000000000     
   1.06000000000000     
   1.06000000000000     
   1.06000000000000     
   1.06000000000000     
   1.06000000000000     
   1.06000000000000     
   1.06000000000000     
   1.06000000000000     
   1.06000000000000     
   1.06000000000000     
   1.06000000000000     
   1.06000000000000     
   1.06000000000000     
   1.06000000000000     
   1.06000000000000     
   1.06000000000000     
  3.000000000000000E-002
  3.000000000000000E-002
  3.000000000000000E-002
  3.000000000000000E-002
  3.000000000000000E-002
  3.000000000000000E-002
  3.000000000000000E-002
  3.000000000000000E-002
  3.000000000000000E-002
  3.000000000000000E-002
  3.000000000000000E-002
  3.000000000000000E-002
  3.000000000000000E-002
  3.000000000000000E-002
  3.000000000000000E-002
  3.000000000000000E-002
  3.000000000000000E-002
  3.000000000000000E-002
  3.000000000000000E-002
  3.000000000000000E-002
  3.000000000000000E-002
  3.000000000000000E-002
  3.000000000000000E-002
  3.000000000000000E-002
  3.000000000000000E-002
  3.000000000000000E-002
  3.000000000000000E-002
  3.000000000000000E-002
  3.000000000000000E-002
  3.000000000000000E-002
  3.000000000000000E-002
  3.000000000000000E-002
  3.000000000000000E-002
  3.000000000000000E-002
  3.000000000000000E-002
  3.000000000000000E-002
  3.000000000000000E-002
  3.000000000000000E-002
  3.000000000000000E-002
  3.000000000000000E-002
  3.000000000000000E-002
  3.000000000000000E-002
  3.000000000000000E-002
  3.000000000000000E-002
  3.000000000000000E-002
  3.000000000000000E-002
  3.000000000000000E-002
  3.000000000000000E-002
  3.000000000000000E-002
  3.000000000000000E-002
  3.000000000000000E-002
  3.000000000000000E-002
  3.000000000000000E-002
  3.000000000000000E-002
  3.000000000000000E-002
  3.000000000000000E-002
  3.000000000000000E-002
  3.000000000000000E-002
  3.000000000000000E-002
  3.000000000000000E-002
  3.000000000000000E-002
  3.000000000000000E-002
  3.000000000000000E-002
  3.000000000000000E-002
  3.000000000000000E-002
  3.000000000000000E-002
  3.000000000000000E-002
  3.000000000000000E-002
  3.000000000000000E-002
  3.000000000000000E-002
  3.000000000000000E-002
  3.000000000000000E-002
  3.000000000000000E-002
  3.000000000000000E-002
  3.000000000000000E-002
  3.000000000000000E-002
  3.000000000000000E-002
  3.000000000000000E-002
  3.000000000000000E-002
  3.000000000000000E-002
  3.000000000000000E-002
  3.000000000000000E-002
  3.000000000000000E-002
  3.000000000000000E-002
