           3
 2 1 2
   9   2   3
  0.000000000  0.000000000  0.000000000  0.250000000  0.250000000  0.500000000  0.500000000  0.750000000  0.750000000  1.000000000  1.000000000  1.000000000
  0.000000000  0.000000000  1.000000000  1.000000000
  0.611839323  0.611839323  0.611839323  0.613107822  0.613107822  0.613107822
 -0.195832533110E+02 -0.292416021800E+01  0.309574936170E+02  0.100000000000E+01
 -0.195832533110E+02 -0.292416021800E+01  0.309574936170E+02  0.707106809047E+00
 -0.195832533110E+02 -0.292416021800E+01  0.309574936170E+02  0.100000000000E+01
 -0.195832533110E+02 -0.292416021800E+01  0.309574936170E+02  0.707107012107E+00
 -0.195832533110E+02 -0.292416021800E+01  0.309574936170E+02  0.100000000000E+01
 -0.195832533110E+02 -0.292416021800E+01  0.309574936170E+02  0.707106689577E+00
 -0.195832533110E+02 -0.292416021800E+01  0.309574936170E+02  0.100000000000E+01
 -0.195832533110E+02 -0.292416021800E+01  0.309574936170E+02  0.707106397251E+00
 -0.195832533110E+02 -0.292416021800E+01  0.309574936170E+02  0.100000000000E+01
 -0.189260440940E+02 -0.207546895200E+01  0.311433631890E+02  0.100000000000E+01
 -0.186744482630E+02 -0.248064061300E+01  0.303080122900E+02  0.707106809047E+00
 -0.190151415840E+02 -0.314085507900E+01  0.299381706400E+02  0.100000000000E+01
 -0.196932782190E+02 -0.394104403400E+01  0.298401602990E+02  0.707107012107E+00
 -0.204044034820E+02 -0.398455626800E+01  0.307252573900E+02  0.100000000000E+01
 -0.199330359020E+02 -0.459198433700E+01  0.318650784900E+02  0.707106689577E+00
 -0.191228864190E+02 -0.352602531200E+01  0.320778420510E+02  0.100000000000E+01
 -0.186140916610E+02 -0.261491919100E+01  0.320114604580E+02  0.707106397251E+00
 -0.189260440940E+02 -0.207546895200E+01  0.311433631890E+02  0.100000000000E+01
 -0.188781325600E+02 -0.344668905500E+01  0.308552531590E+02  0.100000000000E+01
 -0.188781325600E+02 -0.344668905500E+01  0.308552531590E+02  0.707106813085E+00
 -0.188781325600E+02 -0.344668905500E+01  0.308552531590E+02  0.100000000000E+01
 -0.188781325600E+02 -0.344668905500E+01  0.308552531590E+02  0.707106595081E+00
 -0.188781325600E+02 -0.344668905500E+01  0.308552531590E+02  0.100000000000E+01
 -0.188781325600E+02 -0.344668905500E+01  0.308552531590E+02  0.707106643910E+00
 -0.188781325600E+02 -0.344668905500E+01  0.308552531590E+02  0.100000000000E+01
 -0.188781325600E+02 -0.344668905500E+01  0.308552531590E+02  0.707106840069E+00
 -0.188781325600E+02 -0.344668905500E+01  0.308552531590E+02  0.100000000000E+01
 -0.186216026600E+02 -0.264149173100E+01  0.309962212200E+02  0.100000000000E+01
 -0.186864456380E+02 -0.245247169400E+01  0.300892394900E+02  0.707106813085E+00
 -0.189448569730E+02 -0.326829684300E+01  0.299577161360E+02  0.100000000000E+01
 -0.197759302040E+02 -0.389285090800E+01  0.298140750940E+02  0.707106595081E+00
 -0.199997121090E+02 -0.431647729700E+01  0.307657571020E+02  0.100000000000E+01
 -0.197897489960E+02 -0.448277425100E+01  0.320584794230E+02  0.707106643910E+00
 -0.188029902320E+02 -0.364758378400E+01  0.318660054580E+02  0.100000000000E+01
 -0.185159682200E+02 -0.271464041800E+01  0.319526214600E+02  0.707106840069E+00
 -0.186216026600E+02 -0.264149173100E+01  0.309962212200E+02  0.100000000000E+01
 -0.181843188000E+02 -0.395741668100E+01  0.306580455820E+02  0.100000000000E+01
 -0.181843188000E+02 -0.395741668100E+01  0.306580455820E+02  0.707106803885E+00
 -0.181843188000E+02 -0.395741668100E+01  0.306580455820E+02  0.100000000000E+01
 -0.181843188000E+02 -0.395741668100E+01  0.306580455820E+02  0.707106775181E+00
 -0.181843188000E+02 -0.395741668100E+01  0.306580455820E+02  0.100000000000E+01
 -0.181843188000E+02 -0.395741668100E+01  0.306580455820E+02  0.707106524331E+00
 -0.181843188000E+02 -0.395741668100E+01  0.306580455820E+02  0.100000000000E+01
 -0.181843188000E+02 -0.395741668100E+01  0.306580455820E+02  0.707106395444E+00
 -0.181843188000E+02 -0.395741668100E+01  0.306580455820E+02  0.100000000000E+01
 -0.182225509880E+02 -0.275995682200E+01  0.310270305250E+02  0.100000000000E+01
 -0.184304503540E+02 -0.237752143800E+01  0.298522270000E+02  0.707106803885E+00
 -0.183220587010E+02 -0.371950198900E+01  0.298716738620E+02  0.100000000000E+01
 -0.197130866270E+02 -0.411009368200E+01  0.293305577230E+02  0.707106775181E+00
 -0.197896471240E+02 -0.466879084400E+01  0.307240085650E+02  0.100000000000E+01
 -0.190822891150E+02 -0.484027684700E+01  0.319797216920E+02  0.707106524331E+00
 -0.181034882670E+02 -0.409703267400E+01  0.311195121270E+02  0.100000000000E+01
 -0.180635528050E+02 -0.334718118900E+01  0.317725177830E+02  0.707106395444E+00
 -0.182225509880E+02 -0.275995682200E+01  0.310270305250E+02  0.100000000000E+01
           1
           2
           3
           4
           5
           6
           7
           8
           9
          10
          11
          12
          13
          14
          15
          16
          17
          18
          19
          20
          21
          22
          23
          24
          25
          26
          27
          28
          29
          30
          31
          32
          33
          34
          35
          36
          37
          38
          39
          40
          41
          42
          43
          44
          45
          46
          47
          48
          49
          50
          51
          52
          53
          54
 1 0 0
 0 0 0
 0 0 0
 0 0 0
 0 0 0
 0 0 0
 0 0 0
 0 0 0
 0 0 0
 0 0 0
 0 0 0
 0 0 0
 0 0 0
 0 0 0
 0 0 0
 0 0 0
 0 0 0
 0 0 0
 0 0 0
 0 0 0
 0 0 0
 0 0 0
 0 0 0
 0 0 0
 0 0 0
 0 0 0
 0 0 0
 0 0 0
 0 0 0
 0 0 0
 0 0 0
 0 0 0
 0 0 0
 0 0 0
 0 0 0
 0 0 0
 0 0 0
 0 0 0
 0 0 0
 0 0 0
 0 0 0
 0 0 0
 0 0 0
 0 0 0
 0 0 0
 0 0 0
 0 0 0
 0 0 0
 0 0 0
 0 0 0
 0 0 0
 0 0 0
 0 0 0
 0 0 0
 0 0 0
  0.000000000  0.000000000  0.000000000
  0.000000000  0.000000000  0.000000000
  0.000000000  0.000000000  0.000000000
  0.000000000  0.000000000  0.000000000
  0.000000000  0.000000000  0.000000000
  0.000000000  0.000000000  0.000000000
  0.000000000  0.000000000  0.000000000
  0.000000000  0.000000000  0.000000000
  0.000000000  0.000000000  0.000000000
  0.000000000  0.000000000  0.000000000
  0.000000000  0.000000000  0.000000000
  0.000000000  0.000000000  0.000000000
  0.000000000  0.000000000  0.000000000
  0.000000000  0.000000000  0.000000000
  0.000000000  0.000000000  0.000000000
  0.000000000  0.000000000  0.000000000
  0.000000000  0.000000000  0.000000000
  0.000000000  0.000000000  0.000000000
  0.000000000  0.000000000  0.000000000
  0.000000000  0.000000000  0.000000000
  0.000000000  0.000000000  0.000000000
  0.000000000  0.000000000  0.000000000
  0.000000000  0.000000000  0.000000000
  0.000000000  0.000000000  0.000000000
  0.000000000  0.000000000  0.000000000
  0.000000000  0.000000000  0.000000000
  0.000000000  0.000000000  0.000000000
  0.000000000  0.000000000  0.000000000
  0.000000000  0.000000000  0.000000000
  0.000000000  0.000000000  0.000000000
  0.000000000  0.000000000  0.000000000
  0.000000000  0.000000000  0.000000000
  0.000000000  0.000000000  0.000000000
  0.000000000  0.000000000  0.000000000
  0.000000000  0.000000000  0.000000000
  0.000000000  0.000000000  0.000000000
  0.000000000  0.000000000  0.000000000
  0.000000000  0.000000000  0.000000000
  0.000000000  0.000000000  0.000000000
  0.000000000  0.000000000  0.000000000
  0.000000000  0.000000000  0.000000000
  0.000000000  0.000000000  0.000000000
  0.000000000  0.000000000  0.000000000
  0.000000000  0.000000000  0.000000000
  0.000000000  0.000000000  0.000000000
  0.000000000  0.000000000  0.000000000
  0.000000000  0.000000000  0.000000000
  0.000000000  0.000000000  0.000000000
  0.000000000  0.000000000  0.000000000
  0.000000000  0.000000000  0.000000000
  0.000000000  0.000000000  0.000000000
  0.000000000  0.000000000  0.000000000
  0.000000000  0.000000000  0.000000000
  0.000000000  0.000000000  0.000000000
 0 0 0
 0 0 0
 0 0 0
 0 0 0
 0 0 0
 0 0 0
 0 0 0
 0 0 0
 0 0 0
 0 0 0
 0 0 0
 0 0 0
 0 0 0
 0 0 0
 0 0 0
 0 0 0
 0 0 0
 0 0 0
 0 0 0
 0 0 0
 0 0 0
 0 0 0
 0 0 0
 0 0 0
 0 0 0
 0 0 0
 0 0 0
 0 0 0
  0.000000000  0.000000000  0.000000000
  0.000000000  0.000000000  0.000000000
  0.000000000  0.000000000  0.000000000
  0.000000000  0.000000000  0.000000000
  0.000000000  0.000000000  0.000000000
  0.000000000  0.000000000  0.000000000
  0.000000000  0.000000000  0.000000000
  0.000000000  0.000000000  0.000000000
  0.000000000  0.000000000  0.000000000
  0.000000000  0.000000000  0.000000000
  0.000000000  0.000000000  0.000000000
  0.000000000  0.000000000  0.000000000
  0.000000000  0.000000000  0.000000000
  0.000000000  0.000000000  0.000000000
  0.000000000  0.000000000  0.000000000
  0.000000000  0.000000000  0.000000000
  0.000000000  0.000000000  0.000000000
  0.000000000  0.000000000  0.000000000
  0.000000000  0.000000000  0.000000000
  0.000000000  0.000000000  0.000000000
  0.000000000  0.000000000  0.000000000
  0.000000000  0.000000000  0.000000000
  0.000000000  0.000000000  0.000000000
  0.000000000  0.000000000  0.000000000
  0.000000000  0.000000000  0.000000000
  0.000000000  0.000000000  0.000000000
  0.000000000  0.000000000  0.000000000
  0.000000000  0.000000000  0.000000000
  0.000000000  0.000000000  0.000000000
  0.000000000  0.000000000  0.000000000
  0.000000000  0.000000000  0.000000000
  0.000000000  0.000000000  0.000000000
  0.000000000  0.000000000  0.000000000
  0.000000000  0.000000000  0.000000000
  0.000000000  0.000000000  0.000000000
   1.06000000000000     
   1.06000000000000     
   1.06000000000000     
   1.06000000000000     
   1.06000000000000     
   1.06000000000000     
   1.06000000000000     
  3.000000000000000E-002
  3.000000000000000E-002
  3.000000000000000E-002
  3.000000000000000E-002
  3.000000000000000E-002
  3.000000000000000E-002
  3.000000000000000E-002
