           3
 2 1 2
   9   2  18
  0.000000000  0.000000000  0.000000000  0.250000000  0.250000000  0.500000000  0.500000000  0.750000000  0.750000000  1.000000000  1.000000000  1.000000000
  0.000000000  0.000000000  1.000000000  1.000000000
  0.065961945  0.065961945  0.065961945  0.066437632  0.066913319  0.067389006  0.067864693  0.068340381  0.068816068  0.069291755  0.069767442  0.070243129  0.070718816  0.071194503  0.071670190  0.072145877  0.072621564  0.073097252  0.073572939  0.073572939  0.073572939
 -0.912419847400E+01 -0.273493864660E+02  0.552603851330E+02  0.100000000000E+01
 -0.912419847400E+01 -0.273493864660E+02  0.552603851330E+02  0.707106465114E+00
 -0.912419847400E+01 -0.273493864660E+02  0.552603851330E+02  0.100000000000E+01
 -0.912419847400E+01 -0.273493864660E+02  0.552603851330E+02  0.707108185634E+00
 -0.912419847400E+01 -0.273493864660E+02  0.552603851330E+02  0.100000000000E+01
 -0.912419847400E+01 -0.273493864660E+02  0.552603851330E+02  0.707106815277E+00
 -0.912419847400E+01 -0.273493864660E+02  0.552603851330E+02  0.100000000000E+01
 -0.912419847400E+01 -0.273493864660E+02  0.552603851330E+02  0.707105937315E+00
 -0.912419847400E+01 -0.273493864660E+02  0.552603851330E+02  0.100000000000E+01
 -0.883305527500E+01 -0.271142317210E+02  0.557068973330E+02  0.100000000000E+01
 -0.855938859000E+01 -0.268302054060E+02  0.553104585760E+02  0.707106465114E+00
 -0.881915874500E+01 -0.270389335380E+02  0.548979873830E+02  0.100000000000E+01
 -0.909374104900E+01 -0.272655682630E+02  0.545398027350E+02  0.707108185634E+00
 -0.937868954800E+01 -0.275549363900E+02  0.548700830140E+02  0.100000000000E+01
 -0.910315528800E+01 -0.282462399250E+02  0.548568817820E+02  0.707106815277E+00
 -0.867666785500E+01 -0.281523707120E+02  0.553914650190E+02  0.100000000000E+01
 -0.835283804900E+01 -0.277413482410E+02  0.559593827370E+02  0.707105937315E+00
 -0.883305527500E+01 -0.271142317210E+02  0.557068973330E+02  0.100000000000E+01
 -0.887257175100E+01 -0.273749716850E+02  0.551083508390E+02  0.100000000000E+01
 -0.887257175100E+01 -0.273749716850E+02  0.551083508390E+02  0.707107341603E+00
 -0.887257175100E+01 -0.273749716850E+02  0.551083508390E+02  0.100000000000E+01
 -0.887257175100E+01 -0.273749716850E+02  0.551083508390E+02  0.707104820357E+00
 -0.887257175100E+01 -0.273749716850E+02  0.551083508390E+02  0.100000000000E+01
 -0.887257175100E+01 -0.273749716850E+02  0.551083508390E+02  0.707106377269E+00
 -0.887257175100E+01 -0.273749716850E+02  0.551083508390E+02  0.100000000000E+01
 -0.887257175100E+01 -0.273749716850E+02  0.551083508390E+02  0.707107336909E+00
 -0.887257175100E+01 -0.273749716850E+02  0.551083508390E+02  0.100000000000E+01
 -0.860066632700E+01 -0.271486978860E+02  0.555174639150E+02  0.100000000000E+01
 -0.852285401000E+01 -0.269991221580E+02  0.551734475760E+02  0.707107341603E+00
 -0.869691624800E+01 -0.271342026370E+02  0.548584417460E+02  0.100000000000E+01
 -0.889855111700E+01 -0.272934942370E+02  0.545088308380E+02  0.707104820357E+00
 -0.913135770800E+01 -0.275903269370E+02  0.547189814690E+02  0.100000000000E+01
 -0.895101695000E+01 -0.283079004160E+02  0.547484879450E+02  0.707106377269E+00
 -0.855174303600E+01 -0.281221813400E+02  0.553083923830E+02  0.100000000000E+01
 -0.821805151200E+01 -0.277210927650E+02  0.558448615620E+02  0.707107336909E+00
 -0.860066632700E+01 -0.271486978860E+02  0.555174639150E+02  0.100000000000E+01
 -0.861914081500E+01 -0.274264840980E+02  0.549666302410E+02  0.100000000000E+01
 -0.861914081500E+01 -0.274264840980E+02  0.549666302410E+02  0.707107506017E+00
 -0.861914081500E+01 -0.274264840980E+02  0.549666302410E+02  0.100000000000E+01
 -0.861914081500E+01 -0.274264840980E+02  0.549666302410E+02  0.707108104591E+00
 -0.861914081500E+01 -0.274264840980E+02  0.549666302410E+02  0.100000000000E+01
 -0.861914081500E+01 -0.274264840980E+02  0.549666302410E+02  0.707106186007E+00
 -0.861914081500E+01 -0.274264840980E+02  0.549666302410E+02  0.100000000000E+01
 -0.861914081500E+01 -0.274264840980E+02  0.549666302410E+02  0.707105615255E+00
 -0.861914081500E+01 -0.274264840980E+02  0.549666302410E+02  0.100000000000E+01
 -0.838495712100E+01 -0.272292634350E+02  0.553066234960E+02  0.100000000000E+01
 -0.835211743800E+01 -0.271271022820E+02  0.550138279640E+02  0.707107506017E+00
 -0.847738608200E+01 -0.272136910730E+02  0.547455567040E+02  0.100000000000E+01
 -0.866492915500E+01 -0.273621892750E+02  0.544301242110E+02  0.707108104591E+00
 -0.889696911000E+01 -0.276604589500E+02  0.545632695300E+02  0.100000000000E+01
 -0.882342749700E+01 -0.283343104890E+02  0.547204990210E+02  0.707106186007E+00
 -0.845898406900E+01 -0.281148341570E+02  0.552556053990E+02  0.100000000000E+01
 -0.810004310900E+01 -0.277156390450E+02  0.557700807460E+02  0.707105615255E+00
 -0.838495712100E+01 -0.272292634350E+02  0.553066234960E+02  0.100000000000E+01
 -0.836883849700E+01 -0.275301924760E+02  0.548508827630E+02  0.100000000000E+01
 -0.836883849700E+01 -0.275301924760E+02  0.548508827630E+02  0.707106216034E+00
 -0.836883849700E+01 -0.275301924760E+02  0.548508827630E+02  0.100000000000E+01
 -0.836883849700E+01 -0.275301924760E+02  0.548508827630E+02  0.707106026349E+00
 -0.836883849700E+01 -0.275301924760E+02  0.548508827630E+02  0.100000000000E+01
 -0.836883849700E+01 -0.275301924760E+02  0.548508827630E+02  0.707107272501E+00
 -0.836883849700E+01 -0.275301924760E+02  0.548508827630E+02  0.100000000000E+01
 -0.836883849700E+01 -0.275301924760E+02  0.548508827630E+02  0.707107833748E+00
 -0.836883849700E+01 -0.275301924760E+02  0.548508827630E+02  0.100000000000E+01
 -0.814670779900E+01 -0.273426023810E+02  0.551606282810E+02  0.100000000000E+01
 -0.808800047000E+01 -0.272061459890E+02  0.548663139380E+02  0.707106216034E+00
 -0.820770507600E+01 -0.272806298910E+02  0.545841850560E+02  0.100000000000E+01
 -0.842596754300E+01 -0.274576534190E+02  0.542482215000E+02  0.707106026349E+00
 -0.867175692400E+01 -0.277860103670E+02  0.544284855700E+02  0.100000000000E+01
 -0.869507079900E+01 -0.283435925580E+02  0.547062368130E+02  0.707107272501E+00
 -0.836239788500E+01 -0.281108554920E+02  0.551979316210E+02  0.100000000000E+01
 -0.801987927300E+01 -0.277721983270E+02  0.556470556330E+02  0.707107833748E+00
 -0.814670779900E+01 -0.273426023810E+02  0.551606282810E+02  0.100000000000E+01
 -0.811676357700E+01 -0.276299296940E+02  0.547346148930E+02  0.100000000000E+01
 -0.811676357700E+01 -0.276299296940E+02  0.547346148930E+02  0.707106278232E+00
 -0.811676357700E+01 -0.276299296940E+02  0.547346148930E+02  0.100000000000E+01
 -0.811676357700E+01 -0.276299296940E+02  0.547346148930E+02  0.707106080169E+00
 -0.811676357700E+01 -0.276299296940E+02  0.547346148930E+02  0.100000000000E+01
 -0.811676357700E+01 -0.276299296940E+02  0.547346148930E+02  0.707107267767E+00
 -0.811676357700E+01 -0.276299296940E+02  0.547346148930E+02  0.100000000000E+01
 -0.811676357700E+01 -0.276299296940E+02  0.547346148930E+02  0.707107674564E+00
 -0.811676357700E+01 -0.276299296940E+02  0.547346148930E+02  0.100000000000E+01
 -0.790937501800E+01 -0.274409329590E+02  0.550320900860E+02  0.100000000000E+01
 -0.788196854700E+01 -0.271896015570E+02  0.547677129850E+02  0.707106278232E+00
 -0.804724702500E+01 -0.272998013650E+02  0.544764072750E+02  0.100000000000E+01
 -0.827906254600E+01 -0.274983959820E+02  0.541269030230E+02  0.707106080169E+00
 -0.840862191400E+01 -0.278959080840E+02  0.543159769660E+02  0.100000000000E+01
 -0.839591936400E+01 -0.284178848710E+02  0.545891407800E+02  0.707107267767E+00
 -0.808633626900E+01 -0.281257869390E+02  0.550284401370E+02  0.100000000000E+01
 -0.783068569300E+01 -0.278380192100E+02  0.553689634770E+02  0.707107674564E+00
 -0.790937501800E+01 -0.274409329590E+02  0.550320900860E+02  0.100000000000E+01
 -0.786147845000E+01 -0.277027603530E+02  0.546058339430E+02  0.100000000000E+01
 -0.786147845000E+01 -0.277027603530E+02  0.546058339430E+02  0.707106597516E+00
 -0.786147845000E+01 -0.277027603530E+02  0.546058339430E+02  0.100000000000E+01
 -0.786147845000E+01 -0.277027603530E+02  0.546058339430E+02  0.707105788288E+00
 -0.786147845000E+01 -0.277027603530E+02  0.546058339430E+02  0.100000000000E+01
 -0.786147845000E+01 -0.277027603530E+02  0.546058339430E+02  0.707106933464E+00
 -0.786147845000E+01 -0.277027603530E+02  0.546058339430E+02  0.100000000000E+01
 -0.786147845000E+01 -0.277027603530E+02  0.546058339430E+02  0.707107805477E+00
 -0.786147845000E+01 -0.277027603530E+02  0.546058339430E+02  0.100000000000E+01
 -0.765383201800E+01 -0.275012146130E+02  0.549101686050E+02  0.100000000000E+01
 -0.768273171000E+01 -0.271582739080E+02  0.546959639090E+02  0.707106597516E+00
 -0.789027777900E+01 -0.273269169070E+02  0.543765808460E+02  0.100000000000E+01
 -0.812645921500E+01 -0.275358280790E+02  0.540210073360E+02  0.707105788288E+00
 -0.813108082900E+01 -0.279644428010E+02  0.542106960320E+02  0.100000000000E+01
 -0.810356776000E+01 -0.284484024110E+02  0.544875672930E+02  0.707106933464E+00
 -0.782626344100E+01 -0.281623283780E+02  0.548861581180E+02  0.100000000000E+01
 -0.760384551800E+01 -0.278809971660E+02  0.551818255770E+02  0.707107805477E+00
 -0.765383201800E+01 -0.275012146130E+02  0.549101686050E+02  0.100000000000E+01
 -0.760571294900E+01 -0.277553938920E+02  0.544683753810E+02  0.100000000000E+01
 -0.760571294900E+01 -0.277553938920E+02  0.544683753810E+02  0.707106845275E+00
 -0.760571294900E+01 -0.277553938920E+02  0.544683753810E+02  0.100000000000E+01
 -0.760571294900E+01 -0.277553938920E+02  0.544683753810E+02  0.707106087755E+00
 -0.760571294900E+01 -0.277553938920E+02  0.544683753810E+02  0.100000000000E+01
 -0.760571294900E+01 -0.277553938920E+02  0.544683753810E+02  0.707106730230E+00
 -0.760571294900E+01 -0.277553938920E+02  0.544683753810E+02  0.100000000000E+01
 -0.760571294900E+01 -0.277553938920E+02  0.544683753810E+02  0.707107461486E+00
 -0.760571294900E+01 -0.277553938920E+02  0.544683753810E+02  0.100000000000E+01
 -0.738228256000E+01 -0.275261221680E+02  0.548015516850E+02  0.100000000000E+01
 -0.744550598900E+01 -0.271631864530E+02  0.545735747940E+02  0.707106845275E+00
 -0.766589393000E+01 -0.273576585300E+02  0.542350359380E+02  0.100000000000E+01
 -0.789089331900E+01 -0.275954290520E+02  0.539016735560E+02  0.707106087755E+00
 -0.785847975500E+01 -0.280147693210E+02  0.540914543260E+02  0.100000000000E+01
 -0.778464372200E+01 -0.284470647970E+02  0.543603364280E+02  0.707106730230E+00
 -0.754070267500E+01 -0.281850452980E+02  0.547204404090E+02  0.100000000000E+01
 -0.733880595900E+01 -0.279235218580E+02  0.550045207520E+02  0.707107461486E+00
 -0.738228256000E+01 -0.275261221680E+02  0.548015516850E+02  0.100000000000E+01
 -0.735077669700E+01 -0.277919774690E+02  0.543242901450E+02  0.100000000000E+01
 -0.735077669700E+01 -0.277919774690E+02  0.543242901450E+02  0.707107582698E+00
 -0.735077669700E+01 -0.277919774690E+02  0.543242901450E+02  0.100000000000E+01
 -0.735077669700E+01 -0.277919774690E+02  0.543242901450E+02  0.707105927874E+00
 -0.735077669700E+01 -0.277919774690E+02  0.543242901450E+02  0.100000000000E+01
 -0.735077669700E+01 -0.277919774690E+02  0.543242901450E+02  0.707105980195E+00
 -0.735077669700E+01 -0.277919774690E+02  0.543242901450E+02  0.100000000000E+01
 -0.735077669700E+01 -0.277919774690E+02  0.543242901450E+02  0.707107633979E+00
 -0.735077669700E+01 -0.277919774690E+02  0.543242901450E+02  0.100000000000E+01
 -0.713825106900E+01 -0.275624798480E+02  0.546458378640E+02  0.100000000000E+01
 -0.722300150100E+01 -0.272176205340E+02  0.544299648680E+02  0.707107582698E+00
 -0.743243551900E+01 -0.274113170030E+02  0.541065755690E+02  0.100000000000E+01
 -0.764384219400E+01 -0.276557513630E+02  0.537899645800E+02  0.707105927874E+00
 -0.759810077100E+01 -0.280590513790E+02  0.539500950590E+02  0.100000000000E+01
 -0.748338200100E+01 -0.283945247510E+02  0.542159241670E+02  0.707105980195E+00
 -0.726494571200E+01 -0.281920854440E+02  0.545531303680E+02  0.100000000000E+01
 -0.710667864100E+01 -0.279248279200E+02  0.547732327520E+02  0.707107633979E+00
 -0.713825106900E+01 -0.275624798480E+02  0.546458378640E+02  0.100000000000E+01
 -0.709743116100E+01 -0.278151095360E+02  0.541746987030E+02  0.100000000000E+01
 -0.709743116100E+01 -0.278151095360E+02  0.541746987030E+02  0.707106879622E+00
 -0.709743116100E+01 -0.278151095360E+02  0.541746987030E+02  0.100000000000E+01
 -0.709743116100E+01 -0.278151095360E+02  0.541746987030E+02  0.707107553992E+00
 -0.709743116100E+01 -0.278151095360E+02  0.541746987030E+02  0.100000000000E+01
 -0.709743116100E+01 -0.278151095360E+02  0.541746987030E+02  0.707106840842E+00
 -0.709743116100E+01 -0.278151095360E+02  0.541746987030E+02  0.100000000000E+01
 -0.709743116100E+01 -0.278151095360E+02  0.541746987030E+02  0.707105850290E+00
 -0.709743116100E+01 -0.278151095360E+02  0.541746987030E+02  0.100000000000E+01
 -0.690372130800E+01 -0.275956175370E+02  0.544715851490E+02  0.100000000000E+01
 -0.700535480700E+01 -0.272665993200E+02  0.542659618540E+02  0.707106879622E+00
 -0.719452856800E+01 -0.274570659970E+02  0.539733458980E+02  0.100000000000E+01
 -0.739364864800E+01 -0.276856255690E+02  0.536684965130E+02  0.707107553992E+00
 -0.734174177500E+01 -0.280919364780E+02  0.538002581480E+02  0.100000000000E+01
 -0.720872851800E+01 -0.284027337380E+02  0.540559209630E+02  0.707106840842E+00
 -0.701018154900E+01 -0.281368393820E+02  0.543556284890E+02  0.100000000000E+01
 -0.685726500900E+01 -0.279175584070E+02  0.545848295990E+02  0.707105850290E+00
 -0.690372130800E+01 -0.275956175370E+02  0.544715851490E+02  0.100000000000E+01
 -0.684589278500E+01 -0.278270497520E+02  0.540207868930E+02  0.100000000000E+01
 -0.684589278500E+01 -0.278270497520E+02  0.540207868930E+02  0.707107167108E+00
 -0.684589278500E+01 -0.278270497520E+02  0.540207868930E+02  0.100000000000E+01
 -0.684589278500E+01 -0.278270497520E+02  0.540207868930E+02  0.707107529793E+00
 -0.684589278500E+01 -0.278270497520E+02  0.540207868930E+02  0.100000000000E+01
 -0.684589278500E+01 -0.278270497520E+02  0.540207868930E+02  0.707106455775E+00
 -0.684589278500E+01 -0.278270497520E+02  0.540207868930E+02  0.100000000000E+01
 -0.684589278500E+01 -0.278270497520E+02  0.540207868930E+02  0.707105972069E+00
 -0.684589278500E+01 -0.278270497520E+02  0.540207868930E+02  0.100000000000E+01
 -0.664886567000E+01 -0.275925224490E+02  0.543276559460E+02  0.100000000000E+01
 -0.676805169600E+01 -0.272894015070E+02  0.541210715270E+02  0.707107167108E+00
 -0.695067871300E+01 -0.274974834660E+02  0.538361920730E+02  0.100000000000E+01
 -0.714442789600E+01 -0.277110455110E+02  0.535336246480E+02  0.707107529793E+00
 -0.706716171000E+01 -0.280904314510E+02  0.536761604140E+02  0.100000000000E+01
 -0.692806359600E+01 -0.283728152600E+02  0.539138974630E+02  0.707106455775E+00
 -0.674685129800E+01 -0.281385487400E+02  0.541952612850E+02  0.100000000000E+01
 -0.658841874000E+01 -0.279224743400E+02  0.544407256790E+02  0.707105972069E+00
 -0.664886567000E+01 -0.275925224490E+02  0.543276559460E+02  0.100000000000E+01
 -0.659557066400E+01 -0.278307473020E+02  0.538644756010E+02  0.100000000000E+01
 -0.659557066400E+01 -0.278307473020E+02  0.538644756010E+02  0.707106404063E+00
 -0.659557066400E+01 -0.278307473020E+02  0.538644756010E+02  0.100000000000E+01
 -0.659557066400E+01 -0.278307473020E+02  0.538644756010E+02  0.707106978047E+00
 -0.659557066400E+01 -0.278307473020E+02  0.538644756010E+02  0.100000000000E+01
 -0.659557066400E+01 -0.278307473020E+02  0.538644756010E+02  0.707107231445E+00
 -0.659557066400E+01 -0.278307473020E+02  0.538644756010E+02  0.100000000000E+01
 -0.659557066400E+01 -0.278307473020E+02  0.538644756010E+02  0.707106511190E+00
 -0.659557066400E+01 -0.278307473020E+02  0.538644756010E+02  0.100000000000E+01
 -0.640751972700E+01 -0.275951491340E+02  0.541632926130E+02  0.100000000000E+01
 -0.654115924200E+01 -0.273522282070E+02  0.539494278440E+02  0.707106404063E+00
 -0.671333586600E+01 -0.274971605070E+02  0.536755748340E+02  0.100000000000E+01
 -0.688666510500E+01 -0.277345763670E+02  0.534002247380E+02  0.707106978047E+00
 -0.681052830100E+01 -0.281000562370E+02  0.535229021690E+02  0.100000000000E+01
 -0.666265082000E+01 -0.284139759620E+02  0.537597179490E+02  0.707107231445E+00
 -0.648618923900E+01 -0.281405858280E+02  0.540399274220E+02  0.100000000000E+01
 -0.631746803600E+01 -0.279274541620E+02  0.543080230920E+02  0.707106511190E+00
 -0.640751972700E+01 -0.275951491340E+02  0.541632926130E+02  0.100000000000E+01
 -0.634553166600E+01 -0.278292209810E+02  0.537076665130E+02  0.100000000000E+01
 -0.634553166600E+01 -0.278292209810E+02  0.537076665130E+02  0.707106070817E+00
 -0.634553166600E+01 -0.278292209810E+02  0.537076665130E+02  0.100000000000E+01
 -0.634553166600E+01 -0.278292209810E+02  0.537076665130E+02  0.707105089843E+00
 -0.634553166600E+01 -0.278292209810E+02  0.537076665130E+02  0.100000000000E+01
 -0.634553166600E+01 -0.278292209810E+02  0.537076665130E+02  0.707106969388E+00
 -0.634553166600E+01 -0.278292209810E+02  0.537076665130E+02  0.100000000000E+01
 -0.634553166600E+01 -0.278292209810E+02  0.537076665130E+02  0.707108994697E+00
 -0.634553166600E+01 -0.278292209810E+02  0.537076665130E+02  0.100000000000E+01
 -0.618631883900E+01 -0.276189496580E+02  0.539665902940E+02  0.100000000000E+01
 -0.630603037500E+01 -0.273408586980E+02  0.537805626140E+02  0.707106070817E+00
 -0.647413603400E+01 -0.274868267840E+02  0.535086870110E+02  0.100000000000E+01
 -0.664594329300E+01 -0.277454749730E+02  0.532286530550E+02  0.707105089843E+00
 -0.657963594300E+01 -0.281384034150E+02  0.533269521410E+02  0.100000000000E+01
 -0.641020436100E+01 -0.284531971190E+02  0.535918066760E+02  0.707106969388E+00
 -0.621670407100E+01 -0.281722099040E+02  0.539069942610E+02  0.100000000000E+01
 -0.607724830100E+01 -0.279197963350E+02  0.541351404330E+02  0.707108994697E+00
 -0.618631883900E+01 -0.276189496580E+02  0.539665902940E+02  0.100000000000E+01
 -0.609458454800E+01 -0.278256541030E+02  0.535523470600E+02  0.100000000000E+01
 -0.609458454800E+01 -0.278256541030E+02  0.535523470600E+02  0.707105659523E+00
 -0.609458454800E+01 -0.278256541030E+02  0.535523470600E+02  0.100000000000E+01
 -0.609458454800E+01 -0.278256541030E+02  0.535523470600E+02  0.707108103053E+00
 -0.609458454800E+01 -0.278256541030E+02  0.535523470600E+02  0.100000000000E+01
 -0.609458454800E+01 -0.278256541030E+02  0.535523470600E+02  0.707107983974E+00
 -0.609458454800E+01 -0.278256541030E+02  0.535523470600E+02  0.100000000000E+01
 -0.609458454800E+01 -0.278256541030E+02  0.535523470600E+02  0.707105378199E+00
 -0.609458454800E+01 -0.278256541030E+02  0.535523470600E+02  0.100000000000E+01
 -0.592765333600E+01 -0.275929445580E+02  0.538308313660E+02  0.100000000000E+01
 -0.605965009300E+01 -0.272782028430E+02  0.536217438320E+02  0.707105659523E+00
 -0.623754907900E+01 -0.274529430620E+02  0.533265937440E+02  0.100000000000E+01
 -0.640899541900E+01 -0.277346393820E+02  0.530396233540E+02  0.707108103053E+00
 -0.632301085700E+01 -0.281440928240E+02  0.531712686960E+02  0.100000000000E+01
 -0.615562355600E+01 -0.285000948710E+02  0.534373775040E+02  0.707107983974E+00
 -0.595335462600E+01 -0.281938441410E+02  0.537753576020E+02  0.100000000000E+01
 -0.580016683800E+01 -0.279238832830E+02  0.540321734580E+02  0.707105378199E+00
 -0.592765333600E+01 -0.275929445580E+02  0.538308313660E+02  0.100000000000E+01
 -0.584114789600E+01 -0.278234501160E+02  0.534011130250E+02  0.100000000000E+01
 -0.584114789600E+01 -0.278234501160E+02  0.534011130250E+02  0.707106581595E+00
 -0.584114789600E+01 -0.278234501160E+02  0.534011130250E+02  0.100000000000E+01
 -0.584114789600E+01 -0.278234501160E+02  0.534011130250E+02  0.707107974628E+00
 -0.584114789600E+01 -0.278234501160E+02  0.534011130250E+02  0.100000000000E+01
 -0.584114789600E+01 -0.278234501160E+02  0.534011130250E+02  0.707106917550E+00
 -0.584114789600E+01 -0.278234501160E+02  0.534011130250E+02  0.100000000000E+01
 -0.584114789600E+01 -0.278234501160E+02  0.534011130250E+02  0.707105514336E+00
 -0.584114789600E+01 -0.278234501160E+02  0.534011130250E+02  0.100000000000E+01
 -0.565857930400E+01 -0.275493042650E+02  0.537221704770E+02  0.100000000000E+01
 -0.584010376300E+01 -0.272133540480E+02  0.535073440230E+02  0.707106581595E+00
 -0.602663288800E+01 -0.274490918580E+02  0.531869297040E+02  0.100000000000E+01
 -0.619028710800E+01 -0.277322264550E+02  0.528927183230E+02  0.707107974628E+00
 -0.603675497400E+01 -0.281171745790E+02  0.530571236720E+02  0.100000000000E+01
 -0.589362531500E+01 -0.284579014600E+02  0.533128672730E+02  0.707106917550E+00
 -0.569730596600E+01 -0.282207069030E+02  0.536585263490E+02  0.100000000000E+01
 -0.551687944000E+01 -0.279301216560E+02  0.539756755950E+02  0.707105514336E+00
 -0.565857930400E+01 -0.275493042650E+02  0.537221704770E+02  0.100000000000E+01
 -0.558092338100E+01 -0.278189477900E+02  0.532620246740E+02  0.100000000000E+01
 -0.558092338100E+01 -0.278189477900E+02  0.532620246740E+02  0.707107586756E+00
 -0.558092338100E+01 -0.278189477900E+02  0.532620246740E+02  0.100000000000E+01
 -0.558092338100E+01 -0.278189477900E+02  0.532620246740E+02  0.707107684932E+00
 -0.558092338100E+01 -0.278189477900E+02  0.532620246740E+02  0.100000000000E+01
 -0.558092338100E+01 -0.278189477900E+02  0.532620246740E+02  0.707105824645E+00
 -0.558092338100E+01 -0.278189477900E+02  0.532620246740E+02  0.100000000000E+01
 -0.558092338100E+01 -0.278189477900E+02  0.532620246740E+02  0.707105914803E+00
 -0.558092338100E+01 -0.278189477900E+02  0.532620246740E+02  0.100000000000E+01
 -0.541860980600E+01 -0.275280215030E+02  0.536049164680E+02  0.100000000000E+01
 -0.564896696400E+01 -0.271933826400E+02  0.533907969400E+02  0.707107586756E+00
 -0.582239967400E+01 -0.274342445760E+02  0.530499319600E+02  0.100000000000E+01
 -0.594863222200E+01 -0.277495269120E+02  0.527508062010E+02  0.707107684932E+00
 -0.572103104900E+01 -0.280700705670E+02  0.529660428520E+02  0.100000000000E+01
 -0.560010524900E+01 -0.284042851880E+02  0.532095410090E+02  0.707105824645E+00
 -0.542474500900E+01 -0.282760888130E+02  0.535759540170E+02  0.100000000000E+01
 -0.524335815700E+01 -0.279375839980E+02  0.539594296300E+02  0.707105914803E+00
 -0.541860980600E+01 -0.275280215030E+02  0.536049164680E+02  0.100000000000E+01
 -0.531458567700E+01 -0.278080007500E+02  0.531353530790E+02  0.100000000000E+01
 -0.531458567700E+01 -0.278080007500E+02  0.531353530790E+02  0.707106990655E+00
 -0.531458567700E+01 -0.278080007500E+02  0.531353530790E+02  0.100000000000E+01
 -0.531458567700E+01 -0.278080007500E+02  0.531353530790E+02  0.707106815125E+00
 -0.531458567700E+01 -0.278080007500E+02  0.531353530790E+02  0.100000000000E+01
 -0.531458567700E+01 -0.278080007500E+02  0.531353530790E+02  0.707106593819E+00
 -0.531458567700E+01 -0.278080007500E+02  0.531353530790E+02  0.100000000000E+01
 -0.531458567700E+01 -0.278080007500E+02  0.531353530790E+02  0.707106713431E+00
 -0.531458567700E+01 -0.278080007500E+02  0.531353530790E+02  0.100000000000E+01
 -0.518029050700E+01 -0.275304666610E+02  0.534594831480E+02  0.100000000000E+01
 -0.546058454900E+01 -0.271792521940E+02  0.532704898320E+02  0.707106990655E+00
 -0.564390837700E+01 -0.273916052840E+02  0.529152644700E+02  0.100000000000E+01
 -0.573917626600E+01 -0.277523311780E+02  0.525994832200E+02  0.707106815125E+00
 -0.542076208800E+01 -0.280274243110E+02  0.528790895070E+02  0.100000000000E+01
 -0.530374824500E+01 -0.284560195680E+02  0.531285790520E+02  0.707106593819E+00
 -0.513013674700E+01 -0.283634438250E+02  0.535345253220E+02  0.100000000000E+01
 -0.498705750000E+01 -0.279227328410E+02  0.538869798590E+02  0.707106713431E+00
 -0.518029050700E+01 -0.275304666610E+02  0.534594831480E+02  0.100000000000E+01
 -0.504536109300E+01 -0.277927561020E+02  0.530153752630E+02  0.100000000000E+01
 -0.504536109300E+01 -0.277927561020E+02  0.530153752630E+02  0.707105932549E+00
 -0.504536109300E+01 -0.277927561020E+02  0.530153752630E+02  0.100000000000E+01
 -0.504536109300E+01 -0.277927561020E+02  0.530153752630E+02  0.707105003916E+00
 -0.504536109300E+01 -0.277927561020E+02  0.530153752630E+02  0.100000000000E+01
 -0.504536109300E+01 -0.277927561020E+02  0.530153752630E+02  0.707108500354E+00
 -0.504536109300E+01 -0.277927561020E+02  0.530153752630E+02  0.100000000000E+01
 -0.504536109300E+01 -0.277927561020E+02  0.530153752630E+02  0.707108758812E+00
 -0.504536109300E+01 -0.277927561020E+02  0.530153752630E+02  0.100000000000E+01
 -0.494612990100E+01 -0.275656915190E+02  0.532752037960E+02  0.100000000000E+01
 -0.527870330300E+01 -0.271605073450E+02  0.531482189260E+02  0.707105932549E+00
 -0.550949953400E+01 -0.273196892470E+02  0.527792182750E+02  0.100000000000E+01
 -0.554716597600E+01 -0.277467044890E+02  0.524632065480E+02  0.707105003916E+00
 -0.512893382600E+01 -0.279839922610E+02  0.527965500600E+02  0.100000000000E+01
 -0.504819587100E+01 -0.286801630840E+02  0.529550723790E+02  0.707108500354E+00
 -0.484258779700E+01 -0.284143480170E+02  0.534811504570E+02  0.100000000000E+01
 -0.472907592900E+01 -0.278905882290E+02  0.537942187720E+02  0.707108758812E+00
 -0.494612990100E+01 -0.275656915190E+02  0.532752037960E+02  0.100000000000E+01
 -0.477467640400E+01 -0.277748643130E+02  0.528990969310E+02  0.100000000000E+01
 -0.477467640400E+01 -0.277748643130E+02  0.528990969310E+02  0.707106800187E+00
 -0.477467640400E+01 -0.277748643130E+02  0.528990969310E+02  0.100000000000E+01
 -0.477467640400E+01 -0.277748643130E+02  0.528990969310E+02  0.707106455970E+00
 -0.477467640400E+01 -0.277748643130E+02  0.528990969310E+02  0.100000000000E+01
 -0.477467640400E+01 -0.277748643130E+02  0.528990969310E+02  0.707106858749E+00
 -0.477467640400E+01 -0.277748643130E+02  0.528990969310E+02  0.100000000000E+01
 -0.477467640400E+01 -0.277748643130E+02  0.528990969310E+02  0.707107239681E+00
 -0.477467640400E+01 -0.277748643130E+02  0.528990969310E+02  0.100000000000E+01
 -0.470754904400E+01 -0.276117511910E+02  0.530879320770E+02  0.100000000000E+01
 -0.509765854100E+01 -0.270382089800E+02  0.531251119690E+02  0.707106800187E+00
 -0.540767153100E+01 -0.272413578870E+02  0.526632796270E+02  0.100000000000E+01
 -0.537482097400E+01 -0.277287532440E+02  0.523327046810E+02  0.707106455970E+00
 -0.484720026600E+01 -0.279510905920E+02  0.526950814530E+02  0.100000000000E+01
 -0.479326606900E+01 -0.288001785410E+02  0.527788118100E+02  0.707106858749E+00
 -0.457454529500E+01 -0.284182661480E+02  0.533837169240E+02  0.100000000000E+01
 -0.451773891600E+01 -0.278963068830E+02  0.535701505680E+02  0.707107239681E+00
 -0.470754904400E+01 -0.276117511910E+02  0.530879320770E+02  0.100000000000E+01
           1
           2
           3
           4
           5
           6
           7
           8
           9
          10
          11
          12
          13
          14
          15
          16
          17
          18
          19
          20
          21
          22
          23
          24
          25
          26
          27
          28
          29
          30
          31
          32
          33
          34
          35
          36
          37
          38
          39
          40
          41
          42
          43
          44
          45
          46
          47
          48
          49
          50
          51
          52
          53
          54
          55
          56
          57
          58
          59
          60
          61
          62
          63
          64
          65
          66
          67
          68
          69
          70
          71
          72
          73
          74
          75
          76
          77
          78
          79
          80
          81
          82
          83
          84
          85
          86
          87
          88
          89
          90
          91
          92
          93
          94
          95
          96
          97
          98
          99
         100
         101
         102
         103
         104
         105
         106
         107
         108
         109
         110
         111
         112
         113
         114
         115
         116
         117
         118
         119
         120
         121
         122
         123
         124
         125
         126
         127
         128
         129
         130
         131
         132
         133
         134
         135
         136
         137
         138
         139
         140
         141
         142
         143
         144
         145
         146
         147
         148
         149
         150
         151
         152
         153
         154
         155
         156
         157
         158
         159
         160
         161
         162
         163
         164
         165
         166
         167
         168
         169
         170
         171
         172
         173
         174
         175
         176
         177
         178
         179
         180
         181
         182
         183
         184
         185
         186
         187
         188
         189
         190
         191
         192
         193
         194
         195
         196
         197
         198
         199
         200
         201
         202
         203
         204
         205
         206
         207
         208
         209
         210
         211
         212
         213
         214
         215
         216
         217
         218
         219
         220
         221
         222
         223
         224
         225
         226
         227
         228
         229
         230
         231
         232
         233
         234
         235
         236
         237
         238
         239
         240
         241
         242
         243
         244
         245
         246
         247
         248
         249
         250
         251
         252
         253
         254
         255
         256
         257
         258
         259
         260
         261
         262
         263
         264
         265
         266
         267
         268
         269
         270
         271
         272
         273
         274
         275
         276
         277
         278
         279
         280
         281
         282
         283
         284
         285
         286
         287
         288
         289
         290
         291
         292
         293
         294
         295
         296
         297
         298
         299
         300
         301
         302
         303
         304
         305
         306
         307
         308
         309
         310
         311
         312
         313
         314
         315
         316
         317
         318
         319
         320
         321
         322
         323
         324
 1 0 0
 0 0 0
 0 0 0
 0 0 0
 0 0 0
 0 0 0
 0 0 0
 0 0 0
 0 0 0
 0 0 0
 0 0 0
 0 0 0
 0 0 0
 0 0 0
 0 0 0
 0 0 0
 0 0 0
 0 0 0
 0 0 0
 0 0 0
 0 0 0
 0 0 0
 0 0 0
 0 0 0
 0 0 0
 0 0 0
 0 0 0
 0 0 0
 0 0 0
 0 0 0
 0 0 0
 0 0 0
 0 0 0
 0 0 0
 0 0 0
 0 0 0
 0 0 0
 0 0 0
 0 0 0
 0 0 0
 0 0 0
 0 0 0
 0 0 0
 0 0 0
 0 0 0
 0 0 0
 0 0 0
 0 0 0
 0 0 0
 0 0 0
 0 0 0
 0 0 0
 0 0 0
 0 0 0
 0 0 0
 0 0 0
 0 0 0
 0 0 0
 0 0 0
 0 0 0
 0 0 0
 0 0 0
 0 0 0
 0 0 0
 0 0 0
 0 0 0
 0 0 0
 0 0 0
 0 0 0
 0 0 0
 0 0 0
 0 0 0
 0 0 0
 0 0 0
 0 0 0
 0 0 0
 0 0 0
 0 0 0
 0 0 0
 0 0 0
 0 0 0
 0 0 0
 0 0 0
 0 0 0
 0 0 0
 0 0 0
 0 0 0
 0 0 0
 0 0 0
 0 0 0
 0 0 0
 0 0 0
 0 0 0
 0 0 0
 0 0 0
 0 0 0
 0 0 0
 0 0 0
 0 0 0
 0 0 0
 0 0 0
 0 0 0
 0 0 0
 0 0 0
 0 0 0
 0 0 0
 0 0 0
 0 0 0
 0 0 0
 0 0 0
 0 0 0
 0 0 0
 0 0 0
 0 0 0
 0 0 0
 0 0 0
 0 0 0
 0 0 0
 0 0 0
 0 0 0
 0 0 0
 0 0 0
 0 0 0
 0 0 0
 0 0 0
 0 0 0
 0 0 0
 0 0 0
 0 0 0
 0 0 0
 0 0 0
 0 0 0
 0 0 0
 0 0 0
 0 0 0
 0 0 0
 0 0 0
 0 0 0
 0 0 0
 0 0 0
 0 0 0
 0 0 0
 0 0 0
 0 0 0
 0 0 0
 0 0 0
 0 0 0
 0 0 0
 0 0 0
 0 0 0
 0 0 0
 0 0 0
 0 0 0
 0 0 0
 0 0 0
 0 0 0
 0 0 0
 0 0 0
 0 0 0
 0 0 0
 0 0 0
 0 0 0
 0 0 0
 0 0 0
 0 0 0
 0 0 0
 0 0 0
 0 0 0
 0 0 0
 0 0 0
 0 0 0
 0 0 0
 0 0 0
 0 0 0
 0 0 0
 0 0 0
 0 0 0
 0 0 0
 0 0 0
 0 0 0
 0 0 0
 0 0 0
 0 0 0
 0 0 0
 0 0 0
 0 0 0
 0 0 0
 0 0 0
 0 0 0
 0 0 0
 0 0 0
 0 0 0
 0 0 0
 0 0 0
 0 0 0
 0 0 0
 0 0 0
 0 0 0
 0 0 0
 0 0 0
 0 0 0
 0 0 0
 0 0 0
 0 0 0
 0 0 0
 0 0 0
 0 0 0
 0 0 0
 0 0 0
 0 0 0
 0 0 0
 0 0 0
 0 0 0
 0 0 0
 0 0 0
 0 0 0
 0 0 0
 0 0 0
 0 0 0
 0 0 0
 0 0 0
 0 0 0
 0 0 0
 0 0 0
 0 0 0
 0 0 0
 0 0 0
 0 0 0
 0 0 0
 0 0 0
 0 0 0
 0 0 0
 0 0 0
 0 0 0
 0 0 0
 0 0 0
 0 0 0
 0 0 0
 0 0 0
 0 0 0
 0 0 0
 0 0 0
 0 0 0
 0 0 0
 0 0 0
 0 0 0
 0 0 0
 0 0 0
 0 0 0
 0 0 0
 0 0 0
 0 0 0
 0 0 0
 0 0 0
 0 0 0
 0 0 0
 0 0 0
 0 0 0
 0 0 0
 0 0 0
 0 0 0
 0 0 0
 0 0 0
 0 0 0
 0 0 0
 0 0 0
 0 0 0
 0 0 0
 0 0 0
 0 0 0
 0 0 0
 0 0 0
 0 0 0
 0 0 0
 0 0 0
 0 0 0
 0 0 0
 0 0 0
 0 0 0
 0 0 0
 0 0 0
 0 0 0
 0 0 0
 0 0 0
 0 0 0
 0 0 0
 0 0 0
 0 0 0
 0 0 0
 0 0 0
 0 0 0
 0 0 0
 0 0 0
 0 0 0
 0 0 0
 0 0 0
 0 0 0
 0 0 0
 0 0 0
 0 0 0
 0 0 0
 0 0 0
 0 0 0
 0 0 0
 0 0 0
 0 0 0
 0 0 0
 0 0 0
 0 0 0
 0 0 0
 0 0 0
 0 0 0
 0 0 0
 0 0 0
 0 0 0
 0 0 0
 0 0 0
 0 0 0
 0 0 0
 0 0 0
 0 0 0
 0 0 0
 0 0 0
 0 0 0
 0 0 0
  0.000000000  0.000000000  0.000000000
  0.000000000  0.000000000  0.000000000
  0.000000000  0.000000000  0.000000000
  0.000000000  0.000000000  0.000000000
  0.000000000  0.000000000  0.000000000
  0.000000000  0.000000000  0.000000000
  0.000000000  0.000000000  0.000000000
  0.000000000  0.000000000  0.000000000
  0.000000000  0.000000000  0.000000000
  0.000000000  0.000000000  0.000000000
  0.000000000  0.000000000  0.000000000
  0.000000000  0.000000000  0.000000000
  0.000000000  0.000000000  0.000000000
  0.000000000  0.000000000  0.000000000
  0.000000000  0.000000000  0.000000000
  0.000000000  0.000000000  0.000000000
  0.000000000  0.000000000  0.000000000
  0.000000000  0.000000000  0.000000000
  0.000000000  0.000000000  0.000000000
  0.000000000  0.000000000  0.000000000
  0.000000000  0.000000000  0.000000000
  0.000000000  0.000000000  0.000000000
  0.000000000  0.000000000  0.000000000
  0.000000000  0.000000000  0.000000000
  0.000000000  0.000000000  0.000000000
  0.000000000  0.000000000  0.000000000
  0.000000000  0.000000000  0.000000000
  0.000000000  0.000000000  0.000000000
  0.000000000  0.000000000  0.000000000
  0.000000000  0.000000000  0.000000000
  0.000000000  0.000000000  0.000000000
  0.000000000  0.000000000  0.000000000
  0.000000000  0.000000000  0.000000000
  0.000000000  0.000000000  0.000000000
  0.000000000  0.000000000  0.000000000
  0.000000000  0.000000000  0.000000000
  0.000000000  0.000000000  0.000000000
  0.000000000  0.000000000  0.000000000
  0.000000000  0.000000000  0.000000000
  0.000000000  0.000000000  0.000000000
  0.000000000  0.000000000  0.000000000
  0.000000000  0.000000000  0.000000000
  0.000000000  0.000000000  0.000000000
  0.000000000  0.000000000  0.000000000
  0.000000000  0.000000000  0.000000000
  0.000000000  0.000000000  0.000000000
  0.000000000  0.000000000  0.000000000
  0.000000000  0.000000000  0.000000000
  0.000000000  0.000000000  0.000000000
  0.000000000  0.000000000  0.000000000
  0.000000000  0.000000000  0.000000000
  0.000000000  0.000000000  0.000000000
  0.000000000  0.000000000  0.000000000
  0.000000000  0.000000000  0.000000000
  0.000000000  0.000000000  0.000000000
  0.000000000  0.000000000  0.000000000
  0.000000000  0.000000000  0.000000000
  0.000000000  0.000000000  0.000000000
  0.000000000  0.000000000  0.000000000
  0.000000000  0.000000000  0.000000000
  0.000000000  0.000000000  0.000000000
  0.000000000  0.000000000  0.000000000
  0.000000000  0.000000000  0.000000000
  0.000000000  0.000000000  0.000000000
  0.000000000  0.000000000  0.000000000
  0.000000000  0.000000000  0.000000000
  0.000000000  0.000000000  0.000000000
  0.000000000  0.000000000  0.000000000
  0.000000000  0.000000000  0.000000000
  0.000000000  0.000000000  0.000000000
  0.000000000  0.000000000  0.000000000
  0.000000000  0.000000000  0.000000000
  0.000000000  0.000000000  0.000000000
  0.000000000  0.000000000  0.000000000
  0.000000000  0.000000000  0.000000000
  0.000000000  0.000000000  0.000000000
  0.000000000  0.000000000  0.000000000
  0.000000000  0.000000000  0.000000000
  0.000000000  0.000000000  0.000000000
  0.000000000  0.000000000  0.000000000
  0.000000000  0.000000000  0.000000000
  0.000000000  0.000000000  0.000000000
  0.000000000  0.000000000  0.000000000
  0.000000000  0.000000000  0.000000000
  0.000000000  0.000000000  0.000000000
  0.000000000  0.000000000  0.000000000
  0.000000000  0.000000000  0.000000000
  0.000000000  0.000000000  0.000000000
  0.000000000  0.000000000  0.000000000
  0.000000000  0.000000000  0.000000000
  0.000000000  0.000000000  0.000000000
  0.000000000  0.000000000  0.000000000
  0.000000000  0.000000000  0.000000000
  0.000000000  0.000000000  0.000000000
  0.000000000  0.000000000  0.000000000
  0.000000000  0.000000000  0.000000000
  0.000000000  0.000000000  0.000000000
  0.000000000  0.000000000  0.000000000
  0.000000000  0.000000000  0.000000000
  0.000000000  0.000000000  0.000000000
  0.000000000  0.000000000  0.000000000
  0.000000000  0.000000000  0.000000000
  0.000000000  0.000000000  0.000000000
  0.000000000  0.000000000  0.000000000
  0.000000000  0.000000000  0.000000000
  0.000000000  0.000000000  0.000000000
  0.000000000  0.000000000  0.000000000
  0.000000000  0.000000000  0.000000000
  0.000000000  0.000000000  0.000000000
  0.000000000  0.000000000  0.000000000
  0.000000000  0.000000000  0.000000000
  0.000000000  0.000000000  0.000000000
  0.000000000  0.000000000  0.000000000
  0.000000000  0.000000000  0.000000000
  0.000000000  0.000000000  0.000000000
  0.000000000  0.000000000  0.000000000
  0.000000000  0.000000000  0.000000000
  0.000000000  0.000000000  0.000000000
  0.000000000  0.000000000  0.000000000
  0.000000000  0.000000000  0.000000000
  0.000000000  0.000000000  0.000000000
  0.000000000  0.000000000  0.000000000
  0.000000000  0.000000000  0.000000000
  0.000000000  0.000000000  0.000000000
  0.000000000  0.000000000  0.000000000
  0.000000000  0.000000000  0.000000000
  0.000000000  0.000000000  0.000000000
  0.000000000  0.000000000  0.000000000
  0.000000000  0.000000000  0.000000000
  0.000000000  0.000000000  0.000000000
  0.000000000  0.000000000  0.000000000
  0.000000000  0.000000000  0.000000000
  0.000000000  0.000000000  0.000000000
  0.000000000  0.000000000  0.000000000
  0.000000000  0.000000000  0.000000000
  0.000000000  0.000000000  0.000000000
  0.000000000  0.000000000  0.000000000
  0.000000000  0.000000000  0.000000000
  0.000000000  0.000000000  0.000000000
  0.000000000  0.000000000  0.000000000
  0.000000000  0.000000000  0.000000000
  0.000000000  0.000000000  0.000000000
  0.000000000  0.000000000  0.000000000
  0.000000000  0.000000000  0.000000000
  0.000000000  0.000000000  0.000000000
  0.000000000  0.000000000  0.000000000
  0.000000000  0.000000000  0.000000000
  0.000000000  0.000000000  0.000000000
  0.000000000  0.000000000  0.000000000
  0.000000000  0.000000000  0.000000000
  0.000000000  0.000000000  0.000000000
  0.000000000  0.000000000  0.000000000
  0.000000000  0.000000000  0.000000000
  0.000000000  0.000000000  0.000000000
  0.000000000  0.000000000  0.000000000
  0.000000000  0.000000000  0.000000000
  0.000000000  0.000000000  0.000000000
  0.000000000  0.000000000  0.000000000
  0.000000000  0.000000000  0.000000000
  0.000000000  0.000000000  0.000000000
  0.000000000  0.000000000  0.000000000
  0.000000000  0.000000000  0.000000000
  0.000000000  0.000000000  0.000000000
  0.000000000  0.000000000  0.000000000
  0.000000000  0.000000000  0.000000000
  0.000000000  0.000000000  0.000000000
  0.000000000  0.000000000  0.000000000
  0.000000000  0.000000000  0.000000000
  0.000000000  0.000000000  0.000000000
  0.000000000  0.000000000  0.000000000
  0.000000000  0.000000000  0.000000000
  0.000000000  0.000000000  0.000000000
  0.000000000  0.000000000  0.000000000
  0.000000000  0.000000000  0.000000000
  0.000000000  0.000000000  0.000000000
  0.000000000  0.000000000  0.000000000
  0.000000000  0.000000000  0.000000000
  0.000000000  0.000000000  0.000000000
  0.000000000  0.000000000  0.000000000
  0.000000000  0.000000000  0.000000000
  0.000000000  0.000000000  0.000000000
  0.000000000  0.000000000  0.000000000
  0.000000000  0.000000000  0.000000000
  0.000000000  0.000000000  0.000000000
  0.000000000  0.000000000  0.000000000
  0.000000000  0.000000000  0.000000000
  0.000000000  0.000000000  0.000000000
  0.000000000  0.000000000  0.000000000
  0.000000000  0.000000000  0.000000000
  0.000000000  0.000000000  0.000000000
  0.000000000  0.000000000  0.000000000
  0.000000000  0.000000000  0.000000000
  0.000000000  0.000000000  0.000000000
  0.000000000  0.000000000  0.000000000
  0.000000000  0.000000000  0.000000000
  0.000000000  0.000000000  0.000000000
  0.000000000  0.000000000  0.000000000
  0.000000000  0.000000000  0.000000000
  0.000000000  0.000000000  0.000000000
  0.000000000  0.000000000  0.000000000
  0.000000000  0.000000000  0.000000000
  0.000000000  0.000000000  0.000000000
  0.000000000  0.000000000  0.000000000
  0.000000000  0.000000000  0.000000000
  0.000000000  0.000000000  0.000000000
  0.000000000  0.000000000  0.000000000
  0.000000000  0.000000000  0.000000000
  0.000000000  0.000000000  0.000000000
  0.000000000  0.000000000  0.000000000
  0.000000000  0.000000000  0.000000000
  0.000000000  0.000000000  0.000000000
  0.000000000  0.000000000  0.000000000
  0.000000000  0.000000000  0.000000000
  0.000000000  0.000000000  0.000000000
  0.000000000  0.000000000  0.000000000
  0.000000000  0.000000000  0.000000000
  0.000000000  0.000000000  0.000000000
  0.000000000  0.000000000  0.000000000
  0.000000000  0.000000000  0.000000000
  0.000000000  0.000000000  0.000000000
  0.000000000  0.000000000  0.000000000
  0.000000000  0.000000000  0.000000000
  0.000000000  0.000000000  0.000000000
  0.000000000  0.000000000  0.000000000
  0.000000000  0.000000000  0.000000000
  0.000000000  0.000000000  0.000000000
  0.000000000  0.000000000  0.000000000
  0.000000000  0.000000000  0.000000000
  0.000000000  0.000000000  0.000000000
  0.000000000  0.000000000  0.000000000
  0.000000000  0.000000000  0.000000000
  0.000000000  0.000000000  0.000000000
  0.000000000  0.000000000  0.000000000
  0.000000000  0.000000000  0.000000000
  0.000000000  0.000000000  0.000000000
  0.000000000  0.000000000  0.000000000
  0.000000000  0.000000000  0.000000000
  0.000000000  0.000000000  0.000000000
  0.000000000  0.000000000  0.000000000
  0.000000000  0.000000000  0.000000000
  0.000000000  0.000000000  0.000000000
  0.000000000  0.000000000  0.000000000
  0.000000000  0.000000000  0.000000000
  0.000000000  0.000000000  0.000000000
  0.000000000  0.000000000  0.000000000
  0.000000000  0.000000000  0.000000000
  0.000000000  0.000000000  0.000000000
  0.000000000  0.000000000  0.000000000
  0.000000000  0.000000000  0.000000000
  0.000000000  0.000000000  0.000000000
  0.000000000  0.000000000  0.000000000
  0.000000000  0.000000000  0.000000000
  0.000000000  0.000000000  0.000000000
  0.000000000  0.000000000  0.000000000
  0.000000000  0.000000000  0.000000000
  0.000000000  0.000000000  0.000000000
  0.000000000  0.000000000  0.000000000
  0.000000000  0.000000000  0.000000000
  0.000000000  0.000000000  0.000000000
  0.000000000  0.000000000  0.000000000
  0.000000000  0.000000000  0.000000000
  0.000000000  0.000000000  0.000000000
  0.000000000  0.000000000  0.000000000
  0.000000000  0.000000000  0.000000000
  0.000000000  0.000000000  0.000000000
  0.000000000  0.000000000  0.000000000
  0.000000000  0.000000000  0.000000000
  0.000000000  0.000000000  0.000000000
  0.000000000  0.000000000  0.000000000
  0.000000000  0.000000000  0.000000000
  0.000000000  0.000000000  0.000000000
  0.000000000  0.000000000  0.000000000
  0.000000000  0.000000000  0.000000000
  0.000000000  0.000000000  0.000000000
  0.000000000  0.000000000  0.000000000
  0.000000000  0.000000000  0.000000000
  0.000000000  0.000000000  0.000000000
  0.000000000  0.000000000  0.000000000
  0.000000000  0.000000000  0.000000000
  0.000000000  0.000000000  0.000000000
  0.000000000  0.000000000  0.000000000
  0.000000000  0.000000000  0.000000000
  0.000000000  0.000000000  0.000000000
  0.000000000  0.000000000  0.000000000
  0.000000000  0.000000000  0.000000000
  0.000000000  0.000000000  0.000000000
  0.000000000  0.000000000  0.000000000
  0.000000000  0.000000000  0.000000000
  0.000000000  0.000000000  0.000000000
  0.000000000  0.000000000  0.000000000
  0.000000000  0.000000000  0.000000000
  0.000000000  0.000000000  0.000000000
  0.000000000  0.000000000  0.000000000
  0.000000000  0.000000000  0.000000000
  0.000000000  0.000000000  0.000000000
  0.000000000  0.000000000  0.000000000
  0.000000000  0.000000000  0.000000000
  0.000000000  0.000000000  0.000000000
  0.000000000  0.000000000  0.000000000
  0.000000000  0.000000000  0.000000000
  0.000000000  0.000000000  0.000000000
  0.000000000  0.000000000  0.000000000
  0.000000000  0.000000000  0.000000000
  0.000000000  0.000000000  0.000000000
  0.000000000  0.000000000  0.000000000
  0.000000000  0.000000000  0.000000000
  0.000000000  0.000000000  0.000000000
  0.000000000  0.000000000  0.000000000
  0.000000000  0.000000000  0.000000000
  0.000000000  0.000000000  0.000000000
  0.000000000  0.000000000  0.000000000
  0.000000000  0.000000000  0.000000000
  0.000000000  0.000000000  0.000000000
  0.000000000  0.000000000  0.000000000
  0.000000000  0.000000000  0.000000000
  0.000000000  0.000000000  0.000000000
  0.000000000  0.000000000  0.000000000
  0.000000000  0.000000000  0.000000000
  0.000000000  0.000000000  0.000000000
  0.000000000  0.000000000  0.000000000
  0.000000000  0.000000000  0.000000000
  0.000000000  0.000000000  0.000000000
  0.000000000  0.000000000  0.000000000
  0.000000000  0.000000000  0.000000000
 0 0 0
 0 0 0
 0 0 0
 0 0 0
 0 0 0
 0 0 0
 0 0 0
 0 0 0
 0 0 0
 0 0 0
 0 0 0
 0 0 0
 0 0 0
 0 0 0
 0 0 0
 0 0 0
 0 0 0
 0 0 0
 0 0 0
 0 0 0
 0 0 0
 0 0 0
 0 0 0
 0 0 0
 0 0 0
 0 0 0
 0 0 0
 0 0 0
 0 0 0
 0 0 0
 0 0 0
 0 0 0
 0 0 0
 0 0 0
 0 0 0
 0 0 0
 0 0 0
 0 0 0
 0 0 0
 0 0 0
 0 0 0
 0 0 0
 0 0 0
 0 0 0
 0 0 0
 0 0 0
 0 0 0
 0 0 0
 0 0 0
 0 0 0
 0 0 0
 0 0 0
 0 0 0
 0 0 0
 0 0 0
 0 0 0
 0 0 0
 0 0 0
 0 0 0
 0 0 0
 0 0 0
 0 0 0
 0 0 0
 0 0 0
 0 0 0
 0 0 0
 0 0 0
 0 0 0
 0 0 0
 0 0 0
 0 0 0
 0 0 0
 0 0 0
 0 0 0
 0 0 0
 0 0 0
 0 0 0
 0 0 0
 0 0 0
 0 0 0
 0 0 0
 0 0 0
 0 0 0
 0 0 0
 0 0 0
 0 0 0
 0 0 0
 0 0 0
 0 0 0
 0 0 0
 0 0 0
 0 0 0
 0 0 0
 0 0 0
 0 0 0
 0 0 0
 0 0 0
 0 0 0
 0 0 0
 0 0 0
 0 0 0
 0 0 0
 0 0 0
 0 0 0
 0 0 0
 0 0 0
 0 0 0
 0 0 0
 0 0 0
 0 0 0
 0 0 0
 0 0 0
 0 0 0
 0 0 0
 0 0 0
 0 0 0
 0 0 0
 0 0 0
 0 0 0
 0 0 0
 0 0 0
 0 0 0
 0 0 0
 0 0 0
 0 0 0
 0 0 0
 0 0 0
 0 0 0
 0 0 0
 0 0 0
 0 0 0
 0 0 0
 0 0 0
 0 0 0
 0 0 0
 0 0 0
 0 0 0
 0 0 0
 0 0 0
 0 0 0
 0 0 0
 0 0 0
 0 0 0
 0 0 0
 0 0 0
 0 0 0
 0 0 0
 0 0 0
 0 0 0
 0 0 0
 0 0 0
 0 0 0
 0 0 0
 0 0 0
 0 0 0
 0 0 0
 0 0 0
 0 0 0
 0 0 0
 0 0 0
 0 0 0
 0 0 0
 0 0 0
 0 0 0
 0 0 0
 0 0 0
 0 0 0
 0 0 0
 0 0 0
 0 0 0
 0 0 0
 0 0 0
 0 0 0
 0 0 0
 0 0 0
 0 0 0
 0 0 0
 0 0 0
 0 0 0
 0 0 0
 0 0 0
 0 0 0
 0 0 0
 0 0 0
 0 0 0
 0 0 0
 0 0 0
 0 0 0
 0 0 0
 0 0 0
 0 0 0
 0 0 0
 0 0 0
 0 0 0
 0 0 0
 0 0 0
 0 0 0
 0 0 0
 0 0 0
 0 0 0
 0 0 0
 0 0 0
 0 0 0
 0 0 0
 0 0 0
 0 0 0
 0 0 0
 0 0 0
 0 0 0
 0 0 0
 0 0 0
 0 0 0
 0 0 0
 0 0 0
 0 0 0
 0 0 0
 0 0 0
 0 0 0
 0 0 0
 0 0 0
 0 0 0
 0 0 0
 0 0 0
 0 0 0
 0 0 0
 0 0 0
 0 0 0
 0 0 0
 0 0 0
 0 0 0
 0 0 0
 0 0 0
 0 0 0
 0 0 0
 0 0 0
 0 0 0
 0 0 0
 0 0 0
  0.000000000  0.000000000  0.000000000
  0.000000000  0.000000000  0.000000000
  0.000000000  0.000000000  0.000000000
  0.000000000  0.000000000  0.000000000
  0.000000000  0.000000000  0.000000000
  0.000000000  0.000000000  0.000000000
  0.000000000  0.000000000  0.000000000
  0.000000000  0.000000000  0.000000000
  0.000000000  0.000000000  0.000000000
  0.000000000  0.000000000  0.000000000
  0.000000000  0.000000000  0.000000000
  0.000000000  0.000000000  0.000000000
  0.000000000  0.000000000  0.000000000
  0.000000000  0.000000000  0.000000000
  0.000000000  0.000000000  0.000000000
  0.000000000  0.000000000  0.000000000
  0.000000000  0.000000000  0.000000000
  0.000000000  0.000000000  0.000000000
  0.000000000  0.000000000  0.000000000
  0.000000000  0.000000000  0.000000000
  0.000000000  0.000000000  0.000000000
  0.000000000  0.000000000  0.000000000
  0.000000000  0.000000000  0.000000000
  0.000000000  0.000000000  0.000000000
  0.000000000  0.000000000  0.000000000
  0.000000000  0.000000000  0.000000000
  0.000000000  0.000000000  0.000000000
  0.000000000  0.000000000  0.000000000
  0.000000000  0.000000000  0.000000000
  0.000000000  0.000000000  0.000000000
  0.000000000  0.000000000  0.000000000
  0.000000000  0.000000000  0.000000000
  0.000000000  0.000000000  0.000000000
  0.000000000  0.000000000  0.000000000
  0.000000000  0.000000000  0.000000000
  0.000000000  0.000000000  0.000000000
  0.000000000  0.000000000  0.000000000
  0.000000000  0.000000000  0.000000000
  0.000000000  0.000000000  0.000000000
  0.000000000  0.000000000  0.000000000
  0.000000000  0.000000000  0.000000000
  0.000000000  0.000000000  0.000000000
  0.000000000  0.000000000  0.000000000
  0.000000000  0.000000000  0.000000000
  0.000000000  0.000000000  0.000000000
  0.000000000  0.000000000  0.000000000
  0.000000000  0.000000000  0.000000000
  0.000000000  0.000000000  0.000000000
  0.000000000  0.000000000  0.000000000
  0.000000000  0.000000000  0.000000000
  0.000000000  0.000000000  0.000000000
  0.000000000  0.000000000  0.000000000
  0.000000000  0.000000000  0.000000000
  0.000000000  0.000000000  0.000000000
  0.000000000  0.000000000  0.000000000
  0.000000000  0.000000000  0.000000000
  0.000000000  0.000000000  0.000000000
  0.000000000  0.000000000  0.000000000
  0.000000000  0.000000000  0.000000000
  0.000000000  0.000000000  0.000000000
  0.000000000  0.000000000  0.000000000
  0.000000000  0.000000000  0.000000000
  0.000000000  0.000000000  0.000000000
  0.000000000  0.000000000  0.000000000
  0.000000000  0.000000000  0.000000000
  0.000000000  0.000000000  0.000000000
  0.000000000  0.000000000  0.000000000
  0.000000000  0.000000000  0.000000000
  0.000000000  0.000000000  0.000000000
  0.000000000  0.000000000  0.000000000
  0.000000000  0.000000000  0.000000000
  0.000000000  0.000000000  0.000000000
  0.000000000  0.000000000  0.000000000
  0.000000000  0.000000000  0.000000000
  0.000000000  0.000000000  0.000000000
  0.000000000  0.000000000  0.000000000
  0.000000000  0.000000000  0.000000000
  0.000000000  0.000000000  0.000000000
  0.000000000  0.000000000  0.000000000
  0.000000000  0.000000000  0.000000000
  0.000000000  0.000000000  0.000000000
  0.000000000  0.000000000  0.000000000
  0.000000000  0.000000000  0.000000000
  0.000000000  0.000000000  0.000000000
  0.000000000  0.000000000  0.000000000
  0.000000000  0.000000000  0.000000000
  0.000000000  0.000000000  0.000000000
  0.000000000  0.000000000  0.000000000
  0.000000000  0.000000000  0.000000000
  0.000000000  0.000000000  0.000000000
  0.000000000  0.000000000  0.000000000
  0.000000000  0.000000000  0.000000000
  0.000000000  0.000000000  0.000000000
  0.000000000  0.000000000  0.000000000
  0.000000000  0.000000000  0.000000000
  0.000000000  0.000000000  0.000000000
  0.000000000  0.000000000  0.000000000
  0.000000000  0.000000000  0.000000000
  0.000000000  0.000000000  0.000000000
  0.000000000  0.000000000  0.000000000
  0.000000000  0.000000000  0.000000000
  0.000000000  0.000000000  0.000000000
  0.000000000  0.000000000  0.000000000
  0.000000000  0.000000000  0.000000000
  0.000000000  0.000000000  0.000000000
  0.000000000  0.000000000  0.000000000
  0.000000000  0.000000000  0.000000000
  0.000000000  0.000000000  0.000000000
  0.000000000  0.000000000  0.000000000
  0.000000000  0.000000000  0.000000000
  0.000000000  0.000000000  0.000000000
  0.000000000  0.000000000  0.000000000
  0.000000000  0.000000000  0.000000000
  0.000000000  0.000000000  0.000000000
  0.000000000  0.000000000  0.000000000
  0.000000000  0.000000000  0.000000000
  0.000000000  0.000000000  0.000000000
  0.000000000  0.000000000  0.000000000
  0.000000000  0.000000000  0.000000000
  0.000000000  0.000000000  0.000000000
  0.000000000  0.000000000  0.000000000
  0.000000000  0.000000000  0.000000000
  0.000000000  0.000000000  0.000000000
  0.000000000  0.000000000  0.000000000
  0.000000000  0.000000000  0.000000000
  0.000000000  0.000000000  0.000000000
  0.000000000  0.000000000  0.000000000
  0.000000000  0.000000000  0.000000000
  0.000000000  0.000000000  0.000000000
  0.000000000  0.000000000  0.000000000
  0.000000000  0.000000000  0.000000000
  0.000000000  0.000000000  0.000000000
  0.000000000  0.000000000  0.000000000
  0.000000000  0.000000000  0.000000000
  0.000000000  0.000000000  0.000000000
  0.000000000  0.000000000  0.000000000
  0.000000000  0.000000000  0.000000000
  0.000000000  0.000000000  0.000000000
  0.000000000  0.000000000  0.000000000
  0.000000000  0.000000000  0.000000000
  0.000000000  0.000000000  0.000000000
  0.000000000  0.000000000  0.000000000
  0.000000000  0.000000000  0.000000000
  0.000000000  0.000000000  0.000000000
  0.000000000  0.000000000  0.000000000
  0.000000000  0.000000000  0.000000000
  0.000000000  0.000000000  0.000000000
  0.000000000  0.000000000  0.000000000
  0.000000000  0.000000000  0.000000000
  0.000000000  0.000000000  0.000000000
  0.000000000  0.000000000  0.000000000
  0.000000000  0.000000000  0.000000000
  0.000000000  0.000000000  0.000000000
  0.000000000  0.000000000  0.000000000
  0.000000000  0.000000000  0.000000000
  0.000000000  0.000000000  0.000000000
  0.000000000  0.000000000  0.000000000
  0.000000000  0.000000000  0.000000000
  0.000000000  0.000000000  0.000000000
  0.000000000  0.000000000  0.000000000
  0.000000000  0.000000000  0.000000000
  0.000000000  0.000000000  0.000000000
  0.000000000  0.000000000  0.000000000
  0.000000000  0.000000000  0.000000000
  0.000000000  0.000000000  0.000000000
  0.000000000  0.000000000  0.000000000
  0.000000000  0.000000000  0.000000000
  0.000000000  0.000000000  0.000000000
  0.000000000  0.000000000  0.000000000
  0.000000000  0.000000000  0.000000000
  0.000000000  0.000000000  0.000000000
  0.000000000  0.000000000  0.000000000
  0.000000000  0.000000000  0.000000000
  0.000000000  0.000000000  0.000000000
  0.000000000  0.000000000  0.000000000
  0.000000000  0.000000000  0.000000000
  0.000000000  0.000000000  0.000000000
  0.000000000  0.000000000  0.000000000
  0.000000000  0.000000000  0.000000000
  0.000000000  0.000000000  0.000000000
  0.000000000  0.000000000  0.000000000
  0.000000000  0.000000000  0.000000000
  0.000000000  0.000000000  0.000000000
  0.000000000  0.000000000  0.000000000
  0.000000000  0.000000000  0.000000000
  0.000000000  0.000000000  0.000000000
  0.000000000  0.000000000  0.000000000
  0.000000000  0.000000000  0.000000000
  0.000000000  0.000000000  0.000000000
  0.000000000  0.000000000  0.000000000
  0.000000000  0.000000000  0.000000000
  0.000000000  0.000000000  0.000000000
  0.000000000  0.000000000  0.000000000
  0.000000000  0.000000000  0.000000000
  0.000000000  0.000000000  0.000000000
  0.000000000  0.000000000  0.000000000
  0.000000000  0.000000000  0.000000000
  0.000000000  0.000000000  0.000000000
  0.000000000  0.000000000  0.000000000
  0.000000000  0.000000000  0.000000000
  0.000000000  0.000000000  0.000000000
  0.000000000  0.000000000  0.000000000
  0.000000000  0.000000000  0.000000000
  0.000000000  0.000000000  0.000000000
  0.000000000  0.000000000  0.000000000
  0.000000000  0.000000000  0.000000000
  0.000000000  0.000000000  0.000000000
  0.000000000  0.000000000  0.000000000
  0.000000000  0.000000000  0.000000000
  0.000000000  0.000000000  0.000000000
  0.000000000  0.000000000  0.000000000
  0.000000000  0.000000000  0.000000000
  0.000000000  0.000000000  0.000000000
  0.000000000  0.000000000  0.000000000
  0.000000000  0.000000000  0.000000000
  0.000000000  0.000000000  0.000000000
  0.000000000  0.000000000  0.000000000
  0.000000000  0.000000000  0.000000000
  0.000000000  0.000000000  0.000000000
  0.000000000  0.000000000  0.000000000
  0.000000000  0.000000000  0.000000000
  0.000000000  0.000000000  0.000000000
  0.000000000  0.000000000  0.000000000
  0.000000000  0.000000000  0.000000000
  0.000000000  0.000000000  0.000000000
  0.000000000  0.000000000  0.000000000
  0.000000000  0.000000000  0.000000000
  0.000000000  0.000000000  0.000000000
  0.000000000  0.000000000  0.000000000
  0.000000000  0.000000000  0.000000000
  0.000000000  0.000000000  0.000000000
  0.000000000  0.000000000  0.000000000
  0.000000000  0.000000000  0.000000000
  0.000000000  0.000000000  0.000000000
  0.000000000  0.000000000  0.000000000
  0.000000000  0.000000000  0.000000000
  0.000000000  0.000000000  0.000000000
  0.000000000  0.000000000  0.000000000
  0.000000000  0.000000000  0.000000000
  0.000000000  0.000000000  0.000000000
  0.000000000  0.000000000  0.000000000
  0.000000000  0.000000000  0.000000000
  0.000000000  0.000000000  0.000000000
  0.000000000  0.000000000  0.000000000
  0.000000000  0.000000000  0.000000000
  0.000000000  0.000000000  0.000000000
  0.000000000  0.000000000  0.000000000
  0.000000000  0.000000000  0.000000000
  0.000000000  0.000000000  0.000000000
  0.000000000  0.000000000  0.000000000
  0.000000000  0.000000000  0.000000000
  0.000000000  0.000000000  0.000000000
  0.000000000  0.000000000  0.000000000
  0.000000000  0.000000000  0.000000000
  0.000000000  0.000000000  0.000000000
  0.000000000  0.000000000  0.000000000
  0.000000000  0.000000000  0.000000000
  0.000000000  0.000000000  0.000000000
  0.000000000  0.000000000  0.000000000
  0.000000000  0.000000000  0.000000000
  0.000000000  0.000000000  0.000000000
  0.000000000  0.000000000  0.000000000
  0.000000000  0.000000000  0.000000000
  0.000000000  0.000000000  0.000000000
  0.000000000  0.000000000  0.000000000
  0.000000000  0.000000000  0.000000000
  0.000000000  0.000000000  0.000000000
  0.000000000  0.000000000  0.000000000
  0.000000000  0.000000000  0.000000000
  0.000000000  0.000000000  0.000000000
  0.000000000  0.000000000  0.000000000
  0.000000000  0.000000000  0.000000000
  0.000000000  0.000000000  0.000000000
  0.000000000  0.000000000  0.000000000
  0.000000000  0.000000000  0.000000000
  0.000000000  0.000000000  0.000000000
  0.000000000  0.000000000  0.000000000
  0.000000000  0.000000000  0.000000000
  0.000000000  0.000000000  0.000000000
  0.000000000  0.000000000  0.000000000
  0.000000000  0.000000000  0.000000000
  0.000000000  0.000000000  0.000000000
  0.000000000  0.000000000  0.000000000
  0.000000000  0.000000000  0.000000000
  0.000000000  0.000000000  0.000000000
  0.000000000  0.000000000  0.000000000
  0.000000000  0.000000000  0.000000000
  0.000000000  0.000000000  0.000000000
  0.000000000  0.000000000  0.000000000
  0.000000000  0.000000000  0.000000000
  0.000000000  0.000000000  0.000000000
  0.000000000  0.000000000  0.000000000
  0.000000000  0.000000000  0.000000000
  0.000000000  0.000000000  0.000000000
  0.000000000  0.000000000  0.000000000
  0.000000000  0.000000000  0.000000000
  0.000000000  0.000000000  0.000000000
  0.000000000  0.000000000  0.000000000
  0.000000000  0.000000000  0.000000000
  0.000000000  0.000000000  0.000000000
  0.000000000  0.000000000  0.000000000
  0.000000000  0.000000000  0.000000000
  0.000000000  0.000000000  0.000000000
  0.000000000  0.000000000  0.000000000
  0.000000000  0.000000000  0.000000000
  0.000000000  0.000000000  0.000000000
  0.000000000  0.000000000  0.000000000
  0.000000000  0.000000000  0.000000000
  0.000000000  0.000000000  0.000000000
  0.000000000  0.000000000  0.000000000
  0.000000000  0.000000000  0.000000000
  0.000000000  0.000000000  0.000000000
  0.000000000  0.000000000  0.000000000
  0.000000000  0.000000000  0.000000000
  0.000000000  0.000000000  0.000000000
  0.000000000  0.000000000  0.000000000
  0.000000000  0.000000000  0.000000000
  0.000000000  0.000000000  0.000000000
  0.000000000  0.000000000  0.000000000
  0.000000000  0.000000000  0.000000000
  0.000000000  0.000000000  0.000000000
  0.000000000  0.000000000  0.000000000
  0.000000000  0.000000000  0.000000000
  0.000000000  0.000000000  0.000000000
  0.000000000  0.000000000  0.000000000
  0.000000000  0.000000000  0.000000000
  0.000000000  0.000000000  0.000000000
  0.000000000  0.000000000  0.000000000
  0.000000000  0.000000000  0.000000000
  0.000000000  0.000000000  0.000000000
  0.000000000  0.000000000  0.000000000
  0.000000000  0.000000000  0.000000000
  0.000000000  0.000000000  0.000000000
  0.000000000  0.000000000  0.000000000
  0.000000000  0.000000000  0.000000000
  0.000000000  0.000000000  0.000000000
  0.000000000  0.000000000  0.000000000
  0.000000000  0.000000000  0.000000000
  0.000000000  0.000000000  0.000000000
  0.000000000  0.000000000  0.000000000
  0.000000000  0.000000000  0.000000000
  0.000000000  0.000000000  0.000000000
  0.000000000  0.000000000  0.000000000
  0.000000000  0.000000000  0.000000000
  0.000000000  0.000000000  0.000000000
  0.000000000  0.000000000  0.000000000
  0.000000000  0.000000000  0.000000000
  0.000000000  0.000000000  0.000000000
  0.000000000  0.000000000  0.000000000
  0.000000000  0.000000000  0.000000000
   1.06000000000000     
   1.06000000000000     
   1.06000000000000     
   1.06000000000000     
   1.06000000000000     
   1.06000000000000     
   1.06000000000000     
   1.06000000000000     
   1.06000000000000     
   1.06000000000000     
   1.06000000000000     
   1.06000000000000     
   1.06000000000000     
   1.06000000000000     
   1.06000000000000     
   1.06000000000000     
   1.06000000000000     
   1.06000000000000     
   1.06000000000000     
   1.06000000000000     
   1.06000000000000     
   1.06000000000000     
   1.06000000000000     
   1.06000000000000     
   1.06000000000000     
   1.06000000000000     
   1.06000000000000     
   1.06000000000000     
   1.06000000000000     
   1.06000000000000     
   1.06000000000000     
   1.06000000000000     
   1.06000000000000     
   1.06000000000000     
   1.06000000000000     
   1.06000000000000     
   1.06000000000000     
   1.06000000000000     
   1.06000000000000     
   1.06000000000000     
   1.06000000000000     
   1.06000000000000     
   1.06000000000000     
   1.06000000000000     
   1.06000000000000     
   1.06000000000000     
   1.06000000000000     
   1.06000000000000     
   1.06000000000000     
   1.06000000000000     
   1.06000000000000     
   1.06000000000000     
   1.06000000000000     
   1.06000000000000     
   1.06000000000000     
   1.06000000000000     
   1.06000000000000     
   1.06000000000000     
   1.06000000000000     
   1.06000000000000     
   1.06000000000000     
   1.06000000000000     
   1.06000000000000     
   1.06000000000000     
   1.06000000000000     
   1.06000000000000     
   1.06000000000000     
   1.06000000000000     
   1.06000000000000     
   1.06000000000000     
   1.06000000000000     
   1.06000000000000     
   1.06000000000000     
   1.06000000000000     
   1.06000000000000     
   1.06000000000000     
   1.06000000000000     
   1.06000000000000     
   1.06000000000000     
   1.06000000000000     
   1.06000000000000     
   1.06000000000000     
   1.06000000000000     
   1.06000000000000     
   1.06000000000000     
   1.06000000000000     
   1.06000000000000     
   1.06000000000000     
   1.06000000000000     
   1.06000000000000     
   1.06000000000000     
   1.06000000000000     
   1.06000000000000     
   1.06000000000000     
   1.06000000000000     
   1.06000000000000     
   1.06000000000000     
   1.06000000000000     
   1.06000000000000     
   1.06000000000000     
   1.06000000000000     
   1.06000000000000     
   1.06000000000000     
   1.06000000000000     
   1.06000000000000     
   1.06000000000000     
   1.06000000000000     
   1.06000000000000     
   1.06000000000000     
   1.06000000000000     
   1.06000000000000     
   1.06000000000000     
  3.000000000000000E-002
  3.000000000000000E-002
  3.000000000000000E-002
  3.000000000000000E-002
  3.000000000000000E-002
  3.000000000000000E-002
  3.000000000000000E-002
  3.000000000000000E-002
  3.000000000000000E-002
  3.000000000000000E-002
  3.000000000000000E-002
  3.000000000000000E-002
  3.000000000000000E-002
  3.000000000000000E-002
  3.000000000000000E-002
  3.000000000000000E-002
  3.000000000000000E-002
  3.000000000000000E-002
  3.000000000000000E-002
  3.000000000000000E-002
  3.000000000000000E-002
  3.000000000000000E-002
  3.000000000000000E-002
  3.000000000000000E-002
  3.000000000000000E-002
  3.000000000000000E-002
  3.000000000000000E-002
  3.000000000000000E-002
  3.000000000000000E-002
  3.000000000000000E-002
  3.000000000000000E-002
  3.000000000000000E-002
  3.000000000000000E-002
  3.000000000000000E-002
  3.000000000000000E-002
  3.000000000000000E-002
  3.000000000000000E-002
  3.000000000000000E-002
  3.000000000000000E-002
  3.000000000000000E-002
  3.000000000000000E-002
  3.000000000000000E-002
  3.000000000000000E-002
  3.000000000000000E-002
  3.000000000000000E-002
  3.000000000000000E-002
  3.000000000000000E-002
  3.000000000000000E-002
  3.000000000000000E-002
  3.000000000000000E-002
  3.000000000000000E-002
  3.000000000000000E-002
  3.000000000000000E-002
  3.000000000000000E-002
  3.000000000000000E-002
  3.000000000000000E-002
  3.000000000000000E-002
  3.000000000000000E-002
  3.000000000000000E-002
  3.000000000000000E-002
  3.000000000000000E-002
  3.000000000000000E-002
  3.000000000000000E-002
  3.000000000000000E-002
  3.000000000000000E-002
  3.000000000000000E-002
  3.000000000000000E-002
  3.000000000000000E-002
  3.000000000000000E-002
  3.000000000000000E-002
  3.000000000000000E-002
  3.000000000000000E-002
  3.000000000000000E-002
  3.000000000000000E-002
  3.000000000000000E-002
  3.000000000000000E-002
  3.000000000000000E-002
  3.000000000000000E-002
  3.000000000000000E-002
  3.000000000000000E-002
  3.000000000000000E-002
  3.000000000000000E-002
  3.000000000000000E-002
  3.000000000000000E-002
  3.000000000000000E-002
  3.000000000000000E-002
  3.000000000000000E-002
  3.000000000000000E-002
  3.000000000000000E-002
  3.000000000000000E-002
  3.000000000000000E-002
  3.000000000000000E-002
  3.000000000000000E-002
  3.000000000000000E-002
  3.000000000000000E-002
  3.000000000000000E-002
  3.000000000000000E-002
  3.000000000000000E-002
  3.000000000000000E-002
  3.000000000000000E-002
  3.000000000000000E-002
  3.000000000000000E-002
  3.000000000000000E-002
  3.000000000000000E-002
  3.000000000000000E-002
  3.000000000000000E-002
  3.000000000000000E-002
  3.000000000000000E-002
  3.000000000000000E-002
  3.000000000000000E-002
  3.000000000000000E-002
  3.000000000000000E-002
