           3
 2 1 2
   9   2  19
  0.000000000  0.000000000  0.000000000  0.250000000  0.250000000  0.500000000  0.500000000  0.750000000  0.750000000  1.000000000  1.000000000  1.000000000
  0.000000000  0.000000000  1.000000000  1.000000000
  0.824101480  0.824101480  0.824101480  0.824574058  0.825046636  0.825519214  0.825991792  0.826464370  0.826936948  0.827409526  0.827882104  0.828354682  0.828827260  0.829299838  0.829772416  0.830244994  0.830717572  0.831190150  0.831662728  0.832135307  0.832135307  0.832135307
 -0.117100275950E+02 -0.101854635660E+02  0.113751679020E+02  0.100000000000E+01
 -0.117100275950E+02 -0.101854635660E+02  0.113751679020E+02  0.707106691541E+00
 -0.117100275950E+02 -0.101854635660E+02  0.113751679020E+02  0.100000000000E+01
 -0.117100275950E+02 -0.101854635660E+02  0.113751679020E+02  0.707107228152E+00
 -0.117100275950E+02 -0.101854635660E+02  0.113751679020E+02  0.100000000000E+01
 -0.117100275950E+02 -0.101854635660E+02  0.113751679020E+02  0.707106780750E+00
 -0.117100275950E+02 -0.101854635660E+02  0.113751679020E+02  0.100000000000E+01
 -0.117100275950E+02 -0.101854635660E+02  0.113751679020E+02  0.707106424303E+00
 -0.117100275950E+02 -0.101854635660E+02  0.113751679020E+02  0.100000000000E+01
 -0.117798545120E+02 -0.981752734500E+01  0.116421770330E+02  0.100000000000E+01
 -0.121316715470E+02 -0.100157407840E+02  0.116936316690E+02  0.707106691541E+00
 -0.121028303710E+02 -0.103346836510E+02  0.114780678170E+02  0.100000000000E+01
 -0.119443920130E+02 -0.105154291380E+02  0.112846489410E+02  0.707107228152E+00
 -0.116593934600E+02 -0.104522695020E+02  0.111815487600E+02  0.100000000000E+01
 -0.113604957350E+02 -0.103335165760E+02  0.111065310650E+02  0.707106780750E+00
 -0.112989307330E+02 -0.100292944180E+02  0.112674754430E+02  0.100000000000E+01
 -0.112669923390E+02 -0.953941571600E+01  0.115603374950E+02  0.707106424303E+00
 -0.117798545120E+02 -0.981752734500E+01  0.116421770330E+02  0.100000000000E+01
 -0.118354865660E+02 -0.100094221670E+02  0.111614772860E+02  0.100000000000E+01
 -0.118354865660E+02 -0.100094221670E+02  0.111614772860E+02  0.707106471034E+00
 -0.118354865660E+02 -0.100094221670E+02  0.111614772860E+02  0.100000000000E+01
 -0.118354865660E+02 -0.100094221670E+02  0.111614772860E+02  0.707106816264E+00
 -0.118354865660E+02 -0.100094221670E+02  0.111614772860E+02  0.100000000000E+01
 -0.118354865660E+02 -0.100094221670E+02  0.111614772860E+02  0.707107155262E+00
 -0.118354865660E+02 -0.100094221670E+02  0.111614772860E+02  0.100000000000E+01
 -0.118354865660E+02 -0.100094221670E+02  0.111614772860E+02  0.707106682186E+00
 -0.118354865660E+02 -0.100094221670E+02  0.111614772860E+02  0.100000000000E+01
 -0.118591987930E+02 -0.972900838900E+01  0.114744928630E+02  0.100000000000E+01
 -0.122585004300E+02 -0.989245213100E+01  0.115827324730E+02  0.707106471034E+00
 -0.122375412970E+02 -0.101699028330E+02  0.112747854220E+02  0.100000000000E+01
 -0.121160666310E+02 -0.103431860850E+02  0.110061928210E+02  0.707106816264E+00
 -0.118166972820E+02 -0.102316156350E+02  0.109134507860E+02  0.100000000000E+01
 -0.115425486110E+02 -0.101043729910E+02  0.108550166780E+02  0.707107155262E+00
 -0.115135019430E+02 -0.988090192800E+01  0.110707344680E+02  0.100000000000E+01
 -0.115104040020E+02 -0.960486563500E+01  0.113602595680E+02  0.707106682186E+00
 -0.118591987930E+02 -0.972900838900E+01  0.114744928630E+02  0.100000000000E+01
 -0.119770420140E+02 -0.979315545600E+01  0.110014624140E+02  0.100000000000E+01
 -0.119770420140E+02 -0.979315545600E+01  0.110014624140E+02  0.707106475215E+00
 -0.119770420140E+02 -0.979315545600E+01  0.110014624140E+02  0.100000000000E+01
 -0.119770420140E+02 -0.979315545600E+01  0.110014624140E+02  0.707107352962E+00
 -0.119770420140E+02 -0.979315545600E+01  0.110014624140E+02  0.100000000000E+01
 -0.119770420140E+02 -0.979315545600E+01  0.110014624140E+02  0.707107230735E+00
 -0.119770420140E+02 -0.979315545600E+01  0.110014624140E+02  0.100000000000E+01
 -0.119770420140E+02 -0.979315545600E+01  0.110014624140E+02  0.707106065834E+00
 -0.119770420140E+02 -0.979315545600E+01  0.110014624140E+02  0.100000000000E+01
 -0.119624761290E+02 -0.962586629300E+01  0.112817314030E+02  0.100000000000E+01
 -0.122613429750E+02 -0.975623525100E+01  0.113992630510E+02  0.707106475215E+00
 -0.123036336610E+02 -0.994675023500E+01  0.111101142200E+02  0.100000000000E+01
 -0.122827042850E+02 -0.101005769050E+02  0.108122948640E+02  0.707107352962E+00
 -0.119924875400E+02 -0.997054331000E+01  0.107042743780E+02  0.100000000000E+01
 -0.117360848090E+02 -0.982594201700E+01  0.106616519780E+02  0.707107230735E+00
 -0.117220600360E+02 -0.967323865300E+01  0.109166331420E+02  0.100000000000E+01
 -0.117310086310E+02 -0.954122806800E+01  0.111616844040E+02  0.707106065834E+00
 -0.119624761290E+02 -0.962586629300E+01  0.112817314030E+02  0.100000000000E+01
 -0.121404229350E+02 -0.955510951500E+01  0.109068609950E+02  0.100000000000E+01
 -0.121404229350E+02 -0.955510951500E+01  0.109068609950E+02  0.707107309322E+00
 -0.121404229350E+02 -0.955510951500E+01  0.109068609950E+02  0.100000000000E+01
 -0.121404229350E+02 -0.955510951500E+01  0.109068609950E+02  0.707106842093E+00
 -0.121404229350E+02 -0.955510951500E+01  0.109068609950E+02  0.100000000000E+01
 -0.121404229350E+02 -0.955510951500E+01  0.109068609950E+02  0.707106365238E+00
 -0.121404229350E+02 -0.955510951500E+01  0.109068609950E+02  0.100000000000E+01
 -0.121404229350E+02 -0.955510951500E+01  0.109068609950E+02  0.707106608096E+00
 -0.121404229350E+02 -0.955510951500E+01  0.109068609950E+02  0.100000000000E+01
 -0.120993976000E+02 -0.947097468200E+01  0.111379997990E+02  0.100000000000E+01
 -0.122949884750E+02 -0.959752327600E+01  0.112054498840E+02  0.707107309322E+00
 -0.123735074450E+02 -0.970248115700E+01  0.110018756220E+02  0.100000000000E+01
 -0.124098619160E+02 -0.979116617400E+01  0.107368780700E+02  0.707106842093E+00
 -0.121956109720E+02 -0.966829084900E+01  0.105959280400E+02  0.100000000000E+01
 -0.119559931120E+02 -0.950648495400E+01  0.105421356710E+02  0.707106365238E+00
 -0.119096689950E+02 -0.940921244300E+01  0.108127970890E+02  0.100000000000E+01
 -0.119127845190E+02 -0.935605521600E+01  0.110488563470E+02  0.707106608096E+00
 -0.120993976000E+02 -0.947097468200E+01  0.111379997990E+02  0.100000000000E+01
 -0.123297126910E+02 -0.931828187900E+01  0.108929416450E+02  0.100000000000E+01
 -0.123297126910E+02 -0.931828187900E+01  0.108929416450E+02  0.707106743397E+00
 -0.123297126910E+02 -0.931828187900E+01  0.108929416450E+02  0.100000000000E+01
 -0.123297126910E+02 -0.931828187900E+01  0.108929416450E+02  0.707107383249E+00
 -0.123297126910E+02 -0.931828187900E+01  0.108929416450E+02  0.100000000000E+01
 -0.123297126910E+02 -0.931828187900E+01  0.108929416450E+02  0.707106783187E+00
 -0.123297126910E+02 -0.931828187900E+01  0.108929416450E+02  0.100000000000E+01
 -0.123297126910E+02 -0.931828187900E+01  0.108929416450E+02  0.707106214912E+00
 -0.123297126910E+02 -0.931828187900E+01  0.108929416450E+02  0.100000000000E+01
 -0.122542609930E+02 -0.928048424000E+01  0.111213189860E+02  0.100000000000E+01
 -0.124067457990E+02 -0.941783812700E+01  0.111436772170E+02  0.707106743397E+00
 -0.125030747840E+02 -0.948186615200E+01  0.109772913310E+02  0.100000000000E+01
 -0.125628165040E+02 -0.950546972400E+01  0.107462688650E+02  0.707107383249E+00
 -0.124247832210E+02 -0.936590793700E+01  0.106051828020E+02  0.100000000000E+01
 -0.122193642500E+02 -0.917330771500E+01  0.105150200730E+02  0.707106783187E+00
 -0.120956698370E+02 -0.909743951400E+01  0.107790670210E+02  0.100000000000E+01
 -0.120507523300E+02 -0.909282281700E+01  0.110569786450E+02  0.707106214912E+00
 -0.122542609930E+02 -0.928048424000E+01  0.111213189860E+02  0.100000000000E+01
 -0.125358947370E+02 -0.910374077400E+01  0.109552974870E+02  0.100000000000E+01
 -0.125358947370E+02 -0.910374077400E+01  0.109552974870E+02  0.707106563970E+00
 -0.125358947370E+02 -0.910374077400E+01  0.109552974870E+02  0.100000000000E+01
 -0.125358947370E+02 -0.910374077400E+01  0.109552974870E+02  0.707106343858E+00
 -0.125358947370E+02 -0.910374077400E+01  0.109552974870E+02  0.100000000000E+01
 -0.125358947370E+02 -0.910374077400E+01  0.109552974870E+02  0.707106950429E+00
 -0.125358947370E+02 -0.910374077400E+01  0.109552974870E+02  0.100000000000E+01
 -0.125358947370E+02 -0.910374077400E+01  0.109552974870E+02  0.707107266489E+00
 -0.125358947370E+02 -0.910374077400E+01  0.109552974870E+02  0.100000000000E+01
 -0.124274590390E+02 -0.909496458100E+01  0.111858926530E+02  0.100000000000E+01
 -0.125845334710E+02 -0.927194225800E+01  0.112162754700E+02  0.707106563970E+00
 -0.127262577590E+02 -0.934613698900E+01  0.110540394200E+02  0.100000000000E+01
 -0.128731769960E+02 -0.936542087200E+01  0.107580068890E+02  0.707106343858E+00
 -0.126831300250E+02 -0.911565706600E+01  0.106421908250E+02  0.100000000000E+01
 -0.124790205010E+02 -0.886694054100E+01  0.105611281040E+02  0.707106950429E+00
 -0.122939249570E+02 -0.879563260200E+01  0.108297873330E+02  0.100000000000E+01
 -0.121925809250E+02 -0.883654503900E+01  0.111542601960E+02  0.707107266489E+00
 -0.124274590390E+02 -0.909496458100E+01  0.111858926530E+02  0.100000000000E+01
 -0.127464423010E+02 -0.891366365100E+01  0.110657858790E+02  0.100000000000E+01
 -0.127464423010E+02 -0.891366365100E+01  0.110657858790E+02  0.707106324406E+00
 -0.127464423010E+02 -0.891366365100E+01  0.110657858790E+02  0.100000000000E+01
 -0.127464423010E+02 -0.891366365100E+01  0.110657858790E+02  0.707106800930E+00
 -0.127464423010E+02 -0.891366365100E+01  0.110657858790E+02  0.100000000000E+01
 -0.127464423010E+02 -0.891366365100E+01  0.110657858790E+02  0.707107109151E+00
 -0.127464423010E+02 -0.891366365100E+01  0.110657858790E+02  0.100000000000E+01
 -0.127464423010E+02 -0.891366365100E+01  0.110657858790E+02  0.707106890263E+00
 -0.127464423010E+02 -0.891366365100E+01  0.110657858790E+02  0.100000000000E+01
 -0.126307942900E+02 -0.892050639100E+01  0.112684114770E+02  0.100000000000E+01
 -0.127685047450E+02 -0.910538960300E+01  0.113012445820E+02  0.707106324406E+00
 -0.129282674780E+02 -0.919366623100E+01  0.111601058010E+02  0.100000000000E+01
 -0.131737059250E+02 -0.924115333600E+01  0.108181293950E+02  0.707106800930E+00
 -0.129393433410E+02 -0.890225045400E+01  0.107278028430E+02  0.100000000000E+01
 -0.127317079990E+02 -0.863242132400E+01  0.106909816870E+02  0.707107109151E+00
 -0.125698770460E+02 -0.864176283900E+01  0.109741940470E+02  0.100000000000E+01
 -0.124862582790E+02 -0.871075299500E+01  0.112116468110E+02  0.707106890263E+00
 -0.126307942900E+02 -0.892050639100E+01  0.112684114770E+02  0.100000000000E+01
 -0.129577333820E+02 -0.874211595200E+01  0.112025139150E+02  0.100000000000E+01
 -0.129577333820E+02 -0.874211595200E+01  0.112025139150E+02  0.707106460051E+00
 -0.129577333820E+02 -0.874211595200E+01  0.112025139150E+02  0.100000000000E+01
 -0.129577333820E+02 -0.874211595200E+01  0.112025139150E+02  0.707106741170E+00
 -0.129577333820E+02 -0.874211595200E+01  0.112025139150E+02  0.100000000000E+01
 -0.129577333820E+02 -0.874211595200E+01  0.112025139150E+02  0.707106945685E+00
 -0.129577333820E+02 -0.874211595200E+01  0.112025139150E+02  0.100000000000E+01
 -0.129577333820E+02 -0.874211595200E+01  0.112025139150E+02  0.707106977842E+00
 -0.129577333820E+02 -0.874211595200E+01  0.112025139150E+02  0.100000000000E+01
 -0.128515400910E+02 -0.875383830600E+01  0.113713965130E+02  0.100000000000E+01
 -0.129637233020E+02 -0.893206210000E+01  0.114100285870E+02  0.707106460051E+00
 -0.131191144290E+02 -0.902176473500E+01  0.112845791020E+02  0.100000000000E+01
 -0.134229889740E+02 -0.911216960900E+01  0.109424540860E+02  0.707106741170E+00
 -0.131823332380E+02 -0.871732305900E+01  0.108453238010E+02  0.100000000000E+01
 -0.129760126090E+02 -0.843484081500E+01  0.108258520420E+02  0.707106945685E+00
 -0.128055488630E+02 -0.847840414800E+01  0.111251251430E+02  0.100000000000E+01
 -0.127396022430E+02 -0.856318931900E+01  0.113182566880E+02  0.707106977842E+00
 -0.128515400910E+02 -0.875383830600E+01  0.113713965130E+02  0.100000000000E+01
 -0.131702324040E+02 -0.858273637200E+01  0.113516463830E+02  0.100000000000E+01
 -0.131702324040E+02 -0.858273637200E+01  0.113516463830E+02  0.707106344256E+00
 -0.131702324040E+02 -0.858273637200E+01  0.113516463830E+02  0.100000000000E+01
 -0.131702324040E+02 -0.858273637200E+01  0.113516463830E+02  0.707106885588E+00
 -0.131702324040E+02 -0.858273637200E+01  0.113516463830E+02  0.100000000000E+01
 -0.131702324040E+02 -0.858273637200E+01  0.113516463830E+02  0.707107087827E+00
 -0.131702324040E+02 -0.858273637200E+01  0.113516463830E+02  0.100000000000E+01
 -0.131702324040E+02 -0.858273637200E+01  0.113516463830E+02  0.707106807079E+00
 -0.131702324040E+02 -0.858273637200E+01  0.113516463830E+02  0.100000000000E+01
 -0.130657177730E+02 -0.859630726000E+01  0.115105836770E+02  0.100000000000E+01
 -0.131725053390E+02 -0.876237694000E+01  0.115293444270E+02  0.707106344256E+00
 -0.133161498150E+02 -0.885630082200E+01  0.114242405270E+02  0.100000000000E+01
 -0.136250150420E+02 -0.895526017200E+01  0.110945519800E+02  0.707106885588E+00
 -0.134205441040E+02 -0.855023317800E+01  0.109709948270E+02  0.100000000000E+01
 -0.131961171890E+02 -0.822746267100E+01  0.109579894320E+02  0.707107087827E+00
 -0.130223885210E+02 -0.830555815500E+01  0.112780935400E+02  0.100000000000E+01
 -0.129418326850E+02 -0.839712363900E+01  0.114822501190E+02  0.707106807079E+00
 -0.130657177730E+02 -0.859630726000E+01  0.115105836770E+02  0.100000000000E+01
 -0.133838408640E+02 -0.843283633500E+01  0.115088204790E+02  0.100000000000E+01
 -0.133838408640E+02 -0.843283633500E+01  0.115088204790E+02  0.707107119090E+00
 -0.133838408640E+02 -0.843283633500E+01  0.115088204790E+02  0.100000000000E+01
 -0.133838408640E+02 -0.843283633500E+01  0.115088204790E+02  0.707106562737E+00
 -0.133838408640E+02 -0.843283633500E+01  0.115088204790E+02  0.100000000000E+01
 -0.133838408640E+02 -0.843283633500E+01  0.115088204790E+02  0.707106573801E+00
 -0.133838408640E+02 -0.843283633500E+01  0.115088204790E+02  0.100000000000E+01
 -0.133838408640E+02 -0.843283633500E+01  0.115088204790E+02  0.707106869118E+00
 -0.133838408640E+02 -0.843283633500E+01  0.115088204790E+02  0.100000000000E+01
 -0.132446812780E+02 -0.845298064400E+01  0.117122658460E+02  0.100000000000E+01
 -0.133679976480E+02 -0.864801328700E+01  0.117249083980E+02  0.707107119090E+00
 -0.135277973100E+02 -0.872135908300E+01  0.115787208470E+02  0.100000000000E+01
 -0.138091241260E+02 -0.877526095000E+01  0.112531869690E+02  0.707106562737E+00
 -0.136542814110E+02 -0.839368864500E+01  0.111134468970E+02  0.100000000000E+01
 -0.134319638390E+02 -0.800505515500E+01  0.110571012110E+02  0.707106573801E+00
 -0.131820663650E+02 -0.802843447400E+01  0.114108461110E+02  0.100000000000E+01
 -0.130920295160E+02 -0.817858065300E+01  0.116667352240E+02  0.707106869118E+00
 -0.132446812780E+02 -0.845298064400E+01  0.117122658460E+02  0.100000000000E+01
 -0.135978196980E+02 -0.829074333500E+01  0.116726165790E+02  0.100000000000E+01
 -0.135978196980E+02 -0.829074333500E+01  0.116726165790E+02  0.707106707121E+00
 -0.135978196980E+02 -0.829074333500E+01  0.116726165790E+02  0.100000000000E+01
 -0.135978196980E+02 -0.829074333500E+01  0.116726165790E+02  0.707105967275E+00
 -0.135978196980E+02 -0.829074333500E+01  0.116726165790E+02  0.100000000000E+01
 -0.135978196980E+02 -0.829074333500E+01  0.116726165790E+02  0.707106826367E+00
 -0.135978196980E+02 -0.829074333500E+01  0.116726165790E+02  0.100000000000E+01
 -0.135978196980E+02 -0.829074333500E+01  0.116726165790E+02  0.707107623982E+00
 -0.135978196980E+02 -0.829074333500E+01  0.116726165790E+02  0.100000000000E+01
 -0.134264033980E+02 -0.831746464800E+01  0.119150456150E+02  0.100000000000E+01
 -0.135642784460E+02 -0.854190725600E+01  0.119250870380E+02  0.707106707121E+00
 -0.137443639450E+02 -0.859990940300E+01  0.117421574550E+02  0.100000000000E+01
 -0.139931232360E+02 -0.861159250000E+01  0.114324138280E+02  0.707105967275E+00
 -0.138784609000E+02 -0.824699412700E+01  0.112757136800E+02  0.100000000000E+01
 -0.136619955930E+02 -0.780524182000E+01  0.111854374640E+02  0.707106826367E+00
 -0.133534809580E+02 -0.777525996200E+01  0.115566699210E+02  0.100000000000E+01
 -0.132427778650E+02 -0.797235218500E+01  0.118631606950E+02  0.707107623982E+00
 -0.134264033980E+02 -0.831746464800E+01  0.119150456150E+02  0.100000000000E+01
 -0.138115584850E+02 -0.815429888500E+01  0.118414616440E+02  0.100000000000E+01
 -0.138115584850E+02 -0.815429888500E+01  0.118414616440E+02  0.707106229836E+00
 -0.138115584850E+02 -0.815429888500E+01  0.118414616440E+02  0.100000000000E+01
 -0.138115584850E+02 -0.815429888500E+01  0.118414616440E+02  0.707107168432E+00
 -0.138115584850E+02 -0.815429888500E+01  0.118414616440E+02  0.100000000000E+01
 -0.138115584850E+02 -0.815429888500E+01  0.118414616440E+02  0.707107173056E+00
 -0.138115584850E+02 -0.815429888500E+01  0.118414616440E+02  0.100000000000E+01
 -0.138115584850E+02 -0.815429888500E+01  0.118414616440E+02  0.707106553422E+00
 -0.138115584850E+02 -0.815429888500E+01  0.118414616440E+02  0.100000000000E+01
 -0.136233297720E+02 -0.818518159000E+01  0.121006341910E+02  0.100000000000E+01
 -0.137670602260E+02 -0.846844368200E+01  0.121436415530E+02  0.707106229836E+00
 -0.139779542230E+02 -0.851759668600E+01  0.119190185950E+02  0.100000000000E+01
 -0.142060429070E+02 -0.847342677500E+01  0.115996651110E+02  0.707107168432E+00
 -0.140875634300E+02 -0.810901455800E+01  0.114614294310E+02  0.100000000000E+01
 -0.138841298570E+02 -0.763920091000E+01  0.113464708620E+02  0.707107173056E+00
 -0.135948760110E+02 -0.768120680900E+01  0.117404647970E+02  0.100000000000E+01
 -0.134820862700E+02 -0.786260573300E+01  0.120236567150E+02  0.707106553422E+00
 -0.136233297720E+02 -0.818518159000E+01  0.121006341910E+02  0.100000000000E+01
 -0.140240581250E+02 -0.802363609400E+01  0.120163087850E+02  0.100000000000E+01
 -0.140240581250E+02 -0.802363609400E+01  0.120163087850E+02  0.707106524856E+00
 -0.140240581250E+02 -0.802363609400E+01  0.120163087850E+02  0.100000000000E+01
 -0.140240581250E+02 -0.802363609400E+01  0.120163087850E+02  0.707106812673E+00
 -0.140240581250E+02 -0.802363609400E+01  0.120163087850E+02  0.100000000000E+01
 -0.140240581250E+02 -0.802363609400E+01  0.120163087850E+02  0.707106999555E+00
 -0.140240581250E+02 -0.802363609400E+01  0.120163087850E+02  0.100000000000E+01
 -0.140240581250E+02 -0.802363609400E+01  0.120163087850E+02  0.707106787663E+00
 -0.140240581250E+02 -0.802363609400E+01  0.120163087850E+02  0.100000000000E+01
 -0.138270419090E+02 -0.805905639500E+01  0.122723725880E+02  0.100000000000E+01
 -0.139503114410E+02 -0.837289663700E+01  0.123474403430E+02  0.707106524856E+00
 -0.141977173150E+02 -0.842605759100E+01  0.120942568620E+02  0.100000000000E+01
 -0.144217497710E+02 -0.834380871900E+01  0.117736900760E+02  0.707106812673E+00
 -0.143079274750E+02 -0.797260056600E+01  0.116473617840E+02  0.100000000000E+01
 -0.141230621220E+02 -0.752906892000E+01  0.115537812440E+02  0.707106999555E+00
 -0.138550776970E+02 -0.763205530900E+01  0.119404606080E+02  0.100000000000E+01
 -0.137239637200E+02 -0.777091762300E+01  0.121916011950E+02  0.707106787663E+00
 -0.138270419090E+02 -0.805905639500E+01  0.122723725880E+02  0.100000000000E+01
 -0.142328261050E+02 -0.790474376600E+01  0.122035273120E+02  0.100000000000E+01
 -0.142328261050E+02 -0.790474376600E+01  0.122035273120E+02  0.707106742795E+00
 -0.142328261050E+02 -0.790474376600E+01  0.122035273120E+02  0.100000000000E+01
 -0.142328261050E+02 -0.790474376600E+01  0.122035273120E+02  0.707106742056E+00
 -0.142328261050E+02 -0.790474376600E+01  0.122035273120E+02  0.100000000000E+01
 -0.142328261050E+02 -0.790474376600E+01  0.122035273120E+02  0.707106785672E+00
 -0.142328261050E+02 -0.790474376600E+01  0.122035273120E+02  0.100000000000E+01
 -0.142328261050E+02 -0.790474376600E+01  0.122035273120E+02  0.707106788856E+00
 -0.142328261050E+02 -0.790474376600E+01  0.122035273120E+02  0.100000000000E+01
 -0.140165174330E+02 -0.794870445200E+01  0.124558541340E+02  0.100000000000E+01
 -0.140829559850E+02 -0.833526874000E+01  0.125337175330E+02  0.707106742795E+00
 -0.143627074240E+02 -0.835375304600E+01  0.122366418360E+02  0.100000000000E+01
 -0.146279080970E+02 -0.826365239600E+01  0.119132226390E+02  0.707106742056E+00
 -0.145320529740E+02 -0.784393135600E+01  0.118544760000E+02  0.100000000000E+01
 -0.143343144830E+02 -0.745639687000E+01  0.117969632600E+02  0.707106785672E+00
 -0.140773288440E+02 -0.755874272400E+01  0.121305070920E+02  0.100000000000E+01
 -0.139622347400E+02 -0.769907318100E+01  0.123435537690E+02  0.707106788856E+00
 -0.140165174330E+02 -0.794870445200E+01  0.124558541340E+02  0.100000000000E+01
 -0.144339100470E+02 -0.780532485000E+01  0.124094413670E+02  0.100000000000E+01
 -0.144339100470E+02 -0.780532485000E+01  0.124094413670E+02  0.707106743748E+00
 -0.144339100470E+02 -0.780532485000E+01  0.124094413670E+02  0.100000000000E+01
 -0.144339100470E+02 -0.780532485000E+01  0.124094413670E+02  0.707107265971E+00
 -0.144339100470E+02 -0.780532485000E+01  0.124094413670E+02  0.100000000000E+01
 -0.144339100470E+02 -0.780532485000E+01  0.124094413670E+02  0.707107036027E+00
 -0.144339100470E+02 -0.780532485000E+01  0.124094413670E+02  0.100000000000E+01
 -0.144339100470E+02 -0.780532485000E+01  0.124094413670E+02  0.707106135943E+00
 -0.144339100470E+02 -0.780532485000E+01  0.124094413670E+02  0.100000000000E+01
 -0.141829751910E+02 -0.786209880600E+01  0.126582408680E+02  0.100000000000E+01
 -0.142058940560E+02 -0.829938620200E+01  0.126734399160E+02  0.707106743748E+00
 -0.145122758140E+02 -0.829980888300E+01  0.123756425400E+02  0.100000000000E+01
 -0.147979517080E+02 -0.816380311100E+01  0.120862806480E+02  0.707107265971E+00
 -0.147497349530E+02 -0.773387010700E+01  0.120963039190E+02  0.100000000000E+01
 -0.145575614890E+02 -0.734626153100E+01  0.120307858660E+02  0.707107036027E+00
 -0.142878202340E+02 -0.747381312400E+01  0.123377449400E+02  0.100000000000E+01
 -0.141288636000E+02 -0.760001753200E+01  0.125489498170E+02  0.707106135943E+00
 -0.141829751910E+02 -0.786209880600E+01  0.126582408680E+02  0.100000000000E+01
 -0.146220002770E+02 -0.773307034300E+01  0.126376718230E+02  0.100000000000E+01
 -0.146220002770E+02 -0.773307034300E+01  0.126376718230E+02  0.707106539533E+00
 -0.146220002770E+02 -0.773307034300E+01  0.126376718230E+02  0.100000000000E+01
 -0.146220002770E+02 -0.773307034300E+01  0.126376718230E+02  0.707107241122E+00
 -0.146220002770E+02 -0.773307034300E+01  0.126376718230E+02  0.100000000000E+01
 -0.146220002770E+02 -0.773307034300E+01  0.126376718230E+02  0.707107182633E+00
 -0.146220002770E+02 -0.773307034300E+01  0.126376718230E+02  0.100000000000E+01
 -0.146220002770E+02 -0.773307034300E+01  0.126376718230E+02  0.707106193261E+00
 -0.146220002770E+02 -0.773307034300E+01  0.126376718230E+02  0.100000000000E+01
 -0.143435000940E+02 -0.779957724200E+01  0.128659961690E+02  0.100000000000E+01
 -0.143252963810E+02 -0.823048143200E+01  0.127977467240E+02  0.707106539533E+00
 -0.146456288690E+02 -0.824496201600E+01  0.125173872680E+02  0.100000000000E+01
 -0.149313491480E+02 -0.806208102100E+01  0.123054989560E+02  0.707107241122E+00
 -0.149512652080E+02 -0.765444089300E+01  0.123677286830E+02  0.100000000000E+01
 -0.147795401490E+02 -0.724622020800E+01  0.122800216070E+02  0.707107182633E+00
 -0.144818016390E+02 -0.739688544000E+01  0.125645873820E+02  0.100000000000E+01
 -0.142854934640E+02 -0.752080983600E+01  0.127647157040E+02  0.707106193261E+00
 -0.143435000940E+02 -0.779957724200E+01  0.128659961690E+02  0.100000000000E+01
 -0.147982326930E+02 -0.768355709300E+01  0.128811234940E+02  0.100000000000E+01
 -0.147982326930E+02 -0.768355709300E+01  0.128811234940E+02  0.707106520531E+00
 -0.147982326930E+02 -0.768355709300E+01  0.128811234940E+02  0.100000000000E+01
 -0.147982326930E+02 -0.768355709300E+01  0.128811234940E+02  0.707106887940E+00
 -0.147982326930E+02 -0.768355709300E+01  0.128811234940E+02  0.100000000000E+01
 -0.147982326930E+02 -0.768355709300E+01  0.128811234940E+02  0.707106949276E+00
 -0.147982326930E+02 -0.768355709300E+01  0.128811234940E+02  0.100000000000E+01
 -0.147982326930E+02 -0.768355709300E+01  0.128811234940E+02  0.707106472634E+00
 -0.147982326930E+02 -0.768355709300E+01  0.128811234940E+02  0.100000000000E+01
 -0.145272253130E+02 -0.774875404000E+01  0.130817768440E+02  0.100000000000E+01
 -0.144358502820E+02 -0.818918808800E+01  0.129725249220E+02  0.707106520531E+00
 -0.147755838120E+02 -0.819116257700E+01  0.126855998230E+02  0.100000000000E+01
 -0.150921267420E+02 -0.800347292100E+01  0.124983866160E+02  0.707106887940E+00
 -0.151445932940E+02 -0.760023226500E+01  0.126246793940E+02  0.100000000000E+01
 -0.149732012780E+02 -0.713775553900E+01  0.124957194000E+02  0.707106949276E+00
 -0.146466374400E+02 -0.732520038200E+01  0.127928130400E+02  0.100000000000E+01
 -0.145082568560E+02 -0.749961300800E+01  0.129669523420E+02  0.707106472634E+00
 -0.145272253130E+02 -0.774875404000E+01  0.130817768440E+02  0.100000000000E+01
 -0.149705771780E+02 -0.764362176900E+01  0.131291448650E+02  0.100000000000E+01
 -0.149705771780E+02 -0.764362176900E+01  0.131291448650E+02  0.707106911292E+00
 -0.149705771780E+02 -0.764362176900E+01  0.131291448650E+02  0.100000000000E+01
 -0.149705771780E+02 -0.764362176900E+01  0.131291448650E+02  0.707107019790E+00
 -0.149705771780E+02 -0.764362176900E+01  0.131291448650E+02  0.100000000000E+01
 -0.149705771780E+02 -0.764362176900E+01  0.131291448650E+02  0.707106834617E+00
 -0.149705771780E+02 -0.764362176900E+01  0.131291448650E+02  0.100000000000E+01
 -0.149705771780E+02 -0.764362176900E+01  0.131291448650E+02  0.707106565362E+00
 -0.149705771780E+02 -0.764362176900E+01  0.131291448650E+02  0.100000000000E+01
 -0.146978498980E+02 -0.770924549400E+01  0.133307271550E+02  0.100000000000E+01
 -0.145785205830E+02 -0.814534269600E+01  0.131650873530E+02  0.707106911292E+00
 -0.149019314490E+02 -0.816084751300E+01  0.128678929030E+02  0.100000000000E+01
 -0.152676687360E+02 -0.798376472600E+01  0.126530685830E+02  0.707107019790E+00
 -0.153543624510E+02 -0.755127560900E+01  0.128454753300E+02  0.100000000000E+01
 -0.151429185190E+02 -0.703472473200E+01  0.126704112060E+02  0.707106834617E+00
 -0.147914035900E+02 -0.725915716800E+01  0.130118943920E+02  0.100000000000E+01
 -0.146406696660E+02 -0.743776754000E+01  0.132064271250E+02  0.707106565362E+00
 -0.146978498980E+02 -0.770924549400E+01  0.133307271550E+02  0.100000000000E+01
 -0.151479467010E+02 -0.760026087200E+01  0.133729694320E+02  0.100000000000E+01
 -0.151479467010E+02 -0.760026087200E+01  0.133729694320E+02  0.707106832022E+00
 -0.151479467010E+02 -0.760026087200E+01  0.133729694320E+02  0.100000000000E+01
 -0.151479467010E+02 -0.760026087200E+01  0.133729694320E+02  0.707106522556E+00
 -0.151479467010E+02 -0.760026087200E+01  0.133729694320E+02  0.100000000000E+01
 -0.151479467010E+02 -0.760026087200E+01  0.133729694320E+02  0.707106673730E+00
 -0.151479467010E+02 -0.760026087200E+01  0.133729694320E+02  0.100000000000E+01
 -0.151479467010E+02 -0.760026087200E+01  0.133729694320E+02  0.707107197012E+00
 -0.151479467010E+02 -0.760026087200E+01  0.133729694320E+02  0.100000000000E+01
 -0.148547815340E+02 -0.767062030100E+01  0.136192280660E+02  0.100000000000E+01
 -0.146940694260E+02 -0.812708794100E+01  0.134143934700E+02  0.707106832022E+00
 -0.150089771230E+02 -0.818662226500E+01  0.130399981470E+02  0.100000000000E+01
 -0.154413064300E+02 -0.802644721900E+01  0.127227188360E+02  0.707106522556E+00
 -0.155493052620E+02 -0.750393462200E+01  0.130358281810E+02  0.100000000000E+01
 -0.152839621050E+02 -0.697834998000E+01  0.128092397590E+02  0.707106673730E+00
 -0.148989493160E+02 -0.716153342600E+01  0.132018952130E+02  0.100000000000E+01
 -0.147170951760E+02 -0.735476404000E+01  0.134687525170E+02  0.707107197012E+00
 -0.148547815340E+02 -0.767062030100E+01  0.136192280660E+02  0.100000000000E+01
           1
           2
           3
           4
           5
           6
           7
           8
           9
          10
          11
          12
          13
          14
          15
          16
          17
          18
          19
          20
          21
          22
          23
          24
          25
          26
          27
          28
          29
          30
          31
          32
          33
          34
          35
          36
          37
          38
          39
          40
          41
          42
          43
          44
          45
          46
          47
          48
          49
          50
          51
          52
          53
          54
          55
          56
          57
          58
          59
          60
          61
          62
          63
          64
          65
          66
          67
          68
          69
          70
          71
          72
          73
          74
          75
          76
          77
          78
          79
          80
          81
          82
          83
          84
          85
          86
          87
          88
          89
          90
          91
          92
          93
          94
          95
          96
          97
          98
          99
         100
         101
         102
         103
         104
         105
         106
         107
         108
         109
         110
         111
         112
         113
         114
         115
         116
         117
         118
         119
         120
         121
         122
         123
         124
         125
         126
         127
         128
         129
         130
         131
         132
         133
         134
         135
         136
         137
         138
         139
         140
         141
         142
         143
         144
         145
         146
         147
         148
         149
         150
         151
         152
         153
         154
         155
         156
         157
         158
         159
         160
         161
         162
         163
         164
         165
         166
         167
         168
         169
         170
         171
         172
         173
         174
         175
         176
         177
         178
         179
         180
         181
         182
         183
         184
         185
         186
         187
         188
         189
         190
         191
         192
         193
         194
         195
         196
         197
         198
         199
         200
         201
         202
         203
         204
         205
         206
         207
         208
         209
         210
         211
         212
         213
         214
         215
         216
         217
         218
         219
         220
         221
         222
         223
         224
         225
         226
         227
         228
         229
         230
         231
         232
         233
         234
         235
         236
         237
         238
         239
         240
         241
         242
         243
         244
         245
         246
         247
         248
         249
         250
         251
         252
         253
         254
         255
         256
         257
         258
         259
         260
         261
         262
         263
         264
         265
         266
         267
         268
         269
         270
         271
         272
         273
         274
         275
         276
         277
         278
         279
         280
         281
         282
         283
         284
         285
         286
         287
         288
         289
         290
         291
         292
         293
         294
         295
         296
         297
         298
         299
         300
         301
         302
         303
         304
         305
         306
         307
         308
         309
         310
         311
         312
         313
         314
         315
         316
         317
         318
         319
         320
         321
         322
         323
         324
         325
         326
         327
         328
         329
         330
         331
         332
         333
         334
         335
         336
         337
         338
         339
         340
         341
         342
 1 0 0
 0 0 0
 0 0 0
 0 0 0
 0 0 0
 0 0 0
 0 0 0
 0 0 0
 0 0 0
 0 0 0
 0 0 0
 0 0 0
 0 0 0
 0 0 0
 0 0 0
 0 0 0
 0 0 0
 0 0 0
 0 0 0
 0 0 0
 0 0 0
 0 0 0
 0 0 0
 0 0 0
 0 0 0
 0 0 0
 0 0 0
 0 0 0
 0 0 0
 0 0 0
 0 0 0
 0 0 0
 0 0 0
 0 0 0
 0 0 0
 0 0 0
 0 0 0
 0 0 0
 0 0 0
 0 0 0
 0 0 0
 0 0 0
 0 0 0
 0 0 0
 0 0 0
 0 0 0
 0 0 0
 0 0 0
 0 0 0
 0 0 0
 0 0 0
 0 0 0
 0 0 0
 0 0 0
 0 0 0
 0 0 0
 0 0 0
 0 0 0
 0 0 0
 0 0 0
 0 0 0
 0 0 0
 0 0 0
 0 0 0
 0 0 0
 0 0 0
 0 0 0
 0 0 0
 0 0 0
 0 0 0
 0 0 0
 0 0 0
 0 0 0
 0 0 0
 0 0 0
 0 0 0
 0 0 0
 0 0 0
 0 0 0
 0 0 0
 0 0 0
 0 0 0
 0 0 0
 0 0 0
 0 0 0
 0 0 0
 0 0 0
 0 0 0
 0 0 0
 0 0 0
 0 0 0
 0 0 0
 0 0 0
 0 0 0
 0 0 0
 0 0 0
 0 0 0
 0 0 0
 0 0 0
 0 0 0
 0 0 0
 0 0 0
 0 0 0
 0 0 0
 0 0 0
 0 0 0
 0 0 0
 0 0 0
 0 0 0
 0 0 0
 0 0 0
 0 0 0
 0 0 0
 0 0 0
 0 0 0
 0 0 0
 0 0 0
 0 0 0
 0 0 0
 0 0 0
 0 0 0
 0 0 0
 0 0 0
 0 0 0
 0 0 0
 0 0 0
 0 0 0
 0 0 0
 0 0 0
 0 0 0
 0 0 0
 0 0 0
 0 0 0
 0 0 0
 0 0 0
 0 0 0
 0 0 0
 0 0 0
 0 0 0
 0 0 0
 0 0 0
 0 0 0
 0 0 0
 0 0 0
 0 0 0
 0 0 0
 0 0 0
 0 0 0
 0 0 0
 0 0 0
 0 0 0
 0 0 0
 0 0 0
 0 0 0
 0 0 0
 0 0 0
 0 0 0
 0 0 0
 0 0 0
 0 0 0
 0 0 0
 0 0 0
 0 0 0
 0 0 0
 0 0 0
 0 0 0
 0 0 0
 0 0 0
 0 0 0
 0 0 0
 0 0 0
 0 0 0
 0 0 0
 0 0 0
 0 0 0
 0 0 0
 0 0 0
 0 0 0
 0 0 0
 0 0 0
 0 0 0
 0 0 0
 0 0 0
 0 0 0
 0 0 0
 0 0 0
 0 0 0
 0 0 0
 0 0 0
 0 0 0
 0 0 0
 0 0 0
 0 0 0
 0 0 0
 0 0 0
 0 0 0
 0 0 0
 0 0 0
 0 0 0
 0 0 0
 0 0 0
 0 0 0
 0 0 0
 0 0 0
 0 0 0
 0 0 0
 0 0 0
 0 0 0
 0 0 0
 0 0 0
 0 0 0
 0 0 0
 0 0 0
 0 0 0
 0 0 0
 0 0 0
 0 0 0
 0 0 0
 0 0 0
 0 0 0
 0 0 0
 0 0 0
 0 0 0
 0 0 0
 0 0 0
 0 0 0
 0 0 0
 0 0 0
 0 0 0
 0 0 0
 0 0 0
 0 0 0
 0 0 0
 0 0 0
 0 0 0
 0 0 0
 0 0 0
 0 0 0
 0 0 0
 0 0 0
 0 0 0
 0 0 0
 0 0 0
 0 0 0
 0 0 0
 0 0 0
 0 0 0
 0 0 0
 0 0 0
 0 0 0
 0 0 0
 0 0 0
 0 0 0
 0 0 0
 0 0 0
 0 0 0
 0 0 0
 0 0 0
 0 0 0
 0 0 0
 0 0 0
 0 0 0
 0 0 0
 0 0 0
 0 0 0
 0 0 0
 0 0 0
 0 0 0
 0 0 0
 0 0 0
 0 0 0
 0 0 0
 0 0 0
 0 0 0
 0 0 0
 0 0 0
 0 0 0
 0 0 0
 0 0 0
 0 0 0
 0 0 0
 0 0 0
 0 0 0
 0 0 0
 0 0 0
 0 0 0
 0 0 0
 0 0 0
 0 0 0
 0 0 0
 0 0 0
 0 0 0
 0 0 0
 0 0 0
 0 0 0
 0 0 0
 0 0 0
 0 0 0
 0 0 0
 0 0 0
 0 0 0
 0 0 0
 0 0 0
 0 0 0
 0 0 0
 0 0 0
 0 0 0
 0 0 0
 0 0 0
 0 0 0
 0 0 0
 0 0 0
 0 0 0
 0 0 0
 0 0 0
 0 0 0
 0 0 0
 0 0 0
 0 0 0
 0 0 0
 0 0 0
 0 0 0
 0 0 0
 0 0 0
 0 0 0
 0 0 0
 0 0 0
 0 0 0
 0 0 0
 0 0 0
 0 0 0
 0 0 0
 0 0 0
 0 0 0
 0 0 0
 0 0 0
 0 0 0
 0 0 0
 0 0 0
 0 0 0
 0 0 0
 0 0 0
 0 0 0
  0.000000000  0.000000000  0.000000000
  0.000000000  0.000000000  0.000000000
  0.000000000  0.000000000  0.000000000
  0.000000000  0.000000000  0.000000000
  0.000000000  0.000000000  0.000000000
  0.000000000  0.000000000  0.000000000
  0.000000000  0.000000000  0.000000000
  0.000000000  0.000000000  0.000000000
  0.000000000  0.000000000  0.000000000
  0.000000000  0.000000000  0.000000000
  0.000000000  0.000000000  0.000000000
  0.000000000  0.000000000  0.000000000
  0.000000000  0.000000000  0.000000000
  0.000000000  0.000000000  0.000000000
  0.000000000  0.000000000  0.000000000
  0.000000000  0.000000000  0.000000000
  0.000000000  0.000000000  0.000000000
  0.000000000  0.000000000  0.000000000
  0.000000000  0.000000000  0.000000000
  0.000000000  0.000000000  0.000000000
  0.000000000  0.000000000  0.000000000
  0.000000000  0.000000000  0.000000000
  0.000000000  0.000000000  0.000000000
  0.000000000  0.000000000  0.000000000
  0.000000000  0.000000000  0.000000000
  0.000000000  0.000000000  0.000000000
  0.000000000  0.000000000  0.000000000
  0.000000000  0.000000000  0.000000000
  0.000000000  0.000000000  0.000000000
  0.000000000  0.000000000  0.000000000
  0.000000000  0.000000000  0.000000000
  0.000000000  0.000000000  0.000000000
  0.000000000  0.000000000  0.000000000
  0.000000000  0.000000000  0.000000000
  0.000000000  0.000000000  0.000000000
  0.000000000  0.000000000  0.000000000
  0.000000000  0.000000000  0.000000000
  0.000000000  0.000000000  0.000000000
  0.000000000  0.000000000  0.000000000
  0.000000000  0.000000000  0.000000000
  0.000000000  0.000000000  0.000000000
  0.000000000  0.000000000  0.000000000
  0.000000000  0.000000000  0.000000000
  0.000000000  0.000000000  0.000000000
  0.000000000  0.000000000  0.000000000
  0.000000000  0.000000000  0.000000000
  0.000000000  0.000000000  0.000000000
  0.000000000  0.000000000  0.000000000
  0.000000000  0.000000000  0.000000000
  0.000000000  0.000000000  0.000000000
  0.000000000  0.000000000  0.000000000
  0.000000000  0.000000000  0.000000000
  0.000000000  0.000000000  0.000000000
  0.000000000  0.000000000  0.000000000
  0.000000000  0.000000000  0.000000000
  0.000000000  0.000000000  0.000000000
  0.000000000  0.000000000  0.000000000
  0.000000000  0.000000000  0.000000000
  0.000000000  0.000000000  0.000000000
  0.000000000  0.000000000  0.000000000
  0.000000000  0.000000000  0.000000000
  0.000000000  0.000000000  0.000000000
  0.000000000  0.000000000  0.000000000
  0.000000000  0.000000000  0.000000000
  0.000000000  0.000000000  0.000000000
  0.000000000  0.000000000  0.000000000
  0.000000000  0.000000000  0.000000000
  0.000000000  0.000000000  0.000000000
  0.000000000  0.000000000  0.000000000
  0.000000000  0.000000000  0.000000000
  0.000000000  0.000000000  0.000000000
  0.000000000  0.000000000  0.000000000
  0.000000000  0.000000000  0.000000000
  0.000000000  0.000000000  0.000000000
  0.000000000  0.000000000  0.000000000
  0.000000000  0.000000000  0.000000000
  0.000000000  0.000000000  0.000000000
  0.000000000  0.000000000  0.000000000
  0.000000000  0.000000000  0.000000000
  0.000000000  0.000000000  0.000000000
  0.000000000  0.000000000  0.000000000
  0.000000000  0.000000000  0.000000000
  0.000000000  0.000000000  0.000000000
  0.000000000  0.000000000  0.000000000
  0.000000000  0.000000000  0.000000000
  0.000000000  0.000000000  0.000000000
  0.000000000  0.000000000  0.000000000
  0.000000000  0.000000000  0.000000000
  0.000000000  0.000000000  0.000000000
  0.000000000  0.000000000  0.000000000
  0.000000000  0.000000000  0.000000000
  0.000000000  0.000000000  0.000000000
  0.000000000  0.000000000  0.000000000
  0.000000000  0.000000000  0.000000000
  0.000000000  0.000000000  0.000000000
  0.000000000  0.000000000  0.000000000
  0.000000000  0.000000000  0.000000000
  0.000000000  0.000000000  0.000000000
  0.000000000  0.000000000  0.000000000
  0.000000000  0.000000000  0.000000000
  0.000000000  0.000000000  0.000000000
  0.000000000  0.000000000  0.000000000
  0.000000000  0.000000000  0.000000000
  0.000000000  0.000000000  0.000000000
  0.000000000  0.000000000  0.000000000
  0.000000000  0.000000000  0.000000000
  0.000000000  0.000000000  0.000000000
  0.000000000  0.000000000  0.000000000
  0.000000000  0.000000000  0.000000000
  0.000000000  0.000000000  0.000000000
  0.000000000  0.000000000  0.000000000
  0.000000000  0.000000000  0.000000000
  0.000000000  0.000000000  0.000000000
  0.000000000  0.000000000  0.000000000
  0.000000000  0.000000000  0.000000000
  0.000000000  0.000000000  0.000000000
  0.000000000  0.000000000  0.000000000
  0.000000000  0.000000000  0.000000000
  0.000000000  0.000000000  0.000000000
  0.000000000  0.000000000  0.000000000
  0.000000000  0.000000000  0.000000000
  0.000000000  0.000000000  0.000000000
  0.000000000  0.000000000  0.000000000
  0.000000000  0.000000000  0.000000000
  0.000000000  0.000000000  0.000000000
  0.000000000  0.000000000  0.000000000
  0.000000000  0.000000000  0.000000000
  0.000000000  0.000000000  0.000000000
  0.000000000  0.000000000  0.000000000
  0.000000000  0.000000000  0.000000000
  0.000000000  0.000000000  0.000000000
  0.000000000  0.000000000  0.000000000
  0.000000000  0.000000000  0.000000000
  0.000000000  0.000000000  0.000000000
  0.000000000  0.000000000  0.000000000
  0.000000000  0.000000000  0.000000000
  0.000000000  0.000000000  0.000000000
  0.000000000  0.000000000  0.000000000
  0.000000000  0.000000000  0.000000000
  0.000000000  0.000000000  0.000000000
  0.000000000  0.000000000  0.000000000
  0.000000000  0.000000000  0.000000000
  0.000000000  0.000000000  0.000000000
  0.000000000  0.000000000  0.000000000
  0.000000000  0.000000000  0.000000000
  0.000000000  0.000000000  0.000000000
  0.000000000  0.000000000  0.000000000
  0.000000000  0.000000000  0.000000000
  0.000000000  0.000000000  0.000000000
  0.000000000  0.000000000  0.000000000
  0.000000000  0.000000000  0.000000000
  0.000000000  0.000000000  0.000000000
  0.000000000  0.000000000  0.000000000
  0.000000000  0.000000000  0.000000000
  0.000000000  0.000000000  0.000000000
  0.000000000  0.000000000  0.000000000
  0.000000000  0.000000000  0.000000000
  0.000000000  0.000000000  0.000000000
  0.000000000  0.000000000  0.000000000
  0.000000000  0.000000000  0.000000000
  0.000000000  0.000000000  0.000000000
  0.000000000  0.000000000  0.000000000
  0.000000000  0.000000000  0.000000000
  0.000000000  0.000000000  0.000000000
  0.000000000  0.000000000  0.000000000
  0.000000000  0.000000000  0.000000000
  0.000000000  0.000000000  0.000000000
  0.000000000  0.000000000  0.000000000
  0.000000000  0.000000000  0.000000000
  0.000000000  0.000000000  0.000000000
  0.000000000  0.000000000  0.000000000
  0.000000000  0.000000000  0.000000000
  0.000000000  0.000000000  0.000000000
  0.000000000  0.000000000  0.000000000
  0.000000000  0.000000000  0.000000000
  0.000000000  0.000000000  0.000000000
  0.000000000  0.000000000  0.000000000
  0.000000000  0.000000000  0.000000000
  0.000000000  0.000000000  0.000000000
  0.000000000  0.000000000  0.000000000
  0.000000000  0.000000000  0.000000000
  0.000000000  0.000000000  0.000000000
  0.000000000  0.000000000  0.000000000
  0.000000000  0.000000000  0.000000000
  0.000000000  0.000000000  0.000000000
  0.000000000  0.000000000  0.000000000
  0.000000000  0.000000000  0.000000000
  0.000000000  0.000000000  0.000000000
  0.000000000  0.000000000  0.000000000
  0.000000000  0.000000000  0.000000000
  0.000000000  0.000000000  0.000000000
  0.000000000  0.000000000  0.000000000
  0.000000000  0.000000000  0.000000000
  0.000000000  0.000000000  0.000000000
  0.000000000  0.000000000  0.000000000
  0.000000000  0.000000000  0.000000000
  0.000000000  0.000000000  0.000000000
  0.000000000  0.000000000  0.000000000
  0.000000000  0.000000000  0.000000000
  0.000000000  0.000000000  0.000000000
  0.000000000  0.000000000  0.000000000
  0.000000000  0.000000000  0.000000000
  0.000000000  0.000000000  0.000000000
  0.000000000  0.000000000  0.000000000
  0.000000000  0.000000000  0.000000000
  0.000000000  0.000000000  0.000000000
  0.000000000  0.000000000  0.000000000
  0.000000000  0.000000000  0.000000000
  0.000000000  0.000000000  0.000000000
  0.000000000  0.000000000  0.000000000
  0.000000000  0.000000000  0.000000000
  0.000000000  0.000000000  0.000000000
  0.000000000  0.000000000  0.000000000
  0.000000000  0.000000000  0.000000000
  0.000000000  0.000000000  0.000000000
  0.000000000  0.000000000  0.000000000
  0.000000000  0.000000000  0.000000000
  0.000000000  0.000000000  0.000000000
  0.000000000  0.000000000  0.000000000
  0.000000000  0.000000000  0.000000000
  0.000000000  0.000000000  0.000000000
  0.000000000  0.000000000  0.000000000
  0.000000000  0.000000000  0.000000000
  0.000000000  0.000000000  0.000000000
  0.000000000  0.000000000  0.000000000
  0.000000000  0.000000000  0.000000000
  0.000000000  0.000000000  0.000000000
  0.000000000  0.000000000  0.000000000
  0.000000000  0.000000000  0.000000000
  0.000000000  0.000000000  0.000000000
  0.000000000  0.000000000  0.000000000
  0.000000000  0.000000000  0.000000000
  0.000000000  0.000000000  0.000000000
  0.000000000  0.000000000  0.000000000
  0.000000000  0.000000000  0.000000000
  0.000000000  0.000000000  0.000000000
  0.000000000  0.000000000  0.000000000
  0.000000000  0.000000000  0.000000000
  0.000000000  0.000000000  0.000000000
  0.000000000  0.000000000  0.000000000
  0.000000000  0.000000000  0.000000000
  0.000000000  0.000000000  0.000000000
  0.000000000  0.000000000  0.000000000
  0.000000000  0.000000000  0.000000000
  0.000000000  0.000000000  0.000000000
  0.000000000  0.000000000  0.000000000
  0.000000000  0.000000000  0.000000000
  0.000000000  0.000000000  0.000000000
  0.000000000  0.000000000  0.000000000
  0.000000000  0.000000000  0.000000000
  0.000000000  0.000000000  0.000000000
  0.000000000  0.000000000  0.000000000
  0.000000000  0.000000000  0.000000000
  0.000000000  0.000000000  0.000000000
  0.000000000  0.000000000  0.000000000
  0.000000000  0.000000000  0.000000000
  0.000000000  0.000000000  0.000000000
  0.000000000  0.000000000  0.000000000
  0.000000000  0.000000000  0.000000000
  0.000000000  0.000000000  0.000000000
  0.000000000  0.000000000  0.000000000
  0.000000000  0.000000000  0.000000000
  0.000000000  0.000000000  0.000000000
  0.000000000  0.000000000  0.000000000
  0.000000000  0.000000000  0.000000000
  0.000000000  0.000000000  0.000000000
  0.000000000  0.000000000  0.000000000
  0.000000000  0.000000000  0.000000000
  0.000000000  0.000000000  0.000000000
  0.000000000  0.000000000  0.000000000
  0.000000000  0.000000000  0.000000000
  0.000000000  0.000000000  0.000000000
  0.000000000  0.000000000  0.000000000
  0.000000000  0.000000000  0.000000000
  0.000000000  0.000000000  0.000000000
  0.000000000  0.000000000  0.000000000
  0.000000000  0.000000000  0.000000000
  0.000000000  0.000000000  0.000000000
  0.000000000  0.000000000  0.000000000
  0.000000000  0.000000000  0.000000000
  0.000000000  0.000000000  0.000000000
  0.000000000  0.000000000  0.000000000
  0.000000000  0.000000000  0.000000000
  0.000000000  0.000000000  0.000000000
  0.000000000  0.000000000  0.000000000
  0.000000000  0.000000000  0.000000000
  0.000000000  0.000000000  0.000000000
  0.000000000  0.000000000  0.000000000
  0.000000000  0.000000000  0.000000000
  0.000000000  0.000000000  0.000000000
  0.000000000  0.000000000  0.000000000
  0.000000000  0.000000000  0.000000000
  0.000000000  0.000000000  0.000000000
  0.000000000  0.000000000  0.000000000
  0.000000000  0.000000000  0.000000000
  0.000000000  0.000000000  0.000000000
  0.000000000  0.000000000  0.000000000
  0.000000000  0.000000000  0.000000000
  0.000000000  0.000000000  0.000000000
  0.000000000  0.000000000  0.000000000
  0.000000000  0.000000000  0.000000000
  0.000000000  0.000000000  0.000000000
  0.000000000  0.000000000  0.000000000
  0.000000000  0.000000000  0.000000000
  0.000000000  0.000000000  0.000000000
  0.000000000  0.000000000  0.000000000
  0.000000000  0.000000000  0.000000000
  0.000000000  0.000000000  0.000000000
  0.000000000  0.000000000  0.000000000
  0.000000000  0.000000000  0.000000000
  0.000000000  0.000000000  0.000000000
  0.000000000  0.000000000  0.000000000
  0.000000000  0.000000000  0.000000000
  0.000000000  0.000000000  0.000000000
  0.000000000  0.000000000  0.000000000
  0.000000000  0.000000000  0.000000000
  0.000000000  0.000000000  0.000000000
  0.000000000  0.000000000  0.000000000
  0.000000000  0.000000000  0.000000000
  0.000000000  0.000000000  0.000000000
  0.000000000  0.000000000  0.000000000
  0.000000000  0.000000000  0.000000000
  0.000000000  0.000000000  0.000000000
  0.000000000  0.000000000  0.000000000
  0.000000000  0.000000000  0.000000000
  0.000000000  0.000000000  0.000000000
  0.000000000  0.000000000  0.000000000
  0.000000000  0.000000000  0.000000000
  0.000000000  0.000000000  0.000000000
  0.000000000  0.000000000  0.000000000
  0.000000000  0.000000000  0.000000000
  0.000000000  0.000000000  0.000000000
  0.000000000  0.000000000  0.000000000
  0.000000000  0.000000000  0.000000000
  0.000000000  0.000000000  0.000000000
  0.000000000  0.000000000  0.000000000
  0.000000000  0.000000000  0.000000000
  0.000000000  0.000000000  0.000000000
  0.000000000  0.000000000  0.000000000
  0.000000000  0.000000000  0.000000000
  0.000000000  0.000000000  0.000000000
  0.000000000  0.000000000  0.000000000
 0 0 0
 0 0 0
 0 0 0
 0 0 0
 0 0 0
 0 0 0
 0 0 0
 0 0 0
 0 0 0
 0 0 0
 0 0 0
 0 0 0
 0 0 0
 0 0 0
 0 0 0
 0 0 0
 0 0 0
 0 0 0
 0 0 0
 0 0 0
 0 0 0
 0 0 0
 0 0 0
 0 0 0
 0 0 0
 0 0 0
 0 0 0
 0 0 0
 0 0 0
 0 0 0
 0 0 0
 0 0 0
 0 0 0
 0 0 0
 0 0 0
 0 0 0
 0 0 0
 0 0 0
 0 0 0
 0 0 0
 0 0 0
 0 0 0
 0 0 0
 0 0 0
 0 0 0
 0 0 0
 0 0 0
 0 0 0
 0 0 0
 0 0 0
 0 0 0
 0 0 0
 0 0 0
 0 0 0
 0 0 0
 0 0 0
 0 0 0
 0 0 0
 0 0 0
 0 0 0
 0 0 0
 0 0 0
 0 0 0
 0 0 0
 0 0 0
 0 0 0
 0 0 0
 0 0 0
 0 0 0
 0 0 0
 0 0 0
 0 0 0
 0 0 0
 0 0 0
 0 0 0
 0 0 0
 0 0 0
 0 0 0
 0 0 0
 0 0 0
 0 0 0
 0 0 0
 0 0 0
 0 0 0
 0 0 0
 0 0 0
 0 0 0
 0 0 0
 0 0 0
 0 0 0
 0 0 0
 0 0 0
 0 0 0
 0 0 0
 0 0 0
 0 0 0
 0 0 0
 0 0 0
 0 0 0
 0 0 0
 0 0 0
 0 0 0
 0 0 0
 0 0 0
 0 0 0
 0 0 0
 0 0 0
 0 0 0
 0 0 0
 0 0 0
 0 0 0
 0 0 0
 0 0 0
 0 0 0
 0 0 0
 0 0 0
 0 0 0
 0 0 0
 0 0 0
 0 0 0
 0 0 0
 0 0 0
 0 0 0
 0 0 0
 0 0 0
 0 0 0
 0 0 0
 0 0 0
 0 0 0
 0 0 0
 0 0 0
 0 0 0
 0 0 0
 0 0 0
 0 0 0
 0 0 0
 0 0 0
 0 0 0
 0 0 0
 0 0 0
 0 0 0
 0 0 0
 0 0 0
 0 0 0
 0 0 0
 0 0 0
 0 0 0
 0 0 0
 0 0 0
 0 0 0
 0 0 0
 0 0 0
 0 0 0
 0 0 0
 0 0 0
 0 0 0
 0 0 0
 0 0 0
 0 0 0
 0 0 0
 0 0 0
 0 0 0
 0 0 0
 0 0 0
 0 0 0
 0 0 0
 0 0 0
 0 0 0
 0 0 0
 0 0 0
 0 0 0
 0 0 0
 0 0 0
 0 0 0
 0 0 0
 0 0 0
 0 0 0
 0 0 0
 0 0 0
 0 0 0
 0 0 0
 0 0 0
 0 0 0
 0 0 0
 0 0 0
 0 0 0
 0 0 0
 0 0 0
 0 0 0
 0 0 0
 0 0 0
 0 0 0
 0 0 0
 0 0 0
 0 0 0
 0 0 0
 0 0 0
 0 0 0
 0 0 0
 0 0 0
 0 0 0
 0 0 0
 0 0 0
 0 0 0
 0 0 0
 0 0 0
 0 0 0
 0 0 0
 0 0 0
 0 0 0
 0 0 0
 0 0 0
 0 0 0
 0 0 0
 0 0 0
 0 0 0
 0 0 0
 0 0 0
 0 0 0
 0 0 0
 0 0 0
 0 0 0
 0 0 0
 0 0 0
 0 0 0
 0 0 0
 0 0 0
 0 0 0
 0 0 0
 0 0 0
 0 0 0
 0 0 0
 0 0 0
 0 0 0
 0 0 0
 0 0 0
 0 0 0
 0 0 0
 0 0 0
 0 0 0
 0 0 0
 0 0 0
 0 0 0
 0 0 0
 0 0 0
 0 0 0
 0 0 0
 0 0 0
 0 0 0
 0 0 0
 0 0 0
 0 0 0
  0.000000000  0.000000000  0.000000000
  0.000000000  0.000000000  0.000000000
  0.000000000  0.000000000  0.000000000
  0.000000000  0.000000000  0.000000000
  0.000000000  0.000000000  0.000000000
  0.000000000  0.000000000  0.000000000
  0.000000000  0.000000000  0.000000000
  0.000000000  0.000000000  0.000000000
  0.000000000  0.000000000  0.000000000
  0.000000000  0.000000000  0.000000000
  0.000000000  0.000000000  0.000000000
  0.000000000  0.000000000  0.000000000
  0.000000000  0.000000000  0.000000000
  0.000000000  0.000000000  0.000000000
  0.000000000  0.000000000  0.000000000
  0.000000000  0.000000000  0.000000000
  0.000000000  0.000000000  0.000000000
  0.000000000  0.000000000  0.000000000
  0.000000000  0.000000000  0.000000000
  0.000000000  0.000000000  0.000000000
  0.000000000  0.000000000  0.000000000
  0.000000000  0.000000000  0.000000000
  0.000000000  0.000000000  0.000000000
  0.000000000  0.000000000  0.000000000
  0.000000000  0.000000000  0.000000000
  0.000000000  0.000000000  0.000000000
  0.000000000  0.000000000  0.000000000
  0.000000000  0.000000000  0.000000000
  0.000000000  0.000000000  0.000000000
  0.000000000  0.000000000  0.000000000
  0.000000000  0.000000000  0.000000000
  0.000000000  0.000000000  0.000000000
  0.000000000  0.000000000  0.000000000
  0.000000000  0.000000000  0.000000000
  0.000000000  0.000000000  0.000000000
  0.000000000  0.000000000  0.000000000
  0.000000000  0.000000000  0.000000000
  0.000000000  0.000000000  0.000000000
  0.000000000  0.000000000  0.000000000
  0.000000000  0.000000000  0.000000000
  0.000000000  0.000000000  0.000000000
  0.000000000  0.000000000  0.000000000
  0.000000000  0.000000000  0.000000000
  0.000000000  0.000000000  0.000000000
  0.000000000  0.000000000  0.000000000
  0.000000000  0.000000000  0.000000000
  0.000000000  0.000000000  0.000000000
  0.000000000  0.000000000  0.000000000
  0.000000000  0.000000000  0.000000000
  0.000000000  0.000000000  0.000000000
  0.000000000  0.000000000  0.000000000
  0.000000000  0.000000000  0.000000000
  0.000000000  0.000000000  0.000000000
  0.000000000  0.000000000  0.000000000
  0.000000000  0.000000000  0.000000000
  0.000000000  0.000000000  0.000000000
  0.000000000  0.000000000  0.000000000
  0.000000000  0.000000000  0.000000000
  0.000000000  0.000000000  0.000000000
  0.000000000  0.000000000  0.000000000
  0.000000000  0.000000000  0.000000000
  0.000000000  0.000000000  0.000000000
  0.000000000  0.000000000  0.000000000
  0.000000000  0.000000000  0.000000000
  0.000000000  0.000000000  0.000000000
  0.000000000  0.000000000  0.000000000
  0.000000000  0.000000000  0.000000000
  0.000000000  0.000000000  0.000000000
  0.000000000  0.000000000  0.000000000
  0.000000000  0.000000000  0.000000000
  0.000000000  0.000000000  0.000000000
  0.000000000  0.000000000  0.000000000
  0.000000000  0.000000000  0.000000000
  0.000000000  0.000000000  0.000000000
  0.000000000  0.000000000  0.000000000
  0.000000000  0.000000000  0.000000000
  0.000000000  0.000000000  0.000000000
  0.000000000  0.000000000  0.000000000
  0.000000000  0.000000000  0.000000000
  0.000000000  0.000000000  0.000000000
  0.000000000  0.000000000  0.000000000
  0.000000000  0.000000000  0.000000000
  0.000000000  0.000000000  0.000000000
  0.000000000  0.000000000  0.000000000
  0.000000000  0.000000000  0.000000000
  0.000000000  0.000000000  0.000000000
  0.000000000  0.000000000  0.000000000
  0.000000000  0.000000000  0.000000000
  0.000000000  0.000000000  0.000000000
  0.000000000  0.000000000  0.000000000
  0.000000000  0.000000000  0.000000000
  0.000000000  0.000000000  0.000000000
  0.000000000  0.000000000  0.000000000
  0.000000000  0.000000000  0.000000000
  0.000000000  0.000000000  0.000000000
  0.000000000  0.000000000  0.000000000
  0.000000000  0.000000000  0.000000000
  0.000000000  0.000000000  0.000000000
  0.000000000  0.000000000  0.000000000
  0.000000000  0.000000000  0.000000000
  0.000000000  0.000000000  0.000000000
  0.000000000  0.000000000  0.000000000
  0.000000000  0.000000000  0.000000000
  0.000000000  0.000000000  0.000000000
  0.000000000  0.000000000  0.000000000
  0.000000000  0.000000000  0.000000000
  0.000000000  0.000000000  0.000000000
  0.000000000  0.000000000  0.000000000
  0.000000000  0.000000000  0.000000000
  0.000000000  0.000000000  0.000000000
  0.000000000  0.000000000  0.000000000
  0.000000000  0.000000000  0.000000000
  0.000000000  0.000000000  0.000000000
  0.000000000  0.000000000  0.000000000
  0.000000000  0.000000000  0.000000000
  0.000000000  0.000000000  0.000000000
  0.000000000  0.000000000  0.000000000
  0.000000000  0.000000000  0.000000000
  0.000000000  0.000000000  0.000000000
  0.000000000  0.000000000  0.000000000
  0.000000000  0.000000000  0.000000000
  0.000000000  0.000000000  0.000000000
  0.000000000  0.000000000  0.000000000
  0.000000000  0.000000000  0.000000000
  0.000000000  0.000000000  0.000000000
  0.000000000  0.000000000  0.000000000
  0.000000000  0.000000000  0.000000000
  0.000000000  0.000000000  0.000000000
  0.000000000  0.000000000  0.000000000
  0.000000000  0.000000000  0.000000000
  0.000000000  0.000000000  0.000000000
  0.000000000  0.000000000  0.000000000
  0.000000000  0.000000000  0.000000000
  0.000000000  0.000000000  0.000000000
  0.000000000  0.000000000  0.000000000
  0.000000000  0.000000000  0.000000000
  0.000000000  0.000000000  0.000000000
  0.000000000  0.000000000  0.000000000
  0.000000000  0.000000000  0.000000000
  0.000000000  0.000000000  0.000000000
  0.000000000  0.000000000  0.000000000
  0.000000000  0.000000000  0.000000000
  0.000000000  0.000000000  0.000000000
  0.000000000  0.000000000  0.000000000
  0.000000000  0.000000000  0.000000000
  0.000000000  0.000000000  0.000000000
  0.000000000  0.000000000  0.000000000
  0.000000000  0.000000000  0.000000000
  0.000000000  0.000000000  0.000000000
  0.000000000  0.000000000  0.000000000
  0.000000000  0.000000000  0.000000000
  0.000000000  0.000000000  0.000000000
  0.000000000  0.000000000  0.000000000
  0.000000000  0.000000000  0.000000000
  0.000000000  0.000000000  0.000000000
  0.000000000  0.000000000  0.000000000
  0.000000000  0.000000000  0.000000000
  0.000000000  0.000000000  0.000000000
  0.000000000  0.000000000  0.000000000
  0.000000000  0.000000000  0.000000000
  0.000000000  0.000000000  0.000000000
  0.000000000  0.000000000  0.000000000
  0.000000000  0.000000000  0.000000000
  0.000000000  0.000000000  0.000000000
  0.000000000  0.000000000  0.000000000
  0.000000000  0.000000000  0.000000000
  0.000000000  0.000000000  0.000000000
  0.000000000  0.000000000  0.000000000
  0.000000000  0.000000000  0.000000000
  0.000000000  0.000000000  0.000000000
  0.000000000  0.000000000  0.000000000
  0.000000000  0.000000000  0.000000000
  0.000000000  0.000000000  0.000000000
  0.000000000  0.000000000  0.000000000
  0.000000000  0.000000000  0.000000000
  0.000000000  0.000000000  0.000000000
  0.000000000  0.000000000  0.000000000
  0.000000000  0.000000000  0.000000000
  0.000000000  0.000000000  0.000000000
  0.000000000  0.000000000  0.000000000
  0.000000000  0.000000000  0.000000000
  0.000000000  0.000000000  0.000000000
  0.000000000  0.000000000  0.000000000
  0.000000000  0.000000000  0.000000000
  0.000000000  0.000000000  0.000000000
  0.000000000  0.000000000  0.000000000
  0.000000000  0.000000000  0.000000000
  0.000000000  0.000000000  0.000000000
  0.000000000  0.000000000  0.000000000
  0.000000000  0.000000000  0.000000000
  0.000000000  0.000000000  0.000000000
  0.000000000  0.000000000  0.000000000
  0.000000000  0.000000000  0.000000000
  0.000000000  0.000000000  0.000000000
  0.000000000  0.000000000  0.000000000
  0.000000000  0.000000000  0.000000000
  0.000000000  0.000000000  0.000000000
  0.000000000  0.000000000  0.000000000
  0.000000000  0.000000000  0.000000000
  0.000000000  0.000000000  0.000000000
  0.000000000  0.000000000  0.000000000
  0.000000000  0.000000000  0.000000000
  0.000000000  0.000000000  0.000000000
  0.000000000  0.000000000  0.000000000
  0.000000000  0.000000000  0.000000000
  0.000000000  0.000000000  0.000000000
  0.000000000  0.000000000  0.000000000
  0.000000000  0.000000000  0.000000000
  0.000000000  0.000000000  0.000000000
  0.000000000  0.000000000  0.000000000
  0.000000000  0.000000000  0.000000000
  0.000000000  0.000000000  0.000000000
  0.000000000  0.000000000  0.000000000
  0.000000000  0.000000000  0.000000000
  0.000000000  0.000000000  0.000000000
  0.000000000  0.000000000  0.000000000
  0.000000000  0.000000000  0.000000000
  0.000000000  0.000000000  0.000000000
  0.000000000  0.000000000  0.000000000
  0.000000000  0.000000000  0.000000000
  0.000000000  0.000000000  0.000000000
  0.000000000  0.000000000  0.000000000
  0.000000000  0.000000000  0.000000000
  0.000000000  0.000000000  0.000000000
  0.000000000  0.000000000  0.000000000
  0.000000000  0.000000000  0.000000000
  0.000000000  0.000000000  0.000000000
  0.000000000  0.000000000  0.000000000
  0.000000000  0.000000000  0.000000000
  0.000000000  0.000000000  0.000000000
  0.000000000  0.000000000  0.000000000
  0.000000000  0.000000000  0.000000000
  0.000000000  0.000000000  0.000000000
  0.000000000  0.000000000  0.000000000
  0.000000000  0.000000000  0.000000000
  0.000000000  0.000000000  0.000000000
  0.000000000  0.000000000  0.000000000
  0.000000000  0.000000000  0.000000000
  0.000000000  0.000000000  0.000000000
  0.000000000  0.000000000  0.000000000
  0.000000000  0.000000000  0.000000000
  0.000000000  0.000000000  0.000000000
  0.000000000  0.000000000  0.000000000
  0.000000000  0.000000000  0.000000000
  0.000000000  0.000000000  0.000000000
  0.000000000  0.000000000  0.000000000
  0.000000000  0.000000000  0.000000000
  0.000000000  0.000000000  0.000000000
  0.000000000  0.000000000  0.000000000
  0.000000000  0.000000000  0.000000000
  0.000000000  0.000000000  0.000000000
  0.000000000  0.000000000  0.000000000
  0.000000000  0.000000000  0.000000000
  0.000000000  0.000000000  0.000000000
  0.000000000  0.000000000  0.000000000
  0.000000000  0.000000000  0.000000000
  0.000000000  0.000000000  0.000000000
  0.000000000  0.000000000  0.000000000
  0.000000000  0.000000000  0.000000000
  0.000000000  0.000000000  0.000000000
  0.000000000  0.000000000  0.000000000
  0.000000000  0.000000000  0.000000000
  0.000000000  0.000000000  0.000000000
  0.000000000  0.000000000  0.000000000
  0.000000000  0.000000000  0.000000000
  0.000000000  0.000000000  0.000000000
  0.000000000  0.000000000  0.000000000
  0.000000000  0.000000000  0.000000000
  0.000000000  0.000000000  0.000000000
  0.000000000  0.000000000  0.000000000
  0.000000000  0.000000000  0.000000000
  0.000000000  0.000000000  0.000000000
  0.000000000  0.000000000  0.000000000
  0.000000000  0.000000000  0.000000000
  0.000000000  0.000000000  0.000000000
  0.000000000  0.000000000  0.000000000
  0.000000000  0.000000000  0.000000000
  0.000000000  0.000000000  0.000000000
  0.000000000  0.000000000  0.000000000
  0.000000000  0.000000000  0.000000000
  0.000000000  0.000000000  0.000000000
  0.000000000  0.000000000  0.000000000
  0.000000000  0.000000000  0.000000000
  0.000000000  0.000000000  0.000000000
  0.000000000  0.000000000  0.000000000
  0.000000000  0.000000000  0.000000000
  0.000000000  0.000000000  0.000000000
  0.000000000  0.000000000  0.000000000
  0.000000000  0.000000000  0.000000000
  0.000000000  0.000000000  0.000000000
  0.000000000  0.000000000  0.000000000
  0.000000000  0.000000000  0.000000000
  0.000000000  0.000000000  0.000000000
  0.000000000  0.000000000  0.000000000
  0.000000000  0.000000000  0.000000000
  0.000000000  0.000000000  0.000000000
  0.000000000  0.000000000  0.000000000
  0.000000000  0.000000000  0.000000000
  0.000000000  0.000000000  0.000000000
  0.000000000  0.000000000  0.000000000
  0.000000000  0.000000000  0.000000000
  0.000000000  0.000000000  0.000000000
  0.000000000  0.000000000  0.000000000
  0.000000000  0.000000000  0.000000000
  0.000000000  0.000000000  0.000000000
  0.000000000  0.000000000  0.000000000
  0.000000000  0.000000000  0.000000000
  0.000000000  0.000000000  0.000000000
  0.000000000  0.000000000  0.000000000
  0.000000000  0.000000000  0.000000000
  0.000000000  0.000000000  0.000000000
  0.000000000  0.000000000  0.000000000
  0.000000000  0.000000000  0.000000000
  0.000000000  0.000000000  0.000000000
  0.000000000  0.000000000  0.000000000
  0.000000000  0.000000000  0.000000000
  0.000000000  0.000000000  0.000000000
  0.000000000  0.000000000  0.000000000
  0.000000000  0.000000000  0.000000000
  0.000000000  0.000000000  0.000000000
  0.000000000  0.000000000  0.000000000
  0.000000000  0.000000000  0.000000000
  0.000000000  0.000000000  0.000000000
  0.000000000  0.000000000  0.000000000
  0.000000000  0.000000000  0.000000000
  0.000000000  0.000000000  0.000000000
  0.000000000  0.000000000  0.000000000
  0.000000000  0.000000000  0.000000000
  0.000000000  0.000000000  0.000000000
  0.000000000  0.000000000  0.000000000
  0.000000000  0.000000000  0.000000000
  0.000000000  0.000000000  0.000000000
  0.000000000  0.000000000  0.000000000
  0.000000000  0.000000000  0.000000000
  0.000000000  0.000000000  0.000000000
  0.000000000  0.000000000  0.000000000
  0.000000000  0.000000000  0.000000000
  0.000000000  0.000000000  0.000000000
  0.000000000  0.000000000  0.000000000
  0.000000000  0.000000000  0.000000000
  0.000000000  0.000000000  0.000000000
  0.000000000  0.000000000  0.000000000
  0.000000000  0.000000000  0.000000000
  0.000000000  0.000000000  0.000000000
  0.000000000  0.000000000  0.000000000
  0.000000000  0.000000000  0.000000000
  0.000000000  0.000000000  0.000000000
  0.000000000  0.000000000  0.000000000
  0.000000000  0.000000000  0.000000000
  0.000000000  0.000000000  0.000000000
  0.000000000  0.000000000  0.000000000
  0.000000000  0.000000000  0.000000000
  0.000000000  0.000000000  0.000000000
  0.000000000  0.000000000  0.000000000
  0.000000000  0.000000000  0.000000000
  0.000000000  0.000000000  0.000000000
  0.000000000  0.000000000  0.000000000
  0.000000000  0.000000000  0.000000000
  0.000000000  0.000000000  0.000000000
  0.000000000  0.000000000  0.000000000
  0.000000000  0.000000000  0.000000000
  0.000000000  0.000000000  0.000000000
  0.000000000  0.000000000  0.000000000
  0.000000000  0.000000000  0.000000000
  0.000000000  0.000000000  0.000000000
  0.000000000  0.000000000  0.000000000
  0.000000000  0.000000000  0.000000000
  0.000000000  0.000000000  0.000000000
  0.000000000  0.000000000  0.000000000
  0.000000000  0.000000000  0.000000000
  0.000000000  0.000000000  0.000000000
   1.06000000000000     
   1.06000000000000     
   1.06000000000000     
   1.06000000000000     
   1.06000000000000     
   1.06000000000000     
   1.06000000000000     
   1.06000000000000     
   1.06000000000000     
   1.06000000000000     
   1.06000000000000     
   1.06000000000000     
   1.06000000000000     
   1.06000000000000     
   1.06000000000000     
   1.06000000000000     
   1.06000000000000     
   1.06000000000000     
   1.06000000000000     
   1.06000000000000     
   1.06000000000000     
   1.06000000000000     
   1.06000000000000     
   1.06000000000000     
   1.06000000000000     
   1.06000000000000     
   1.06000000000000     
   1.06000000000000     
   1.06000000000000     
   1.06000000000000     
   1.06000000000000     
   1.06000000000000     
   1.06000000000000     
   1.06000000000000     
   1.06000000000000     
   1.06000000000000     
   1.06000000000000     
   1.06000000000000     
   1.06000000000000     
   1.06000000000000     
   1.06000000000000     
   1.06000000000000     
   1.06000000000000     
   1.06000000000000     
   1.06000000000000     
   1.06000000000000     
   1.06000000000000     
   1.06000000000000     
   1.06000000000000     
   1.06000000000000     
   1.06000000000000     
   1.06000000000000     
   1.06000000000000     
   1.06000000000000     
   1.06000000000000     
   1.06000000000000     
   1.06000000000000     
   1.06000000000000     
   1.06000000000000     
   1.06000000000000     
   1.06000000000000     
   1.06000000000000     
   1.06000000000000     
   1.06000000000000     
   1.06000000000000     
   1.06000000000000     
   1.06000000000000     
   1.06000000000000     
   1.06000000000000     
   1.06000000000000     
   1.06000000000000     
   1.06000000000000     
   1.06000000000000     
   1.06000000000000     
   1.06000000000000     
   1.06000000000000     
   1.06000000000000     
   1.06000000000000     
   1.06000000000000     
   1.06000000000000     
   1.06000000000000     
   1.06000000000000     
   1.06000000000000     
   1.06000000000000     
   1.06000000000000     
   1.06000000000000     
   1.06000000000000     
   1.06000000000000     
   1.06000000000000     
   1.06000000000000     
   1.06000000000000     
   1.06000000000000     
   1.06000000000000     
   1.06000000000000     
   1.06000000000000     
   1.06000000000000     
   1.06000000000000     
   1.06000000000000     
   1.06000000000000     
   1.06000000000000     
   1.06000000000000     
   1.06000000000000     
   1.06000000000000     
   1.06000000000000     
   1.06000000000000     
   1.06000000000000     
   1.06000000000000     
   1.06000000000000     
   1.06000000000000     
   1.06000000000000     
   1.06000000000000     
   1.06000000000000     
   1.06000000000000     
   1.06000000000000     
   1.06000000000000     
   1.06000000000000     
   1.06000000000000     
   1.06000000000000     
   1.06000000000000     
  3.000000000000000E-002
  3.000000000000000E-002
  3.000000000000000E-002
  3.000000000000000E-002
  3.000000000000000E-002
  3.000000000000000E-002
  3.000000000000000E-002
  3.000000000000000E-002
  3.000000000000000E-002
  3.000000000000000E-002
  3.000000000000000E-002
  3.000000000000000E-002
  3.000000000000000E-002
  3.000000000000000E-002
  3.000000000000000E-002
  3.000000000000000E-002
  3.000000000000000E-002
  3.000000000000000E-002
  3.000000000000000E-002
  3.000000000000000E-002
  3.000000000000000E-002
  3.000000000000000E-002
  3.000000000000000E-002
  3.000000000000000E-002
  3.000000000000000E-002
  3.000000000000000E-002
  3.000000000000000E-002
  3.000000000000000E-002
  3.000000000000000E-002
  3.000000000000000E-002
  3.000000000000000E-002
  3.000000000000000E-002
  3.000000000000000E-002
  3.000000000000000E-002
  3.000000000000000E-002
  3.000000000000000E-002
  3.000000000000000E-002
  3.000000000000000E-002
  3.000000000000000E-002
  3.000000000000000E-002
  3.000000000000000E-002
  3.000000000000000E-002
  3.000000000000000E-002
  3.000000000000000E-002
  3.000000000000000E-002
  3.000000000000000E-002
  3.000000000000000E-002
  3.000000000000000E-002
  3.000000000000000E-002
  3.000000000000000E-002
  3.000000000000000E-002
  3.000000000000000E-002
  3.000000000000000E-002
  3.000000000000000E-002
  3.000000000000000E-002
  3.000000000000000E-002
  3.000000000000000E-002
  3.000000000000000E-002
  3.000000000000000E-002
  3.000000000000000E-002
  3.000000000000000E-002
  3.000000000000000E-002
  3.000000000000000E-002
  3.000000000000000E-002
  3.000000000000000E-002
  3.000000000000000E-002
  3.000000000000000E-002
  3.000000000000000E-002
  3.000000000000000E-002
  3.000000000000000E-002
  3.000000000000000E-002
  3.000000000000000E-002
  3.000000000000000E-002
  3.000000000000000E-002
  3.000000000000000E-002
  3.000000000000000E-002
  3.000000000000000E-002
  3.000000000000000E-002
  3.000000000000000E-002
  3.000000000000000E-002
  3.000000000000000E-002
  3.000000000000000E-002
  3.000000000000000E-002
  3.000000000000000E-002
  3.000000000000000E-002
  3.000000000000000E-002
  3.000000000000000E-002
  3.000000000000000E-002
  3.000000000000000E-002
  3.000000000000000E-002
  3.000000000000000E-002
  3.000000000000000E-002
  3.000000000000000E-002
  3.000000000000000E-002
  3.000000000000000E-002
  3.000000000000000E-002
  3.000000000000000E-002
  3.000000000000000E-002
  3.000000000000000E-002
  3.000000000000000E-002
  3.000000000000000E-002
  3.000000000000000E-002
  3.000000000000000E-002
  3.000000000000000E-002
  3.000000000000000E-002
  3.000000000000000E-002
  3.000000000000000E-002
  3.000000000000000E-002
  3.000000000000000E-002
  3.000000000000000E-002
  3.000000000000000E-002
  3.000000000000000E-002
  3.000000000000000E-002
  3.000000000000000E-002
  3.000000000000000E-002
  3.000000000000000E-002
  3.000000000000000E-002
  3.000000000000000E-002
  3.000000000000000E-002
