           3
 2 1 2
   9   2  22
  0.000000000  0.000000000  0.000000000  0.250000000  0.250000000  0.500000000  0.500000000  0.750000000  0.750000000  1.000000000  1.000000000  1.000000000
  0.000000000  0.000000000  1.000000000  1.000000000
  0.534038055  0.534038055  0.534038055  0.534503171  0.534968288  0.535433404  0.535898520  0.536363636  0.536828753  0.537293869  0.537758985  0.538224102  0.538689218  0.539154334  0.539619450  0.540084567  0.540549683  0.541014799  0.541479916  0.541945032  0.542410148  0.542875264  0.543340381  0.543340381  0.543340381
  0.814383862200E+01 -0.359790183550E+02  0.154289531890E+02  0.100000000000E+01
  0.814383862200E+01 -0.359790183550E+02  0.154289531890E+02  0.707106638994E+00
  0.814383862200E+01 -0.359790183550E+02  0.154289531890E+02  0.100000000000E+01
  0.814383862200E+01 -0.359790183550E+02  0.154289531890E+02  0.707107205021E+00
  0.814383862200E+01 -0.359790183550E+02  0.154289531890E+02  0.100000000000E+01
  0.814383862200E+01 -0.359790183550E+02  0.154289531890E+02  0.707107047099E+00
  0.814383862200E+01 -0.359790183550E+02  0.154289531890E+02  0.100000000000E+01
  0.814383862200E+01 -0.359790183550E+02  0.154289531890E+02  0.707106150620E+00
  0.814383862200E+01 -0.359790183550E+02  0.154289531890E+02  0.100000000000E+01
  0.779541611400E+01 -0.354802354060E+02  0.154071767510E+02  0.100000000000E+01
  0.743824331900E+01 -0.356903313620E+02  0.148017174060E+02  0.707106638994E+00
  0.774649167400E+01 -0.362886701770E+02  0.146940207540E+02  0.100000000000E+01
  0.822132548900E+01 -0.367699434870E+02  0.148841309510E+02  0.707107205021E+00
  0.834185035700E+01 -0.362624819890E+02  0.154413288880E+02  0.100000000000E+01
  0.859664691500E+01 -0.360060269620E+02  0.153558946410E+02  0.707107047099E+00
  0.861533842100E+01 -0.356554820710E+02  0.152955005530E+02  0.100000000000E+01
  0.833188856800E+01 -0.352086251760E+02  0.152710813440E+02  0.707106150620E+00
  0.779541611400E+01 -0.354802354060E+02  0.154071767510E+02  0.100000000000E+01
  0.831442400500E+01 -0.358671970230E+02  0.152038076690E+02  0.100000000000E+01
  0.831442400500E+01 -0.358671970230E+02  0.152038076690E+02  0.707107122750E+00
  0.831442400500E+01 -0.358671970230E+02  0.152038076690E+02  0.100000000000E+01
  0.831442400500E+01 -0.358671970230E+02  0.152038076690E+02  0.707105454722E+00
  0.831442400500E+01 -0.358671970230E+02  0.152038076690E+02  0.100000000000E+01
  0.831442400500E+01 -0.358671970230E+02  0.152038076690E+02  0.707105917694E+00
  0.831442400500E+01 -0.358671970230E+02  0.152038076690E+02  0.100000000000E+01
  0.831442400500E+01 -0.358671970230E+02  0.152038076690E+02  0.707108958093E+00
  0.831442400500E+01 -0.358671970230E+02  0.152038076690E+02  0.100000000000E+01
  0.802677889800E+01 -0.354634044530E+02  0.151911076750E+02  0.100000000000E+01
  0.775092023400E+01 -0.356235120650E+02  0.146540621650E+02  0.707107122750E+00
  0.798126513300E+01 -0.361269257450E+02  0.144915706770E+02  0.100000000000E+01
  0.844643423300E+01 -0.366334362100E+02  0.146525768280E+02  0.707105454722E+00
  0.849860454200E+01 -0.361257453220E+02  0.152119398300E+02  0.100000000000E+01
  0.865653390400E+01 -0.359112361690E+02  0.152188754510E+02  0.707105917694E+00
  0.861422001800E+01 -0.356532173540E+02  0.152169902580E+02  0.100000000000E+01
  0.842444005100E+01 -0.353260457960E+02  0.152086058590E+02  0.707108958093E+00
  0.802677889800E+01 -0.354634044530E+02  0.151911076750E+02  0.100000000000E+01
  0.850067319800E+01 -0.357385668070E+02  0.150011004120E+02  0.100000000000E+01
  0.850067319800E+01 -0.357385668070E+02  0.150011004120E+02  0.707106589433E+00
  0.850067319800E+01 -0.357385668070E+02  0.150011004120E+02  0.100000000000E+01
  0.850067319800E+01 -0.357385668070E+02  0.150011004120E+02  0.707107000397E+00
  0.850067319800E+01 -0.357385668070E+02  0.150011004120E+02  0.100000000000E+01
  0.850067319800E+01 -0.357385668070E+02  0.150011004120E+02  0.707107347189E+00
  0.850067319800E+01 -0.357385668070E+02  0.150011004120E+02  0.100000000000E+01
  0.850067319800E+01 -0.357385668070E+02  0.150011004120E+02  0.707105786561E+00
  0.850067319800E+01 -0.357385668070E+02  0.150011004120E+02  0.100000000000E+01
  0.829751908600E+01 -0.354587572760E+02  0.149950449880E+02  0.100000000000E+01
  0.799603421600E+01 -0.354960019200E+02  0.144919228460E+02  0.707106589433E+00
  0.821085189100E+01 -0.359639374320E+02  0.143104283950E+02  0.100000000000E+01
  0.869481333300E+01 -0.365143415840E+02  0.144517160240E+02  0.707107000397E+00
  0.866728473000E+01 -0.359680459820E+02  0.150060668150E+02  0.100000000000E+01
  0.872698884900E+01 -0.357919026570E+02  0.150482260210E+02  0.707107347189E+00
  0.867390960100E+01 -0.356114415830E+02  0.150634212930E+02  0.100000000000E+01
  0.853556533300E+01 -0.354211980490E+02  0.150592504420E+02  0.707105786561E+00
  0.829751908600E+01 -0.354587572760E+02  0.149950449880E+02  0.100000000000E+01
  0.869836022100E+01 -0.355970260210E+02  0.148188006560E+02  0.100000000000E+01
  0.869836022100E+01 -0.355970260210E+02  0.148188006560E+02  0.707106359153E+00
  0.869836022100E+01 -0.355970260210E+02  0.148188006560E+02  0.100000000000E+01
  0.869836022100E+01 -0.355970260210E+02  0.148188006560E+02  0.707106980894E+00
  0.869836022100E+01 -0.355970260210E+02  0.148188006560E+02  0.100000000000E+01
  0.869836022100E+01 -0.355970260210E+02  0.148188006560E+02  0.707108033040E+00
  0.869836022100E+01 -0.355970260210E+02  0.148188006560E+02  0.100000000000E+01
  0.869836022100E+01 -0.355970260210E+02  0.148188006560E+02  0.707105195778E+00
  0.869836022100E+01 -0.355970260210E+02  0.148188006560E+02  0.100000000000E+01
  0.851284330400E+01 -0.353458062330E+02  0.148152301560E+02  0.100000000000E+01
  0.820096124100E+01 -0.353304048520E+02  0.143227026720E+02  0.707106359153E+00
  0.843033737000E+01 -0.358047223790E+02  0.141313965750E+02  0.100000000000E+01
  0.891503626100E+01 -0.363490047650E+02  0.142747249260E+02  0.707106980894E+00
  0.886154915800E+01 -0.358180110730E+02  0.148219419050E+02  0.100000000000E+01
  0.890429790900E+01 -0.356590020260E+02  0.148932771570E+02  0.707108033040E+00
  0.883325875900E+01 -0.354960618540E+02  0.149136071310E+02  0.100000000000E+01
  0.871100825900E+01 -0.353237424710E+02  0.149134557210E+02  0.707105195778E+00
  0.851284330400E+01 -0.353458062330E+02  0.148152301560E+02  0.100000000000E+01
  0.890434531700E+01 -0.354456060750E+02  0.146544691800E+02  0.100000000000E+01
  0.890434531700E+01 -0.354456060750E+02  0.146544691800E+02  0.707106368758E+00
  0.890434531700E+01 -0.354456060750E+02  0.146544691800E+02  0.100000000000E+01
  0.890434531700E+01 -0.354456060750E+02  0.146544691800E+02  0.707106553481E+00
  0.890434531700E+01 -0.354456060750E+02  0.146544691800E+02  0.100000000000E+01
  0.890434531700E+01 -0.354456060750E+02  0.146544691800E+02  0.707107505471E+00
  0.890434531700E+01 -0.354456060750E+02  0.146544691800E+02  0.100000000000E+01
  0.890434531700E+01 -0.354456060750E+02  0.146544691800E+02  0.707106591907E+00
  0.890434531700E+01 -0.354456060750E+02  0.146544691800E+02  0.100000000000E+01
  0.869887425900E+01 -0.351714608060E+02  0.146521199080E+02  0.100000000000E+01
  0.839976102300E+01 -0.351640820660E+02  0.141538921140E+02  0.707106368758E+00
  0.865454816500E+01 -0.356385502920E+02  0.139868734160E+02  0.100000000000E+01
  0.911846990700E+01 -0.361694751200E+02  0.141034072160E+02  0.707106553481E+00
  0.909270809000E+01 -0.356969247710E+02  0.146566234090E+02  0.100000000000E+01
  0.910963460900E+01 -0.355295900290E+02  0.147575278250E+02  0.707107505471E+00
  0.901892298400E+01 -0.353586294230E+02  0.147829679560E+02  0.100000000000E+01
  0.888883235500E+01 -0.351630041240E+02  0.147931756380E+02  0.707106591907E+00
  0.869887425900E+01 -0.351714608060E+02  0.146521199080E+02  0.100000000000E+01
  0.911635430200E+01 -0.352865958560E+02  0.145056699310E+02  0.100000000000E+01
  0.911635430200E+01 -0.352865958560E+02  0.145056699310E+02  0.707107465324E+00
  0.911635430200E+01 -0.352865958560E+02  0.145056699310E+02  0.100000000000E+01
  0.911635430200E+01 -0.352865958560E+02  0.145056699310E+02  0.707106138595E+00
  0.911635430200E+01 -0.352865958560E+02  0.145056699310E+02  0.100000000000E+01
  0.911635430200E+01 -0.352865958560E+02  0.145056699310E+02  0.707104885512E+00
  0.911635430200E+01 -0.352865958560E+02  0.145056699310E+02  0.100000000000E+01
  0.911635430200E+01 -0.352865958560E+02  0.145056699310E+02  0.707108901926E+00
  0.911635430200E+01 -0.352865958560E+02  0.145056699310E+02  0.100000000000E+01
  0.889363239200E+01 -0.349932285920E+02  0.145044240460E+02  0.100000000000E+01
  0.865109203400E+01 -0.350308264250E+02  0.140410434960E+02  0.707107465324E+00
  0.888419398300E+01 -0.354655174220E+02  0.138771730080E+02  0.100000000000E+01
  0.931698328800E+01 -0.359921207440E+02  0.139358288300E+02  0.707106138595E+00
  0.934473877300E+01 -0.355874196830E+02  0.145069468420E+02  0.100000000000E+01
  0.937521355600E+01 -0.354097454210E+02  0.146847614470E+02  0.707104885512E+00
  0.922631904100E+01 -0.352023136030E+02  0.146931528870E+02  0.100000000000E+01
  0.907229393700E+01 -0.350271189820E+02  0.146697122130E+02  0.707108901926E+00
  0.889363239200E+01 -0.349932285920E+02  0.145044240460E+02  0.100000000000E+01
  0.933274003200E+01 -0.351217200070E+02  0.143701198960E+02  0.100000000000E+01
  0.933274003200E+01 -0.351217200070E+02  0.143701198960E+02  0.707106881850E+00
  0.933274003200E+01 -0.351217200070E+02  0.143701198960E+02  0.100000000000E+01
  0.933274003200E+01 -0.351217200070E+02  0.143701198960E+02  0.707106249565E+00
  0.933274003200E+01 -0.351217200070E+02  0.143701198960E+02  0.100000000000E+01
  0.933274003200E+01 -0.351217200070E+02  0.143701198960E+02  0.707106165181E+00
  0.933274003200E+01 -0.351217200070E+02  0.143701198960E+02  0.100000000000E+01
  0.933274003200E+01 -0.351217200070E+02  0.143701198960E+02  0.707107828149E+00
  0.933274003200E+01 -0.351217200070E+02  0.143701198960E+02  0.100000000000E+01
  0.910236896600E+01 -0.348216236930E+02  0.143698503230E+02  0.100000000000E+01
  0.888732244900E+01 -0.348807339660E+02  0.139317180630E+02  0.707106881850E+00
  0.911720805000E+01 -0.352876926410E+02  0.137932374200E+02  0.100000000000E+01
  0.950684855800E+01 -0.357766330900E+02  0.138177403810E+02  0.707106249565E+00
  0.957821948500E+01 -0.354414966960E+02  0.143704074640E+02  0.100000000000E+01
  0.958266541100E+01 -0.352771076540E+02  0.145900743150E+02  0.707106165181E+00
  0.942266906800E+01 -0.350524681320E+02  0.146108205580E+02  0.100000000000E+01
  0.925573750900E+01 -0.348292542410E+02  0.146180575610E+02  0.707107828149E+00
  0.910236896600E+01 -0.348216236930E+02  0.143698503230E+02  0.100000000000E+01
  0.955228427800E+01 -0.349523044880E+02  0.142456824870E+02  0.100000000000E+01
  0.955228427800E+01 -0.349523044880E+02  0.142456824870E+02  0.707106562696E+00
  0.955228427800E+01 -0.349523044880E+02  0.142456824870E+02  0.100000000000E+01
  0.955228427800E+01 -0.349523044880E+02  0.142456824870E+02  0.707106794125E+00
  0.955228427800E+01 -0.349523044880E+02  0.142456824870E+02  0.100000000000E+01
  0.955228427800E+01 -0.349523044880E+02  0.142456824870E+02  0.707107202238E+00
  0.955228427800E+01 -0.349523044880E+02  0.142456824870E+02  0.100000000000E+01
  0.955228427800E+01 -0.349523044880E+02  0.142456824870E+02  0.707106565688E+00
  0.955228427800E+01 -0.349523044880E+02  0.142456824870E+02  0.100000000000E+01
  0.929951736700E+01 -0.346261456670E+02  0.142462397820E+02  0.100000000000E+01
  0.911199141500E+01 -0.347028050020E+02  0.137901556650E+02  0.707106562696E+00
  0.936991870000E+01 -0.350927157430E+02  0.137077920850E+02  0.100000000000E+01
  0.970953644400E+01 -0.354839460020E+02  0.137743755020E+02  0.707106794125E+00
  0.979616097400E+01 -0.352669925470E+02  0.142451452440E+02  0.100000000000E+01
  0.981657672100E+01 -0.351137280730E+02  0.145024189750E+02  0.707107202238E+00
  0.965518979200E+01 -0.348730735340E+02  0.145492045370E+02  0.100000000000E+01
  0.945850819600E+01 -0.346359385980E+02  0.145257779100E+02  0.707106565688E+00
  0.929951736700E+01 -0.346261456670E+02  0.142462397820E+02  0.100000000000E+01
  0.977403997900E+01 -0.347794209190E+02  0.141302452000E+02  0.100000000000E+01
  0.977403997900E+01 -0.347794209190E+02  0.141302452000E+02  0.707106072215E+00
  0.977403997900E+01 -0.347794209190E+02  0.141302452000E+02  0.100000000000E+01
  0.977403997900E+01 -0.347794209190E+02  0.141302452000E+02  0.707108062060E+00
  0.977403997900E+01 -0.347794209190E+02  0.141302452000E+02  0.100000000000E+01
  0.977403997900E+01 -0.347794209190E+02  0.141302452000E+02  0.707108091328E+00
  0.977403997900E+01 -0.347794209190E+02  0.141302452000E+02  0.100000000000E+01
  0.977403997900E+01 -0.347794209190E+02  0.141302452000E+02  0.707104899144E+00
  0.977403997900E+01 -0.347794209190E+02  0.141302452000E+02  0.100000000000E+01
  0.950307452300E+01 -0.344325558850E+02  0.141315383420E+02  0.100000000000E+01
  0.933712412200E+01 -0.345115931900E+02  0.136774551010E+02  0.707106072215E+00
  0.960695872000E+01 -0.349079543780E+02  0.135966663000E+02  0.100000000000E+01
  0.991764135700E+01 -0.352305497120E+02  0.137124069190E+02  0.707108062060E+00
  0.998680878600E+01 -0.350517905270E+02  0.141292298100E+02  0.100000000000E+01
  0.100215669900E+02 -0.349336700480E+02  0.143828426210E+02  0.707108091328E+00
  0.987074791000E+01 -0.347050278380E+02  0.144390836740E+02  0.100000000000E+01
  0.966467745500E+01 -0.344534670600E+02  0.144209766200E+02  0.707104899144E+00
  0.950307452300E+01 -0.344325558850E+02  0.141315383420E+02  0.100000000000E+01
  0.999718252400E+01 -0.346040381470E+02  0.140214245820E+02  0.100000000000E+01
  0.999718252400E+01 -0.346040381470E+02  0.140214245820E+02  0.707106722543E+00
  0.999718252400E+01 -0.346040381470E+02  0.140214245820E+02  0.100000000000E+01
  0.999718252400E+01 -0.346040381470E+02  0.140214245820E+02  0.707107190738E+00
  0.999718252400E+01 -0.346040381470E+02  0.140214245820E+02  0.100000000000E+01
  0.999718252400E+01 -0.346040381470E+02  0.140214245820E+02  0.707106872867E+00
  0.999718252400E+01 -0.346040381470E+02  0.140214245820E+02  0.100000000000E+01
  0.999718252400E+01 -0.346040381470E+02  0.140214245820E+02  0.707106338599E+00
  0.999718252400E+01 -0.346040381470E+02  0.140214245820E+02  0.100000000000E+01
  0.973639797600E+01 -0.342722940660E+02  0.140231580300E+02  0.100000000000E+01
  0.961159473500E+01 -0.343578799990E+02  0.136195011900E+02  0.707106722543E+00
  0.986009461100E+01 -0.347093883610E+02  0.135592624410E+02  0.100000000000E+01
  0.101143373170E+02 -0.349767382760E+02  0.136503920740E+02  0.707107190738E+00
  0.101946946900E+02 -0.348552928070E+02  0.140201112310E+02  0.100000000000E+01
  0.102262950290E+02 -0.347524344080E+02  0.142567139850E+02  0.707106872867E+00
  0.100831639700E+02 -0.345379631110E+02  0.143112901870E+02  0.100000000000E+01
  0.988423384700E+01 -0.342790747160E+02  0.143222627500E+02  0.707106338599E+00
  0.973639797600E+01 -0.342722940660E+02  0.140231580300E+02  0.100000000000E+01
  0.102209786490E+02 -0.344269002150E+02  0.139168681560E+02  0.100000000000E+01
  0.102209786490E+02 -0.344269002150E+02  0.139168681560E+02  0.707107275454E+00
  0.102209786490E+02 -0.344269002150E+02  0.139168681560E+02  0.100000000000E+01
  0.102209786490E+02 -0.344269002150E+02  0.139168681560E+02  0.707105648812E+00
  0.102209786490E+02 -0.344269002150E+02  0.139168681560E+02  0.100000000000E+01
  0.102209786490E+02 -0.344269002150E+02  0.139168681560E+02  0.707106213048E+00
  0.102209786490E+02 -0.344269002150E+02  0.139168681560E+02  0.100000000000E+01
  0.102209786490E+02 -0.344269002150E+02  0.139168681560E+02  0.707107987436E+00
  0.102209786490E+02 -0.344269002150E+02  0.139168681560E+02  0.100000000000E+01
  0.996516172300E+01 -0.341038833460E+02  0.139191052170E+02  0.100000000000E+01
  0.989117604400E+01 -0.342134513260E+02  0.135665029780E+02  0.707107275454E+00
  0.101064722680E+02 -0.345147892140E+02  0.135133055250E+02  0.100000000000E+01
  0.103502215560E+02 -0.347926036380E+02  0.135633179400E+02  0.707105648812E+00
  0.104210805040E+02 -0.346795639630E+02  0.139151184080E+02  0.100000000000E+01
  0.104445467320E+02 -0.345697877320E+02  0.141575145930E+02  0.707106213048E+00
  0.103120315970E+02 -0.343570107280E+02  0.142377718430E+02  0.100000000000E+01
  0.100714827060E+02 -0.340072840920E+02  0.143199086140E+02  0.707107987436E+00
  0.996516172300E+01 -0.341038833460E+02  0.139191052170E+02  0.100000000000E+01
  0.104451813590E+02 -0.342474193000E+02  0.138173071570E+02  0.100000000000E+01
  0.104451813590E+02 -0.342474193000E+02  0.138173071570E+02  0.707107672851E+00
  0.104451813590E+02 -0.342474193000E+02  0.138173071570E+02  0.100000000000E+01
  0.104451813590E+02 -0.342474193000E+02  0.138173071570E+02  0.707104977847E+00
  0.104451813590E+02 -0.342474193000E+02  0.138173071570E+02  0.100000000000E+01
  0.104451813590E+02 -0.342474193000E+02  0.138173071570E+02  0.707105745014E+00
  0.104451813590E+02 -0.342474193000E+02  0.138173071570E+02  0.100000000000E+01
  0.104451813590E+02 -0.342474193000E+02  0.138173071570E+02  0.707108729031E+00
  0.104451813590E+02 -0.342474193000E+02  0.138173071570E+02  0.100000000000E+01
  0.101592510420E+02 -0.338912450780E+02  0.138208312750E+02  0.100000000000E+01
  0.101424109330E+02 -0.340473808020E+02  0.134884920910E+02  0.707107672851E+00
  0.103292096120E+02 -0.343361989080E+02  0.133808006780E+02  0.100000000000E+01
  0.105964985370E+02 -0.346488839270E+02  0.134155600040E+02  0.707104977847E+00
  0.106703521790E+02 -0.345279051360E+02  0.138145324300E+02  0.100000000000E+01
  0.106847785040E+02 -0.344060563710E+02  0.140768789350E+02  0.707105745014E+00
  0.105414661660E+02 -0.341737066940E+02  0.141797175460E+02  0.100000000000E+01
  0.102230059880E+02 -0.336696598600E+02  0.143852073370E+02  0.707108729031E+00
  0.101592510420E+02 -0.338912450780E+02  0.138208312750E+02  0.100000000000E+01
  0.106694738910E+02 -0.340643563420E+02  0.137247316230E+02  0.100000000000E+01
  0.106694738910E+02 -0.340643563420E+02  0.137247316230E+02  0.707106322075E+00
  0.106694738910E+02 -0.340643563420E+02  0.137247316230E+02  0.100000000000E+01
  0.106694738910E+02 -0.340643563420E+02  0.137247316230E+02  0.707107960654E+00
  0.106694738910E+02 -0.340643563420E+02  0.137247316230E+02  0.100000000000E+01
  0.106694738910E+02 -0.340643563420E+02  0.137247316230E+02  0.707107143601E+00
  0.106694738910E+02 -0.340643563420E+02  0.137247316230E+02  0.100000000000E+01
  0.106694738910E+02 -0.340643563420E+02  0.137247316230E+02  0.707105698422E+00
  0.106694738910E+02 -0.340643563420E+02  0.137247316230E+02  0.100000000000E+01
  0.103445925480E+02 -0.336686744720E+02  0.137304787000E+02  0.100000000000E+01
  0.103851749850E+02 -0.338611172670E+02  0.134299443320E+02  0.707106322075E+00
  0.105672913130E+02 -0.341421247640E+02  0.133026123650E+02  0.100000000000E+01
  0.108598608170E+02 -0.345289072320E+02  0.132335962090E+02  0.707107960654E+00
  0.109127520160E+02 -0.343606542940E+02  0.137204278010E+02  0.100000000000E+01
  0.109212951330E+02 -0.342363748060E+02  0.140026267090E+02  0.707107143601E+00
  0.107636561740E+02 -0.339926790470E+02  0.141138029360E+02  0.100000000000E+01
  0.103174728170E+02 -0.332342173700E+02  0.145725033170E+02  0.707105698422E+00
  0.103445925480E+02 -0.336686744720E+02  0.137304787000E+02  0.100000000000E+01
  0.108931708090E+02 -0.338763987040E+02  0.136409575010E+02  0.100000000000E+01
  0.108931708090E+02 -0.338763987040E+02  0.136409575010E+02  0.707106220454E+00
  0.108931708090E+02 -0.338763987040E+02  0.136409575010E+02  0.100000000000E+01
  0.108931708090E+02 -0.338763987040E+02  0.136409575010E+02  0.707107296246E+00
  0.108931708090E+02 -0.338763987040E+02  0.136409575010E+02  0.100000000000E+01
  0.108931708090E+02 -0.338763987040E+02  0.136409575010E+02  0.707107361957E+00
  0.108931708090E+02 -0.338763987040E+02  0.136409575010E+02  0.100000000000E+01
  0.108931708090E+02 -0.338763987040E+02  0.136409575010E+02  0.707106246098E+00
  0.108931708090E+02 -0.338763987040E+02  0.136409575010E+02  0.100000000000E+01
  0.105446914290E+02 -0.334652478380E+02  0.136494176860E+02  0.100000000000E+01
  0.106257557650E+02 -0.336756312670E+02  0.133707968730E+02  0.707106220454E+00
  0.108031294370E+02 -0.339441300110E+02  0.132236917490E+02  0.100000000000E+01
  0.111135739880E+02 -0.343437258660E+02  0.131358196650E+02  0.707107296246E+00
  0.111782232810E+02 -0.342127190180E+02  0.136340377410E+02  0.100000000000E+01
  0.111285852580E+02 -0.340484083310E+02  0.138902088950E+02  0.707107361957E+00
  0.109771139850E+02 -0.338132563390E+02  0.140299678070E+02  0.100000000000E+01
  0.103958401230E+02 -0.328788544850E+02  0.146434561620E+02  0.707106246098E+00
  0.105446914290E+02 -0.334652478380E+02  0.136494176860E+02  0.100000000000E+01
  0.111153693680E+02 -0.336829471620E+02  0.135661763510E+02  0.100000000000E+01
  0.111153693680E+02 -0.336829471620E+02  0.135661763510E+02  0.707105538264E+00
  0.111153693680E+02 -0.336829471620E+02  0.135661763510E+02  0.100000000000E+01
  0.111153693680E+02 -0.336829471620E+02  0.135661763510E+02  0.707108190505E+00
  0.111153693680E+02 -0.336829471620E+02  0.135661763510E+02  0.100000000000E+01
  0.111153693680E+02 -0.336829471620E+02  0.135661763510E+02  0.707108256524E+00
  0.111153693680E+02 -0.336829471620E+02  0.135661763510E+02  0.100000000000E+01
  0.111153693680E+02 -0.336829471620E+02  0.135661763510E+02  0.707105139453E+00
  0.111153693680E+02 -0.336829471620E+02  0.135661763510E+02  0.100000000000E+01
  0.108130174910E+02 -0.333384787120E+02  0.135753844640E+02  0.100000000000E+01
  0.108810554470E+02 -0.335131259710E+02  0.133046254910E+02  0.707105538264E+00
  0.110318174390E+02 -0.337447452660E+02  0.131344591140E+02  0.100000000000E+01
  0.113710431800E+02 -0.341740766160E+02  0.130055928520E+02  0.707108190505E+00
  0.114145914580E+02 -0.340238524560E+02  0.135570637080E+02  0.100000000000E+01
  0.113641698190E+02 -0.338709551850E+02  0.138226404640E+02  0.707108256524E+00
  0.111855035320E+02 -0.336310772800E+02  0.139285594820E+02  0.100000000000E+01
  0.103954061620E+02 -0.325122722720E+02  0.145574451390E+02  0.707105139453E+00
  0.108130174910E+02 -0.333384787120E+02  0.135753844640E+02  0.100000000000E+01
  0.113354702650E+02 -0.334846296020E+02  0.134982256330E+02  0.100000000000E+01
  0.113354702650E+02 -0.334846296020E+02  0.134982256330E+02  0.707106971330E+00
  0.113354702650E+02 -0.334846296020E+02  0.134982256330E+02  0.100000000000E+01
  0.113354702650E+02 -0.334846296020E+02  0.134982256330E+02  0.707107668609E+00
  0.113354702650E+02 -0.334846296020E+02  0.134982256330E+02  0.100000000000E+01
  0.113354702650E+02 -0.334846296020E+02  0.134982256330E+02  0.707107149514E+00
  0.113354702650E+02 -0.334846296020E+02  0.134982256330E+02  0.100000000000E+01
  0.113354702650E+02 -0.334846296020E+02  0.134982256330E+02  0.707105335295E+00
  0.113354702650E+02 -0.334846296020E+02  0.134982256330E+02  0.100000000000E+01
  0.111533725500E+02 -0.332841519410E+02  0.135047209290E+02  0.100000000000E+01
  0.111268503780E+02 -0.333438269010E+02  0.132314945320E+02  0.707106971330E+00
  0.112598490830E+02 -0.335395903980E+02  0.130745391060E+02  0.100000000000E+01
  0.116143670150E+02 -0.339786442870E+02  0.129114994610E+02  0.707107668609E+00
  0.116613123810E+02 -0.338433633010E+02  0.134866019350E+02  0.100000000000E+01
  0.116075780890E+02 -0.336912391210E+02  0.137753142480E+02  0.707107149514E+00
  0.113908079350E+02 -0.334444122010E+02  0.138082686260E+02  0.100000000000E+01
  0.111838946420E+02 -0.332220284230E+02  0.137989432790E+02  0.707105335295E+00
  0.111533725500E+02 -0.332841519410E+02  0.135047209290E+02  0.100000000000E+01
  0.115518041720E+02 -0.332801019740E+02  0.134369796020E+02  0.100000000000E+01
  0.115518041720E+02 -0.332801019740E+02  0.134369796020E+02  0.707107181542E+00
  0.115518041720E+02 -0.332801019740E+02  0.134369796020E+02  0.100000000000E+01
  0.115518041720E+02 -0.332801019740E+02  0.134369796020E+02  0.707107013484E+00
  0.115518041720E+02 -0.332801019740E+02  0.134369796020E+02  0.100000000000E+01
  0.115518041720E+02 -0.332801019740E+02  0.134369796020E+02  0.707106807259E+00
  0.115518041720E+02 -0.332801019740E+02  0.134369796020E+02  0.100000000000E+01
  0.115518041720E+02 -0.332801019740E+02  0.134369796020E+02  0.707106122466E+00
  0.115518041720E+02 -0.332801019740E+02  0.134369796020E+02  0.100000000000E+01
  0.114407885830E+02 -0.331652854940E+02  0.134418297160E+02  0.100000000000E+01
  0.113838630460E+02 -0.331692283110E+02  0.132139797880E+02  0.707107181542E+00
  0.114962933120E+02 -0.333189647510E+02  0.130863859970E+02  0.100000000000E+01
  0.117966784360E+02 -0.336612431500E+02  0.129573538330E+02  0.707107013484E+00
  0.118943070230E+02 -0.336343289170E+02  0.134220149800E+02  0.100000000000E+01
  0.118497214470E+02 -0.334929699270E+02  0.137732146330E+02  0.707106807259E+00
  0.115868020610E+02 -0.332556002410E+02  0.136580138920E+02  0.100000000000E+01
  0.114806552720E+02 -0.331658201230E+02  0.135893145590E+02  0.707106122466E+00
  0.114407885830E+02 -0.331652854940E+02  0.134418297160E+02  0.100000000000E+01
  0.117615507740E+02 -0.330663659700E+02  0.133850448540E+02  0.100000000000E+01
  0.117615507740E+02 -0.330663659700E+02  0.133850448540E+02  0.707107132881E+00
  0.117615507740E+02 -0.330663659700E+02  0.133850448540E+02  0.100000000000E+01
  0.117615507740E+02 -0.330663659700E+02  0.133850448540E+02  0.707105131912E+00
  0.117615507740E+02 -0.330663659700E+02  0.133850448540E+02  0.100000000000E+01
  0.117615507740E+02 -0.330663659700E+02  0.133850448540E+02  0.707105178253E+00
  0.117615507740E+02 -0.330663659700E+02  0.133850448540E+02  0.100000000000E+01
  0.117615507740E+02 -0.330663659700E+02  0.133850448540E+02  0.707109681742E+00
  0.117615507740E+02 -0.330663659700E+02  0.133850448540E+02  0.100000000000E+01
  0.116738721960E+02 -0.329829892360E+02  0.133895987820E+02  0.100000000000E+01
  0.116599253120E+02 -0.330035737320E+02  0.132316195650E+02  0.707107132881E+00
  0.117254016690E+02 -0.330897021140E+02  0.131163146780E+02  0.100000000000E+01
  0.119717689510E+02 -0.333470147950E+02  0.129954960110E+02  0.707105131912E+00
  0.120775176590E+02 -0.333668220800E+02  0.133686347910E+02  0.100000000000E+01
  0.120441536160E+02 -0.332626063210E+02  0.137102613740E+02  0.707105178253E+00
  0.117877794140E+02 -0.330494313030E+02  0.135800257100E+02  0.100000000000E+01
  0.117032604310E+02 -0.329846559140E+02  0.135112918750E+02  0.707109681742E+00
  0.116738721960E+02 -0.329829892360E+02  0.133895987820E+02  0.100000000000E+01
  0.119626497080E+02 -0.328422229220E+02  0.133439580850E+02  0.100000000000E+01
  0.119626497080E+02 -0.328422229220E+02  0.133439580850E+02  0.707106812982E+00
  0.119626497080E+02 -0.328422229220E+02  0.133439580850E+02  0.100000000000E+01
  0.119626497080E+02 -0.328422229220E+02  0.133439580850E+02  0.707107874614E+00
  0.119626497080E+02 -0.328422229220E+02  0.133439580850E+02  0.100000000000E+01
  0.119626497080E+02 -0.328422229220E+02  0.133439580850E+02  0.707107236980E+00
  0.119626497080E+02 -0.328422229220E+02  0.133439580850E+02  0.100000000000E+01
  0.119626497080E+02 -0.328422229220E+02  0.133439580850E+02  0.707105200209E+00
  0.119626497080E+02 -0.328422229220E+02  0.133439580850E+02  0.100000000000E+01
  0.118703639910E+02 -0.327624310140E+02  0.133493372220E+02  0.100000000000E+01
  0.118640436230E+02 -0.327783175790E+02  0.132113500190E+02  0.707106812982E+00
  0.119384175880E+02 -0.328554251460E+02  0.131240630550E+02  0.100000000000E+01
  0.121386857060E+02 -0.330369502870E+02  0.130581751260E+02  0.707107874614E+00
  0.122179171740E+02 -0.330629374570E+02  0.133290783460E+02  0.100000000000E+01
  0.122135709640E+02 -0.330127014120E+02  0.136305070300E+02  0.707107236980E+00
  0.119883541080E+02 -0.328282205640E+02  0.135772196190E+02  0.100000000000E+01
  0.118752824050E+02 -0.327423894170E+02  0.135064756860E+02  0.707105200209E+00
  0.118703639910E+02 -0.327624310140E+02  0.133493372220E+02  0.100000000000E+01
  0.121537656210E+02 -0.326077787430E+02  0.133143174990E+02  0.100000000000E+01
  0.121537656210E+02 -0.326077787430E+02  0.133143174990E+02  0.707104674945E+00
  0.121537656210E+02 -0.326077787430E+02  0.133143174990E+02  0.100000000000E+01
  0.121537656210E+02 -0.326077787430E+02  0.133143174990E+02  0.707108400663E+00
  0.121537656210E+02 -0.326077787430E+02  0.133143174990E+02  0.100000000000E+01
  0.121537656210E+02 -0.326077787430E+02  0.133143174990E+02  0.707108322595E+00
  0.121537656210E+02 -0.326077787430E+02  0.133143174990E+02  0.100000000000E+01
  0.121537656210E+02 -0.326077787430E+02  0.133143174990E+02  0.707105726583E+00
  0.121537656210E+02 -0.326077787430E+02  0.133143174990E+02  0.100000000000E+01
  0.120244885210E+02 -0.325066033830E+02  0.133223439740E+02  0.100000000000E+01
  0.120300703580E+02 -0.325261014460E+02  0.131704526160E+02  0.707104674945E+00
  0.121356513290E+02 -0.326144501350E+02  0.131066314500E+02  0.100000000000E+01
  0.123118403340E+02 -0.327535079450E+02  0.130840148410E+02  0.707108400663E+00
  0.123890606010E+02 -0.327919308970E+02  0.132997092160E+02  0.100000000000E+01
  0.123960451550E+02 -0.327701972010E+02  0.135717251390E+02  0.707108322595E+00
  0.121776037700E+02 -0.325990032090E+02  0.135876285590E+02  0.100000000000E+01
  0.120118426750E+02 -0.324748993940E+02  0.135415580460E+02  0.707105726583E+00
  0.120244885210E+02 -0.325066033830E+02  0.133223439740E+02  0.100000000000E+01
  0.123341873870E+02 -0.323638851460E+02  0.132960601600E+02  0.100000000000E+01
  0.123341873870E+02 -0.323638851460E+02  0.132960601600E+02  0.707107110737E+00
  0.123341873870E+02 -0.323638851460E+02  0.132960601600E+02  0.100000000000E+01
  0.123341873870E+02 -0.323638851460E+02  0.132960601600E+02  0.707105291037E+00
  0.123341873870E+02 -0.323638851460E+02  0.132960601600E+02  0.100000000000E+01
  0.123341873870E+02 -0.323638851460E+02  0.132960601600E+02  0.707106545602E+00
  0.123341873870E+02 -0.323638851460E+02  0.132960601600E+02  0.100000000000E+01
  0.123341873870E+02 -0.323638851460E+02  0.132960601600E+02  0.707108177390E+00
  0.123341873870E+02 -0.323638851460E+02  0.132960601600E+02  0.100000000000E+01
  0.121416015720E+02 -0.322275114320E+02  0.133082817160E+02  0.100000000000E+01
  0.121630544910E+02 -0.322525452530E+02  0.131146037140E+02  0.707107110737E+00
  0.123195418010E+02 -0.323648315680E+02  0.130758413580E+02  0.100000000000E+01
  0.124853039120E+02 -0.324812543350E+02  0.130839907210E+02  0.707105291037E+00
  0.125440289490E+02 -0.325124754360E+02  0.132827443850E+02  0.100000000000E+01
  0.125460770660E+02 -0.325018089600E+02  0.135193610960E+02  0.707106545602E+00
  0.123516443180E+02 -0.323627545770E+02  0.135585490670E+02  0.100000000000E+01
  0.121616257100E+02 -0.322296993960E+02  0.135413094280E+02  0.707108177390E+00
  0.121416015720E+02 -0.322275114320E+02  0.133082817160E+02  0.100000000000E+01
  0.125037122260E+02 -0.321117355750E+02  0.132886918090E+02  0.100000000000E+01
  0.125037122260E+02 -0.321117355750E+02  0.132886918090E+02  0.707105863673E+00
  0.125037122260E+02 -0.321117355750E+02  0.132886918090E+02  0.100000000000E+01
  0.125037122260E+02 -0.321117355750E+02  0.132886918090E+02  0.707108518147E+00
  0.125037122260E+02 -0.321117355750E+02  0.132886918090E+02  0.100000000000E+01
  0.125037122260E+02 -0.321117355750E+02  0.132886918090E+02  0.707107551731E+00
  0.125037122260E+02 -0.321117355750E+02  0.132886918090E+02  0.100000000000E+01
  0.125037122260E+02 -0.321117355750E+02  0.132886918090E+02  0.707105191194E+00
  0.125037122260E+02 -0.321117355750E+02  0.132886918090E+02  0.100000000000E+01
  0.123008120450E+02 -0.319814828330E+02  0.133014469650E+02  0.100000000000E+01
  0.123107040460E+02 -0.319896486350E+02  0.130855624670E+02  0.707105863673E+00
  0.124936552140E+02 -0.321070390390E+02  0.130807416490E+02  0.100000000000E+01
  0.126402676550E+02 -0.322008301170E+02  0.131103840580E+02  0.707108518147E+00
  0.126602364620E+02 -0.322122178100E+02  0.132788515900E+02  0.100000000000E+01
  0.126530173060E+02 -0.322061250240E+02  0.134522239850E+02  0.707107551731E+00
  0.125143159000E+02 -0.321166884790E+02  0.135079269410E+02  0.100000000000E+01
  0.123216245520E+02 -0.319928390120E+02  0.135378150110E+02  0.707105191194E+00
  0.123008120450E+02 -0.319814828330E+02  0.133014469650E+02  0.100000000000E+01
           1
           2
           3
           4
           5
           6
           7
           8
           9
          10
          11
          12
          13
          14
          15
          16
          17
          18
          19
          20
          21
          22
          23
          24
          25
          26
          27
          28
          29
          30
          31
          32
          33
          34
          35
          36
          37
          38
          39
          40
          41
          42
          43
          44
          45
          46
          47
          48
          49
          50
          51
          52
          53
          54
          55
          56
          57
          58
          59
          60
          61
          62
          63
          64
          65
          66
          67
          68
          69
          70
          71
          72
          73
          74
          75
          76
          77
          78
          79
          80
          81
          82
          83
          84
          85
          86
          87
          88
          89
          90
          91
          92
          93
          94
          95
          96
          97
          98
          99
         100
         101
         102
         103
         104
         105
         106
         107
         108
         109
         110
         111
         112
         113
         114
         115
         116
         117
         118
         119
         120
         121
         122
         123
         124
         125
         126
         127
         128
         129
         130
         131
         132
         133
         134
         135
         136
         137
         138
         139
         140
         141
         142
         143
         144
         145
         146
         147
         148
         149
         150
         151
         152
         153
         154
         155
         156
         157
         158
         159
         160
         161
         162
         163
         164
         165
         166
         167
         168
         169
         170
         171
         172
         173
         174
         175
         176
         177
         178
         179
         180
         181
         182
         183
         184
         185
         186
         187
         188
         189
         190
         191
         192
         193
         194
         195
         196
         197
         198
         199
         200
         201
         202
         203
         204
         205
         206
         207
         208
         209
         210
         211
         212
         213
         214
         215
         216
         217
         218
         219
         220
         221
         222
         223
         224
         225
         226
         227
         228
         229
         230
         231
         232
         233
         234
         235
         236
         237
         238
         239
         240
         241
         242
         243
         244
         245
         246
         247
         248
         249
         250
         251
         252
         253
         254
         255
         256
         257
         258
         259
         260
         261
         262
         263
         264
         265
         266
         267
         268
         269
         270
         271
         272
         273
         274
         275
         276
         277
         278
         279
         280
         281
         282
         283
         284
         285
         286
         287
         288
         289
         290
         291
         292
         293
         294
         295
         296
         297
         298
         299
         300
         301
         302
         303
         304
         305
         306
         307
         308
         309
         310
         311
         312
         313
         314
         315
         316
         317
         318
         319
         320
         321
         322
         323
         324
         325
         326
         327
         328
         329
         330
         331
         332
         333
         334
         335
         336
         337
         338
         339
         340
         341
         342
         343
         344
         345
         346
         347
         348
         349
         350
         351
         352
         353
         354
         355
         356
         357
         358
         359
         360
         361
         362
         363
         364
         365
         366
         367
         368
         369
         370
         371
         372
         373
         374
         375
         376
         377
         378
         379
         380
         381
         382
         383
         384
         385
         386
         387
         388
         389
         390
         391
         392
         393
         394
         395
         396
 1 0 0
 0 0 0
 0 0 0
 0 0 0
 0 0 0
 0 0 0
 0 0 0
 0 0 0
 0 0 0
 0 0 0
 0 0 0
 0 0 0
 0 0 0
 0 0 0
 0 0 0
 0 0 0
 0 0 0
 0 0 0
 0 0 0
 0 0 0
 0 0 0
 0 0 0
 0 0 0
 0 0 0
 0 0 0
 0 0 0
 0 0 0
 0 0 0
 0 0 0
 0 0 0
 0 0 0
 0 0 0
 0 0 0
 0 0 0
 0 0 0
 0 0 0
 0 0 0
 0 0 0
 0 0 0
 0 0 0
 0 0 0
 0 0 0
 0 0 0
 0 0 0
 0 0 0
 0 0 0
 0 0 0
 0 0 0
 0 0 0
 0 0 0
 0 0 0
 0 0 0
 0 0 0
 0 0 0
 0 0 0
 0 0 0
 0 0 0
 0 0 0
 0 0 0
 0 0 0
 0 0 0
 0 0 0
 0 0 0
 0 0 0
 0 0 0
 0 0 0
 0 0 0
 0 0 0
 0 0 0
 0 0 0
 0 0 0
 0 0 0
 0 0 0
 0 0 0
 0 0 0
 0 0 0
 0 0 0
 0 0 0
 0 0 0
 0 0 0
 0 0 0
 0 0 0
 0 0 0
 0 0 0
 0 0 0
 0 0 0
 0 0 0
 0 0 0
 0 0 0
 0 0 0
 0 0 0
 0 0 0
 0 0 0
 0 0 0
 0 0 0
 0 0 0
 0 0 0
 0 0 0
 0 0 0
 0 0 0
 0 0 0
 0 0 0
 0 0 0
 0 0 0
 0 0 0
 0 0 0
 0 0 0
 0 0 0
 0 0 0
 0 0 0
 0 0 0
 0 0 0
 0 0 0
 0 0 0
 0 0 0
 0 0 0
 0 0 0
 0 0 0
 0 0 0
 0 0 0
 0 0 0
 0 0 0
 0 0 0
 0 0 0
 0 0 0
 0 0 0
 0 0 0
 0 0 0
 0 0 0
 0 0 0
 0 0 0
 0 0 0
 0 0 0
 0 0 0
 0 0 0
 0 0 0
 0 0 0
 0 0 0
 0 0 0
 0 0 0
 0 0 0
 0 0 0
 0 0 0
 0 0 0
 0 0 0
 0 0 0
 0 0 0
 0 0 0
 0 0 0
 0 0 0
 0 0 0
 0 0 0
 0 0 0
 0 0 0
 0 0 0
 0 0 0
 0 0 0
 0 0 0
 0 0 0
 0 0 0
 0 0 0
 0 0 0
 0 0 0
 0 0 0
 0 0 0
 0 0 0
 0 0 0
 0 0 0
 0 0 0
 0 0 0
 0 0 0
 0 0 0
 0 0 0
 0 0 0
 0 0 0
 0 0 0
 0 0 0
 0 0 0
 0 0 0
 0 0 0
 0 0 0
 0 0 0
 0 0 0
 0 0 0
 0 0 0
 0 0 0
 0 0 0
 0 0 0
 0 0 0
 0 0 0
 0 0 0
 0 0 0
 0 0 0
 0 0 0
 0 0 0
 0 0 0
 0 0 0
 0 0 0
 0 0 0
 0 0 0
 0 0 0
 0 0 0
 0 0 0
 0 0 0
 0 0 0
 0 0 0
 0 0 0
 0 0 0
 0 0 0
 0 0 0
 0 0 0
 0 0 0
 0 0 0
 0 0 0
 0 0 0
 0 0 0
 0 0 0
 0 0 0
 0 0 0
 0 0 0
 0 0 0
 0 0 0
 0 0 0
 0 0 0
 0 0 0
 0 0 0
 0 0 0
 0 0 0
 0 0 0
 0 0 0
 0 0 0
 0 0 0
 0 0 0
 0 0 0
 0 0 0
 0 0 0
 0 0 0
 0 0 0
 0 0 0
 0 0 0
 0 0 0
 0 0 0
 0 0 0
 0 0 0
 0 0 0
 0 0 0
 0 0 0
 0 0 0
 0 0 0
 0 0 0
 0 0 0
 0 0 0
 0 0 0
 0 0 0
 0 0 0
 0 0 0
 0 0 0
 0 0 0
 0 0 0
 0 0 0
 0 0 0
 0 0 0
 0 0 0
 0 0 0
 0 0 0
 0 0 0
 0 0 0
 0 0 0
 0 0 0
 0 0 0
 0 0 0
 0 0 0
 0 0 0
 0 0 0
 0 0 0
 0 0 0
 0 0 0
 0 0 0
 0 0 0
 0 0 0
 0 0 0
 0 0 0
 0 0 0
 0 0 0
 0 0 0
 0 0 0
 0 0 0
 0 0 0
 0 0 0
 0 0 0
 0 0 0
 0 0 0
 0 0 0
 0 0 0
 0 0 0
 0 0 0
 0 0 0
 0 0 0
 0 0 0
 0 0 0
 0 0 0
 0 0 0
 0 0 0
 0 0 0
 0 0 0
 0 0 0
 0 0 0
 0 0 0
 0 0 0
 0 0 0
 0 0 0
 0 0 0
 0 0 0
 0 0 0
 0 0 0
 0 0 0
 0 0 0
 0 0 0
 0 0 0
 0 0 0
 0 0 0
 0 0 0
 0 0 0
 0 0 0
 0 0 0
 0 0 0
 0 0 0
 0 0 0
 0 0 0
 0 0 0
 0 0 0
 0 0 0
 0 0 0
 0 0 0
 0 0 0
 0 0 0
 0 0 0
 0 0 0
 0 0 0
 0 0 0
 0 0 0
 0 0 0
 0 0 0
 0 0 0
 0 0 0
 0 0 0
 0 0 0
 0 0 0
 0 0 0
 0 0 0
 0 0 0
 0 0 0
 0 0 0
 0 0 0
 0 0 0
 0 0 0
 0 0 0
 0 0 0
 0 0 0
 0 0 0
 0 0 0
 0 0 0
 0 0 0
 0 0 0
 0 0 0
 0 0 0
 0 0 0
 0 0 0
 0 0 0
 0 0 0
 0 0 0
 0 0 0
 0 0 0
 0 0 0
 0 0 0
 0 0 0
 0 0 0
 0 0 0
 0 0 0
 0 0 0
 0 0 0
 0 0 0
 0 0 0
 0 0 0
 0 0 0
 0 0 0
 0 0 0
 0 0 0
 0 0 0
 0 0 0
 0 0 0
 0 0 0
 0 0 0
 0 0 0
 0 0 0
 0 0 0
 0 0 0
  0.000000000  0.000000000  0.000000000
  0.000000000  0.000000000  0.000000000
  0.000000000  0.000000000  0.000000000
  0.000000000  0.000000000  0.000000000
  0.000000000  0.000000000  0.000000000
  0.000000000  0.000000000  0.000000000
  0.000000000  0.000000000  0.000000000
  0.000000000  0.000000000  0.000000000
  0.000000000  0.000000000  0.000000000
  0.000000000  0.000000000  0.000000000
  0.000000000  0.000000000  0.000000000
  0.000000000  0.000000000  0.000000000
  0.000000000  0.000000000  0.000000000
  0.000000000  0.000000000  0.000000000
  0.000000000  0.000000000  0.000000000
  0.000000000  0.000000000  0.000000000
  0.000000000  0.000000000  0.000000000
  0.000000000  0.000000000  0.000000000
  0.000000000  0.000000000  0.000000000
  0.000000000  0.000000000  0.000000000
  0.000000000  0.000000000  0.000000000
  0.000000000  0.000000000  0.000000000
  0.000000000  0.000000000  0.000000000
  0.000000000  0.000000000  0.000000000
  0.000000000  0.000000000  0.000000000
  0.000000000  0.000000000  0.000000000
  0.000000000  0.000000000  0.000000000
  0.000000000  0.000000000  0.000000000
  0.000000000  0.000000000  0.000000000
  0.000000000  0.000000000  0.000000000
  0.000000000  0.000000000  0.000000000
  0.000000000  0.000000000  0.000000000
  0.000000000  0.000000000  0.000000000
  0.000000000  0.000000000  0.000000000
  0.000000000  0.000000000  0.000000000
  0.000000000  0.000000000  0.000000000
  0.000000000  0.000000000  0.000000000
  0.000000000  0.000000000  0.000000000
  0.000000000  0.000000000  0.000000000
  0.000000000  0.000000000  0.000000000
  0.000000000  0.000000000  0.000000000
  0.000000000  0.000000000  0.000000000
  0.000000000  0.000000000  0.000000000
  0.000000000  0.000000000  0.000000000
  0.000000000  0.000000000  0.000000000
  0.000000000  0.000000000  0.000000000
  0.000000000  0.000000000  0.000000000
  0.000000000  0.000000000  0.000000000
  0.000000000  0.000000000  0.000000000
  0.000000000  0.000000000  0.000000000
  0.000000000  0.000000000  0.000000000
  0.000000000  0.000000000  0.000000000
  0.000000000  0.000000000  0.000000000
  0.000000000  0.000000000  0.000000000
  0.000000000  0.000000000  0.000000000
  0.000000000  0.000000000  0.000000000
  0.000000000  0.000000000  0.000000000
  0.000000000  0.000000000  0.000000000
  0.000000000  0.000000000  0.000000000
  0.000000000  0.000000000  0.000000000
  0.000000000  0.000000000  0.000000000
  0.000000000  0.000000000  0.000000000
  0.000000000  0.000000000  0.000000000
  0.000000000  0.000000000  0.000000000
  0.000000000  0.000000000  0.000000000
  0.000000000  0.000000000  0.000000000
  0.000000000  0.000000000  0.000000000
  0.000000000  0.000000000  0.000000000
  0.000000000  0.000000000  0.000000000
  0.000000000  0.000000000  0.000000000
  0.000000000  0.000000000  0.000000000
  0.000000000  0.000000000  0.000000000
  0.000000000  0.000000000  0.000000000
  0.000000000  0.000000000  0.000000000
  0.000000000  0.000000000  0.000000000
  0.000000000  0.000000000  0.000000000
  0.000000000  0.000000000  0.000000000
  0.000000000  0.000000000  0.000000000
  0.000000000  0.000000000  0.000000000
  0.000000000  0.000000000  0.000000000
  0.000000000  0.000000000  0.000000000
  0.000000000  0.000000000  0.000000000
  0.000000000  0.000000000  0.000000000
  0.000000000  0.000000000  0.000000000
  0.000000000  0.000000000  0.000000000
  0.000000000  0.000000000  0.000000000
  0.000000000  0.000000000  0.000000000
  0.000000000  0.000000000  0.000000000
  0.000000000  0.000000000  0.000000000
  0.000000000  0.000000000  0.000000000
  0.000000000  0.000000000  0.000000000
  0.000000000  0.000000000  0.000000000
  0.000000000  0.000000000  0.000000000
  0.000000000  0.000000000  0.000000000
  0.000000000  0.000000000  0.000000000
  0.000000000  0.000000000  0.000000000
  0.000000000  0.000000000  0.000000000
  0.000000000  0.000000000  0.000000000
  0.000000000  0.000000000  0.000000000
  0.000000000  0.000000000  0.000000000
  0.000000000  0.000000000  0.000000000
  0.000000000  0.000000000  0.000000000
  0.000000000  0.000000000  0.000000000
  0.000000000  0.000000000  0.000000000
  0.000000000  0.000000000  0.000000000
  0.000000000  0.000000000  0.000000000
  0.000000000  0.000000000  0.000000000
  0.000000000  0.000000000  0.000000000
  0.000000000  0.000000000  0.000000000
  0.000000000  0.000000000  0.000000000
  0.000000000  0.000000000  0.000000000
  0.000000000  0.000000000  0.000000000
  0.000000000  0.000000000  0.000000000
  0.000000000  0.000000000  0.000000000
  0.000000000  0.000000000  0.000000000
  0.000000000  0.000000000  0.000000000
  0.000000000  0.000000000  0.000000000
  0.000000000  0.000000000  0.000000000
  0.000000000  0.000000000  0.000000000
  0.000000000  0.000000000  0.000000000
  0.000000000  0.000000000  0.000000000
  0.000000000  0.000000000  0.000000000
  0.000000000  0.000000000  0.000000000
  0.000000000  0.000000000  0.000000000
  0.000000000  0.000000000  0.000000000
  0.000000000  0.000000000  0.000000000
  0.000000000  0.000000000  0.000000000
  0.000000000  0.000000000  0.000000000
  0.000000000  0.000000000  0.000000000
  0.000000000  0.000000000  0.000000000
  0.000000000  0.000000000  0.000000000
  0.000000000  0.000000000  0.000000000
  0.000000000  0.000000000  0.000000000
  0.000000000  0.000000000  0.000000000
  0.000000000  0.000000000  0.000000000
  0.000000000  0.000000000  0.000000000
  0.000000000  0.000000000  0.000000000
  0.000000000  0.000000000  0.000000000
  0.000000000  0.000000000  0.000000000
  0.000000000  0.000000000  0.000000000
  0.000000000  0.000000000  0.000000000
  0.000000000  0.000000000  0.000000000
  0.000000000  0.000000000  0.000000000
  0.000000000  0.000000000  0.000000000
  0.000000000  0.000000000  0.000000000
  0.000000000  0.000000000  0.000000000
  0.000000000  0.000000000  0.000000000
  0.000000000  0.000000000  0.000000000
  0.000000000  0.000000000  0.000000000
  0.000000000  0.000000000  0.000000000
  0.000000000  0.000000000  0.000000000
  0.000000000  0.000000000  0.000000000
  0.000000000  0.000000000  0.000000000
  0.000000000  0.000000000  0.000000000
  0.000000000  0.000000000  0.000000000
  0.000000000  0.000000000  0.000000000
  0.000000000  0.000000000  0.000000000
  0.000000000  0.000000000  0.000000000
  0.000000000  0.000000000  0.000000000
  0.000000000  0.000000000  0.000000000
  0.000000000  0.000000000  0.000000000
  0.000000000  0.000000000  0.000000000
  0.000000000  0.000000000  0.000000000
  0.000000000  0.000000000  0.000000000
  0.000000000  0.000000000  0.000000000
  0.000000000  0.000000000  0.000000000
  0.000000000  0.000000000  0.000000000
  0.000000000  0.000000000  0.000000000
  0.000000000  0.000000000  0.000000000
  0.000000000  0.000000000  0.000000000
  0.000000000  0.000000000  0.000000000
  0.000000000  0.000000000  0.000000000
  0.000000000  0.000000000  0.000000000
  0.000000000  0.000000000  0.000000000
  0.000000000  0.000000000  0.000000000
  0.000000000  0.000000000  0.000000000
  0.000000000  0.000000000  0.000000000
  0.000000000  0.000000000  0.000000000
  0.000000000  0.000000000  0.000000000
  0.000000000  0.000000000  0.000000000
  0.000000000  0.000000000  0.000000000
  0.000000000  0.000000000  0.000000000
  0.000000000  0.000000000  0.000000000
  0.000000000  0.000000000  0.000000000
  0.000000000  0.000000000  0.000000000
  0.000000000  0.000000000  0.000000000
  0.000000000  0.000000000  0.000000000
  0.000000000  0.000000000  0.000000000
  0.000000000  0.000000000  0.000000000
  0.000000000  0.000000000  0.000000000
  0.000000000  0.000000000  0.000000000
  0.000000000  0.000000000  0.000000000
  0.000000000  0.000000000  0.000000000
  0.000000000  0.000000000  0.000000000
  0.000000000  0.000000000  0.000000000
  0.000000000  0.000000000  0.000000000
  0.000000000  0.000000000  0.000000000
  0.000000000  0.000000000  0.000000000
  0.000000000  0.000000000  0.000000000
  0.000000000  0.000000000  0.000000000
  0.000000000  0.000000000  0.000000000
  0.000000000  0.000000000  0.000000000
  0.000000000  0.000000000  0.000000000
  0.000000000  0.000000000  0.000000000
  0.000000000  0.000000000  0.000000000
  0.000000000  0.000000000  0.000000000
  0.000000000  0.000000000  0.000000000
  0.000000000  0.000000000  0.000000000
  0.000000000  0.000000000  0.000000000
  0.000000000  0.000000000  0.000000000
  0.000000000  0.000000000  0.000000000
  0.000000000  0.000000000  0.000000000
  0.000000000  0.000000000  0.000000000
  0.000000000  0.000000000  0.000000000
  0.000000000  0.000000000  0.000000000
  0.000000000  0.000000000  0.000000000
  0.000000000  0.000000000  0.000000000
  0.000000000  0.000000000  0.000000000
  0.000000000  0.000000000  0.000000000
  0.000000000  0.000000000  0.000000000
  0.000000000  0.000000000  0.000000000
  0.000000000  0.000000000  0.000000000
  0.000000000  0.000000000  0.000000000
  0.000000000  0.000000000  0.000000000
  0.000000000  0.000000000  0.000000000
  0.000000000  0.000000000  0.000000000
  0.000000000  0.000000000  0.000000000
  0.000000000  0.000000000  0.000000000
  0.000000000  0.000000000  0.000000000
  0.000000000  0.000000000  0.000000000
  0.000000000  0.000000000  0.000000000
  0.000000000  0.000000000  0.000000000
  0.000000000  0.000000000  0.000000000
  0.000000000  0.000000000  0.000000000
  0.000000000  0.000000000  0.000000000
  0.000000000  0.000000000  0.000000000
  0.000000000  0.000000000  0.000000000
  0.000000000  0.000000000  0.000000000
  0.000000000  0.000000000  0.000000000
  0.000000000  0.000000000  0.000000000
  0.000000000  0.000000000  0.000000000
  0.000000000  0.000000000  0.000000000
  0.000000000  0.000000000  0.000000000
  0.000000000  0.000000000  0.000000000
  0.000000000  0.000000000  0.000000000
  0.000000000  0.000000000  0.000000000
  0.000000000  0.000000000  0.000000000
  0.000000000  0.000000000  0.000000000
  0.000000000  0.000000000  0.000000000
  0.000000000  0.000000000  0.000000000
  0.000000000  0.000000000  0.000000000
  0.000000000  0.000000000  0.000000000
  0.000000000  0.000000000  0.000000000
  0.000000000  0.000000000  0.000000000
  0.000000000  0.000000000  0.000000000
  0.000000000  0.000000000  0.000000000
  0.000000000  0.000000000  0.000000000
  0.000000000  0.000000000  0.000000000
  0.000000000  0.000000000  0.000000000
  0.000000000  0.000000000  0.000000000
  0.000000000  0.000000000  0.000000000
  0.000000000  0.000000000  0.000000000
  0.000000000  0.000000000  0.000000000
  0.000000000  0.000000000  0.000000000
  0.000000000  0.000000000  0.000000000
  0.000000000  0.000000000  0.000000000
  0.000000000  0.000000000  0.000000000
  0.000000000  0.000000000  0.000000000
  0.000000000  0.000000000  0.000000000
  0.000000000  0.000000000  0.000000000
  0.000000000  0.000000000  0.000000000
  0.000000000  0.000000000  0.000000000
  0.000000000  0.000000000  0.000000000
  0.000000000  0.000000000  0.000000000
  0.000000000  0.000000000  0.000000000
  0.000000000  0.000000000  0.000000000
  0.000000000  0.000000000  0.000000000
  0.000000000  0.000000000  0.000000000
  0.000000000  0.000000000  0.000000000
  0.000000000  0.000000000  0.000000000
  0.000000000  0.000000000  0.000000000
  0.000000000  0.000000000  0.000000000
  0.000000000  0.000000000  0.000000000
  0.000000000  0.000000000  0.000000000
  0.000000000  0.000000000  0.000000000
  0.000000000  0.000000000  0.000000000
  0.000000000  0.000000000  0.000000000
  0.000000000  0.000000000  0.000000000
  0.000000000  0.000000000  0.000000000
  0.000000000  0.000000000  0.000000000
  0.000000000  0.000000000  0.000000000
  0.000000000  0.000000000  0.000000000
  0.000000000  0.000000000  0.000000000
  0.000000000  0.000000000  0.000000000
  0.000000000  0.000000000  0.000000000
  0.000000000  0.000000000  0.000000000
  0.000000000  0.000000000  0.000000000
  0.000000000  0.000000000  0.000000000
  0.000000000  0.000000000  0.000000000
  0.000000000  0.000000000  0.000000000
  0.000000000  0.000000000  0.000000000
  0.000000000  0.000000000  0.000000000
  0.000000000  0.000000000  0.000000000
  0.000000000  0.000000000  0.000000000
  0.000000000  0.000000000  0.000000000
  0.000000000  0.000000000  0.000000000
  0.000000000  0.000000000  0.000000000
  0.000000000  0.000000000  0.000000000
  0.000000000  0.000000000  0.000000000
  0.000000000  0.000000000  0.000000000
  0.000000000  0.000000000  0.000000000
  0.000000000  0.000000000  0.000000000
  0.000000000  0.000000000  0.000000000
  0.000000000  0.000000000  0.000000000
  0.000000000  0.000000000  0.000000000
  0.000000000  0.000000000  0.000000000
  0.000000000  0.000000000  0.000000000
  0.000000000  0.000000000  0.000000000
  0.000000000  0.000000000  0.000000000
  0.000000000  0.000000000  0.000000000
  0.000000000  0.000000000  0.000000000
  0.000000000  0.000000000  0.000000000
  0.000000000  0.000000000  0.000000000
  0.000000000  0.000000000  0.000000000
  0.000000000  0.000000000  0.000000000
  0.000000000  0.000000000  0.000000000
  0.000000000  0.000000000  0.000000000
  0.000000000  0.000000000  0.000000000
  0.000000000  0.000000000  0.000000000
  0.000000000  0.000000000  0.000000000
  0.000000000  0.000000000  0.000000000
  0.000000000  0.000000000  0.000000000
  0.000000000  0.000000000  0.000000000
  0.000000000  0.000000000  0.000000000
  0.000000000  0.000000000  0.000000000
  0.000000000  0.000000000  0.000000000
  0.000000000  0.000000000  0.000000000
  0.000000000  0.000000000  0.000000000
  0.000000000  0.000000000  0.000000000
  0.000000000  0.000000000  0.000000000
  0.000000000  0.000000000  0.000000000
  0.000000000  0.000000000  0.000000000
  0.000000000  0.000000000  0.000000000
  0.000000000  0.000000000  0.000000000
  0.000000000  0.000000000  0.000000000
  0.000000000  0.000000000  0.000000000
  0.000000000  0.000000000  0.000000000
  0.000000000  0.000000000  0.000000000
  0.000000000  0.000000000  0.000000000
  0.000000000  0.000000000  0.000000000
  0.000000000  0.000000000  0.000000000
  0.000000000  0.000000000  0.000000000
  0.000000000  0.000000000  0.000000000
  0.000000000  0.000000000  0.000000000
  0.000000000  0.000000000  0.000000000
  0.000000000  0.000000000  0.000000000
  0.000000000  0.000000000  0.000000000
  0.000000000  0.000000000  0.000000000
  0.000000000  0.000000000  0.000000000
  0.000000000  0.000000000  0.000000000
  0.000000000  0.000000000  0.000000000
  0.000000000  0.000000000  0.000000000
  0.000000000  0.000000000  0.000000000
  0.000000000  0.000000000  0.000000000
  0.000000000  0.000000000  0.000000000
  0.000000000  0.000000000  0.000000000
  0.000000000  0.000000000  0.000000000
  0.000000000  0.000000000  0.000000000
  0.000000000  0.000000000  0.000000000
  0.000000000  0.000000000  0.000000000
  0.000000000  0.000000000  0.000000000
  0.000000000  0.000000000  0.000000000
  0.000000000  0.000000000  0.000000000
  0.000000000  0.000000000  0.000000000
  0.000000000  0.000000000  0.000000000
  0.000000000  0.000000000  0.000000000
  0.000000000  0.000000000  0.000000000
  0.000000000  0.000000000  0.000000000
  0.000000000  0.000000000  0.000000000
  0.000000000  0.000000000  0.000000000
  0.000000000  0.000000000  0.000000000
  0.000000000  0.000000000  0.000000000
  0.000000000  0.000000000  0.000000000
  0.000000000  0.000000000  0.000000000
  0.000000000  0.000000000  0.000000000
  0.000000000  0.000000000  0.000000000
  0.000000000  0.000000000  0.000000000
  0.000000000  0.000000000  0.000000000
  0.000000000  0.000000000  0.000000000
  0.000000000  0.000000000  0.000000000
  0.000000000  0.000000000  0.000000000
  0.000000000  0.000000000  0.000000000
  0.000000000  0.000000000  0.000000000
  0.000000000  0.000000000  0.000000000
  0.000000000  0.000000000  0.000000000
  0.000000000  0.000000000  0.000000000
 0 0 0
 0 0 0
 0 0 0
 0 0 0
 0 0 0
 0 0 0
 0 0 0
 0 0 0
 0 0 0
 0 0 0
 0 0 0
 0 0 0
 0 0 0
 0 0 0
 0 0 0
 0 0 0
 0 0 0
 0 0 0
 0 0 0
 0 0 0
 0 0 0
 0 0 0
 0 0 0
 0 0 0
 0 0 0
 0 0 0
 0 0 0
 0 0 0
 0 0 0
 0 0 0
 0 0 0
 0 0 0
 0 0 0
 0 0 0
 0 0 0
 0 0 0
 0 0 0
 0 0 0
 0 0 0
 0 0 0
 0 0 0
 0 0 0
 0 0 0
 0 0 0
 0 0 0
 0 0 0
 0 0 0
 0 0 0
 0 0 0
 0 0 0
 0 0 0
 0 0 0
 0 0 0
 0 0 0
 0 0 0
 0 0 0
 0 0 0
 0 0 0
 0 0 0
 0 0 0
 0 0 0
 0 0 0
 0 0 0
 0 0 0
 0 0 0
 0 0 0
 0 0 0
 0 0 0
 0 0 0
 0 0 0
 0 0 0
 0 0 0
 0 0 0
 0 0 0
 0 0 0
 0 0 0
 0 0 0
 0 0 0
 0 0 0
 0 0 0
 0 0 0
 0 0 0
 0 0 0
 0 0 0
 0 0 0
 0 0 0
 0 0 0
 0 0 0
 0 0 0
 0 0 0
 0 0 0
 0 0 0
 0 0 0
 0 0 0
 0 0 0
 0 0 0
 0 0 0
 0 0 0
 0 0 0
 0 0 0
 0 0 0
 0 0 0
 0 0 0
 0 0 0
 0 0 0
 0 0 0
 0 0 0
 0 0 0
 0 0 0
 0 0 0
 0 0 0
 0 0 0
 0 0 0
 0 0 0
 0 0 0
 0 0 0
 0 0 0
 0 0 0
 0 0 0
 0 0 0
 0 0 0
 0 0 0
 0 0 0
 0 0 0
 0 0 0
 0 0 0
 0 0 0
 0 0 0
 0 0 0
 0 0 0
 0 0 0
 0 0 0
 0 0 0
 0 0 0
 0 0 0
 0 0 0
 0 0 0
 0 0 0
 0 0 0
 0 0 0
 0 0 0
 0 0 0
 0 0 0
 0 0 0
 0 0 0
 0 0 0
 0 0 0
 0 0 0
 0 0 0
 0 0 0
 0 0 0
 0 0 0
 0 0 0
 0 0 0
 0 0 0
 0 0 0
 0 0 0
 0 0 0
 0 0 0
 0 0 0
 0 0 0
 0 0 0
 0 0 0
 0 0 0
 0 0 0
 0 0 0
 0 0 0
 0 0 0
 0 0 0
 0 0 0
 0 0 0
 0 0 0
 0 0 0
 0 0 0
 0 0 0
 0 0 0
 0 0 0
 0 0 0
 0 0 0
 0 0 0
 0 0 0
 0 0 0
 0 0 0
 0 0 0
 0 0 0
 0 0 0
 0 0 0
 0 0 0
 0 0 0
 0 0 0
 0 0 0
 0 0 0
 0 0 0
 0 0 0
 0 0 0
 0 0 0
 0 0 0
 0 0 0
 0 0 0
 0 0 0
 0 0 0
 0 0 0
 0 0 0
 0 0 0
 0 0 0
 0 0 0
 0 0 0
 0 0 0
 0 0 0
 0 0 0
 0 0 0
 0 0 0
 0 0 0
 0 0 0
 0 0 0
 0 0 0
 0 0 0
 0 0 0
 0 0 0
 0 0 0
 0 0 0
 0 0 0
 0 0 0
 0 0 0
 0 0 0
 0 0 0
 0 0 0
 0 0 0
 0 0 0
 0 0 0
 0 0 0
 0 0 0
 0 0 0
 0 0 0
 0 0 0
 0 0 0
 0 0 0
 0 0 0
 0 0 0
 0 0 0
 0 0 0
 0 0 0
 0 0 0
 0 0 0
 0 0 0
 0 0 0
 0 0 0
 0 0 0
 0 0 0
 0 0 0
 0 0 0
 0 0 0
 0 0 0
 0 0 0
 0 0 0
 0 0 0
 0 0 0
 0 0 0
 0 0 0
 0 0 0
 0 0 0
 0 0 0
 0 0 0
 0 0 0
 0 0 0
 0 0 0
 0 0 0
 0 0 0
 0 0 0
 0 0 0
 0 0 0
 0 0 0
 0 0 0
 0 0 0
 0 0 0
 0 0 0
 0 0 0
 0 0 0
 0 0 0
 0 0 0
 0 0 0
 0 0 0
 0 0 0
 0 0 0
 0 0 0
 0 0 0
 0 0 0
 0 0 0
 0 0 0
 0 0 0
 0 0 0
 0 0 0
 0 0 0
 0 0 0
  0.000000000  0.000000000  0.000000000
  0.000000000  0.000000000  0.000000000
  0.000000000  0.000000000  0.000000000
  0.000000000  0.000000000  0.000000000
  0.000000000  0.000000000  0.000000000
  0.000000000  0.000000000  0.000000000
  0.000000000  0.000000000  0.000000000
  0.000000000  0.000000000  0.000000000
  0.000000000  0.000000000  0.000000000
  0.000000000  0.000000000  0.000000000
  0.000000000  0.000000000  0.000000000
  0.000000000  0.000000000  0.000000000
  0.000000000  0.000000000  0.000000000
  0.000000000  0.000000000  0.000000000
  0.000000000  0.000000000  0.000000000
  0.000000000  0.000000000  0.000000000
  0.000000000  0.000000000  0.000000000
  0.000000000  0.000000000  0.000000000
  0.000000000  0.000000000  0.000000000
  0.000000000  0.000000000  0.000000000
  0.000000000  0.000000000  0.000000000
  0.000000000  0.000000000  0.000000000
  0.000000000  0.000000000  0.000000000
  0.000000000  0.000000000  0.000000000
  0.000000000  0.000000000  0.000000000
  0.000000000  0.000000000  0.000000000
  0.000000000  0.000000000  0.000000000
  0.000000000  0.000000000  0.000000000
  0.000000000  0.000000000  0.000000000
  0.000000000  0.000000000  0.000000000
  0.000000000  0.000000000  0.000000000
  0.000000000  0.000000000  0.000000000
  0.000000000  0.000000000  0.000000000
  0.000000000  0.000000000  0.000000000
  0.000000000  0.000000000  0.000000000
  0.000000000  0.000000000  0.000000000
  0.000000000  0.000000000  0.000000000
  0.000000000  0.000000000  0.000000000
  0.000000000  0.000000000  0.000000000
  0.000000000  0.000000000  0.000000000
  0.000000000  0.000000000  0.000000000
  0.000000000  0.000000000  0.000000000
  0.000000000  0.000000000  0.000000000
  0.000000000  0.000000000  0.000000000
  0.000000000  0.000000000  0.000000000
  0.000000000  0.000000000  0.000000000
  0.000000000  0.000000000  0.000000000
  0.000000000  0.000000000  0.000000000
  0.000000000  0.000000000  0.000000000
  0.000000000  0.000000000  0.000000000
  0.000000000  0.000000000  0.000000000
  0.000000000  0.000000000  0.000000000
  0.000000000  0.000000000  0.000000000
  0.000000000  0.000000000  0.000000000
  0.000000000  0.000000000  0.000000000
  0.000000000  0.000000000  0.000000000
  0.000000000  0.000000000  0.000000000
  0.000000000  0.000000000  0.000000000
  0.000000000  0.000000000  0.000000000
  0.000000000  0.000000000  0.000000000
  0.000000000  0.000000000  0.000000000
  0.000000000  0.000000000  0.000000000
  0.000000000  0.000000000  0.000000000
  0.000000000  0.000000000  0.000000000
  0.000000000  0.000000000  0.000000000
  0.000000000  0.000000000  0.000000000
  0.000000000  0.000000000  0.000000000
  0.000000000  0.000000000  0.000000000
  0.000000000  0.000000000  0.000000000
  0.000000000  0.000000000  0.000000000
  0.000000000  0.000000000  0.000000000
  0.000000000  0.000000000  0.000000000
  0.000000000  0.000000000  0.000000000
  0.000000000  0.000000000  0.000000000
  0.000000000  0.000000000  0.000000000
  0.000000000  0.000000000  0.000000000
  0.000000000  0.000000000  0.000000000
  0.000000000  0.000000000  0.000000000
  0.000000000  0.000000000  0.000000000
  0.000000000  0.000000000  0.000000000
  0.000000000  0.000000000  0.000000000
  0.000000000  0.000000000  0.000000000
  0.000000000  0.000000000  0.000000000
  0.000000000  0.000000000  0.000000000
  0.000000000  0.000000000  0.000000000
  0.000000000  0.000000000  0.000000000
  0.000000000  0.000000000  0.000000000
  0.000000000  0.000000000  0.000000000
  0.000000000  0.000000000  0.000000000
  0.000000000  0.000000000  0.000000000
  0.000000000  0.000000000  0.000000000
  0.000000000  0.000000000  0.000000000
  0.000000000  0.000000000  0.000000000
  0.000000000  0.000000000  0.000000000
  0.000000000  0.000000000  0.000000000
  0.000000000  0.000000000  0.000000000
  0.000000000  0.000000000  0.000000000
  0.000000000  0.000000000  0.000000000
  0.000000000  0.000000000  0.000000000
  0.000000000  0.000000000  0.000000000
  0.000000000  0.000000000  0.000000000
  0.000000000  0.000000000  0.000000000
  0.000000000  0.000000000  0.000000000
  0.000000000  0.000000000  0.000000000
  0.000000000  0.000000000  0.000000000
  0.000000000  0.000000000  0.000000000
  0.000000000  0.000000000  0.000000000
  0.000000000  0.000000000  0.000000000
  0.000000000  0.000000000  0.000000000
  0.000000000  0.000000000  0.000000000
  0.000000000  0.000000000  0.000000000
  0.000000000  0.000000000  0.000000000
  0.000000000  0.000000000  0.000000000
  0.000000000  0.000000000  0.000000000
  0.000000000  0.000000000  0.000000000
  0.000000000  0.000000000  0.000000000
  0.000000000  0.000000000  0.000000000
  0.000000000  0.000000000  0.000000000
  0.000000000  0.000000000  0.000000000
  0.000000000  0.000000000  0.000000000
  0.000000000  0.000000000  0.000000000
  0.000000000  0.000000000  0.000000000
  0.000000000  0.000000000  0.000000000
  0.000000000  0.000000000  0.000000000
  0.000000000  0.000000000  0.000000000
  0.000000000  0.000000000  0.000000000
  0.000000000  0.000000000  0.000000000
  0.000000000  0.000000000  0.000000000
  0.000000000  0.000000000  0.000000000
  0.000000000  0.000000000  0.000000000
  0.000000000  0.000000000  0.000000000
  0.000000000  0.000000000  0.000000000
  0.000000000  0.000000000  0.000000000
  0.000000000  0.000000000  0.000000000
  0.000000000  0.000000000  0.000000000
  0.000000000  0.000000000  0.000000000
  0.000000000  0.000000000  0.000000000
  0.000000000  0.000000000  0.000000000
  0.000000000  0.000000000  0.000000000
  0.000000000  0.000000000  0.000000000
  0.000000000  0.000000000  0.000000000
  0.000000000  0.000000000  0.000000000
  0.000000000  0.000000000  0.000000000
  0.000000000  0.000000000  0.000000000
  0.000000000  0.000000000  0.000000000
  0.000000000  0.000000000  0.000000000
  0.000000000  0.000000000  0.000000000
  0.000000000  0.000000000  0.000000000
  0.000000000  0.000000000  0.000000000
  0.000000000  0.000000000  0.000000000
  0.000000000  0.000000000  0.000000000
  0.000000000  0.000000000  0.000000000
  0.000000000  0.000000000  0.000000000
  0.000000000  0.000000000  0.000000000
  0.000000000  0.000000000  0.000000000
  0.000000000  0.000000000  0.000000000
  0.000000000  0.000000000  0.000000000
  0.000000000  0.000000000  0.000000000
  0.000000000  0.000000000  0.000000000
  0.000000000  0.000000000  0.000000000
  0.000000000  0.000000000  0.000000000
  0.000000000  0.000000000  0.000000000
  0.000000000  0.000000000  0.000000000
  0.000000000  0.000000000  0.000000000
  0.000000000  0.000000000  0.000000000
  0.000000000  0.000000000  0.000000000
  0.000000000  0.000000000  0.000000000
  0.000000000  0.000000000  0.000000000
  0.000000000  0.000000000  0.000000000
  0.000000000  0.000000000  0.000000000
  0.000000000  0.000000000  0.000000000
  0.000000000  0.000000000  0.000000000
  0.000000000  0.000000000  0.000000000
  0.000000000  0.000000000  0.000000000
  0.000000000  0.000000000  0.000000000
  0.000000000  0.000000000  0.000000000
  0.000000000  0.000000000  0.000000000
  0.000000000  0.000000000  0.000000000
  0.000000000  0.000000000  0.000000000
  0.000000000  0.000000000  0.000000000
  0.000000000  0.000000000  0.000000000
  0.000000000  0.000000000  0.000000000
  0.000000000  0.000000000  0.000000000
  0.000000000  0.000000000  0.000000000
  0.000000000  0.000000000  0.000000000
  0.000000000  0.000000000  0.000000000
  0.000000000  0.000000000  0.000000000
  0.000000000  0.000000000  0.000000000
  0.000000000  0.000000000  0.000000000
  0.000000000  0.000000000  0.000000000
  0.000000000  0.000000000  0.000000000
  0.000000000  0.000000000  0.000000000
  0.000000000  0.000000000  0.000000000
  0.000000000  0.000000000  0.000000000
  0.000000000  0.000000000  0.000000000
  0.000000000  0.000000000  0.000000000
  0.000000000  0.000000000  0.000000000
  0.000000000  0.000000000  0.000000000
  0.000000000  0.000000000  0.000000000
  0.000000000  0.000000000  0.000000000
  0.000000000  0.000000000  0.000000000
  0.000000000  0.000000000  0.000000000
  0.000000000  0.000000000  0.000000000
  0.000000000  0.000000000  0.000000000
  0.000000000  0.000000000  0.000000000
  0.000000000  0.000000000  0.000000000
  0.000000000  0.000000000  0.000000000
  0.000000000  0.000000000  0.000000000
  0.000000000  0.000000000  0.000000000
  0.000000000  0.000000000  0.000000000
  0.000000000  0.000000000  0.000000000
  0.000000000  0.000000000  0.000000000
  0.000000000  0.000000000  0.000000000
  0.000000000  0.000000000  0.000000000
  0.000000000  0.000000000  0.000000000
  0.000000000  0.000000000  0.000000000
  0.000000000  0.000000000  0.000000000
  0.000000000  0.000000000  0.000000000
  0.000000000  0.000000000  0.000000000
  0.000000000  0.000000000  0.000000000
  0.000000000  0.000000000  0.000000000
  0.000000000  0.000000000  0.000000000
  0.000000000  0.000000000  0.000000000
  0.000000000  0.000000000  0.000000000
  0.000000000  0.000000000  0.000000000
  0.000000000  0.000000000  0.000000000
  0.000000000  0.000000000  0.000000000
  0.000000000  0.000000000  0.000000000
  0.000000000  0.000000000  0.000000000
  0.000000000  0.000000000  0.000000000
  0.000000000  0.000000000  0.000000000
  0.000000000  0.000000000  0.000000000
  0.000000000  0.000000000  0.000000000
  0.000000000  0.000000000  0.000000000
  0.000000000  0.000000000  0.000000000
  0.000000000  0.000000000  0.000000000
  0.000000000  0.000000000  0.000000000
  0.000000000  0.000000000  0.000000000
  0.000000000  0.000000000  0.000000000
  0.000000000  0.000000000  0.000000000
  0.000000000  0.000000000  0.000000000
  0.000000000  0.000000000  0.000000000
  0.000000000  0.000000000  0.000000000
  0.000000000  0.000000000  0.000000000
  0.000000000  0.000000000  0.000000000
  0.000000000  0.000000000  0.000000000
  0.000000000  0.000000000  0.000000000
  0.000000000  0.000000000  0.000000000
  0.000000000  0.000000000  0.000000000
  0.000000000  0.000000000  0.000000000
  0.000000000  0.000000000  0.000000000
  0.000000000  0.000000000  0.000000000
  0.000000000  0.000000000  0.000000000
  0.000000000  0.000000000  0.000000000
  0.000000000  0.000000000  0.000000000
  0.000000000  0.000000000  0.000000000
  0.000000000  0.000000000  0.000000000
  0.000000000  0.000000000  0.000000000
  0.000000000  0.000000000  0.000000000
  0.000000000  0.000000000  0.000000000
  0.000000000  0.000000000  0.000000000
  0.000000000  0.000000000  0.000000000
  0.000000000  0.000000000  0.000000000
  0.000000000  0.000000000  0.000000000
  0.000000000  0.000000000  0.000000000
  0.000000000  0.000000000  0.000000000
  0.000000000  0.000000000  0.000000000
  0.000000000  0.000000000  0.000000000
  0.000000000  0.000000000  0.000000000
  0.000000000  0.000000000  0.000000000
  0.000000000  0.000000000  0.000000000
  0.000000000  0.000000000  0.000000000
  0.000000000  0.000000000  0.000000000
  0.000000000  0.000000000  0.000000000
  0.000000000  0.000000000  0.000000000
  0.000000000  0.000000000  0.000000000
  0.000000000  0.000000000  0.000000000
  0.000000000  0.000000000  0.000000000
  0.000000000  0.000000000  0.000000000
  0.000000000  0.000000000  0.000000000
  0.000000000  0.000000000  0.000000000
  0.000000000  0.000000000  0.000000000
  0.000000000  0.000000000  0.000000000
  0.000000000  0.000000000  0.000000000
  0.000000000  0.000000000  0.000000000
  0.000000000  0.000000000  0.000000000
  0.000000000  0.000000000  0.000000000
  0.000000000  0.000000000  0.000000000
  0.000000000  0.000000000  0.000000000
  0.000000000  0.000000000  0.000000000
  0.000000000  0.000000000  0.000000000
  0.000000000  0.000000000  0.000000000
  0.000000000  0.000000000  0.000000000
  0.000000000  0.000000000  0.000000000
  0.000000000  0.000000000  0.000000000
  0.000000000  0.000000000  0.000000000
  0.000000000  0.000000000  0.000000000
  0.000000000  0.000000000  0.000000000
  0.000000000  0.000000000  0.000000000
  0.000000000  0.000000000  0.000000000
  0.000000000  0.000000000  0.000000000
  0.000000000  0.000000000  0.000000000
  0.000000000  0.000000000  0.000000000
  0.000000000  0.000000000  0.000000000
  0.000000000  0.000000000  0.000000000
  0.000000000  0.000000000  0.000000000
  0.000000000  0.000000000  0.000000000
  0.000000000  0.000000000  0.000000000
  0.000000000  0.000000000  0.000000000
  0.000000000  0.000000000  0.000000000
  0.000000000  0.000000000  0.000000000
  0.000000000  0.000000000  0.000000000
  0.000000000  0.000000000  0.000000000
  0.000000000  0.000000000  0.000000000
  0.000000000  0.000000000  0.000000000
  0.000000000  0.000000000  0.000000000
  0.000000000  0.000000000  0.000000000
  0.000000000  0.000000000  0.000000000
  0.000000000  0.000000000  0.000000000
  0.000000000  0.000000000  0.000000000
  0.000000000  0.000000000  0.000000000
  0.000000000  0.000000000  0.000000000
  0.000000000  0.000000000  0.000000000
  0.000000000  0.000000000  0.000000000
  0.000000000  0.000000000  0.000000000
  0.000000000  0.000000000  0.000000000
  0.000000000  0.000000000  0.000000000
  0.000000000  0.000000000  0.000000000
  0.000000000  0.000000000  0.000000000
  0.000000000  0.000000000  0.000000000
  0.000000000  0.000000000  0.000000000
  0.000000000  0.000000000  0.000000000
  0.000000000  0.000000000  0.000000000
  0.000000000  0.000000000  0.000000000
  0.000000000  0.000000000  0.000000000
  0.000000000  0.000000000  0.000000000
  0.000000000  0.000000000  0.000000000
  0.000000000  0.000000000  0.000000000
  0.000000000  0.000000000  0.000000000
  0.000000000  0.000000000  0.000000000
  0.000000000  0.000000000  0.000000000
  0.000000000  0.000000000  0.000000000
  0.000000000  0.000000000  0.000000000
  0.000000000  0.000000000  0.000000000
  0.000000000  0.000000000  0.000000000
  0.000000000  0.000000000  0.000000000
  0.000000000  0.000000000  0.000000000
  0.000000000  0.000000000  0.000000000
  0.000000000  0.000000000  0.000000000
  0.000000000  0.000000000  0.000000000
  0.000000000  0.000000000  0.000000000
  0.000000000  0.000000000  0.000000000
  0.000000000  0.000000000  0.000000000
  0.000000000  0.000000000  0.000000000
  0.000000000  0.000000000  0.000000000
  0.000000000  0.000000000  0.000000000
  0.000000000  0.000000000  0.000000000
  0.000000000  0.000000000  0.000000000
  0.000000000  0.000000000  0.000000000
  0.000000000  0.000000000  0.000000000
  0.000000000  0.000000000  0.000000000
  0.000000000  0.000000000  0.000000000
  0.000000000  0.000000000  0.000000000
  0.000000000  0.000000000  0.000000000
  0.000000000  0.000000000  0.000000000
  0.000000000  0.000000000  0.000000000
  0.000000000  0.000000000  0.000000000
  0.000000000  0.000000000  0.000000000
  0.000000000  0.000000000  0.000000000
  0.000000000  0.000000000  0.000000000
  0.000000000  0.000000000  0.000000000
  0.000000000  0.000000000  0.000000000
  0.000000000  0.000000000  0.000000000
  0.000000000  0.000000000  0.000000000
  0.000000000  0.000000000  0.000000000
  0.000000000  0.000000000  0.000000000
  0.000000000  0.000000000  0.000000000
  0.000000000  0.000000000  0.000000000
  0.000000000  0.000000000  0.000000000
  0.000000000  0.000000000  0.000000000
  0.000000000  0.000000000  0.000000000
  0.000000000  0.000000000  0.000000000
  0.000000000  0.000000000  0.000000000
  0.000000000  0.000000000  0.000000000
  0.000000000  0.000000000  0.000000000
  0.000000000  0.000000000  0.000000000
  0.000000000  0.000000000  0.000000000
  0.000000000  0.000000000  0.000000000
  0.000000000  0.000000000  0.000000000
  0.000000000  0.000000000  0.000000000
  0.000000000  0.000000000  0.000000000
  0.000000000  0.000000000  0.000000000
  0.000000000  0.000000000  0.000000000
  0.000000000  0.000000000  0.000000000
  0.000000000  0.000000000  0.000000000
  0.000000000  0.000000000  0.000000000
  0.000000000  0.000000000  0.000000000
  0.000000000  0.000000000  0.000000000
  0.000000000  0.000000000  0.000000000
  0.000000000  0.000000000  0.000000000
  0.000000000  0.000000000  0.000000000
  0.000000000  0.000000000  0.000000000
  0.000000000  0.000000000  0.000000000
  0.000000000  0.000000000  0.000000000
  0.000000000  0.000000000  0.000000000
  0.000000000  0.000000000  0.000000000
  0.000000000  0.000000000  0.000000000
  0.000000000  0.000000000  0.000000000
  0.000000000  0.000000000  0.000000000
  0.000000000  0.000000000  0.000000000
  0.000000000  0.000000000  0.000000000
  0.000000000  0.000000000  0.000000000
  0.000000000  0.000000000  0.000000000
  0.000000000  0.000000000  0.000000000
  0.000000000  0.000000000  0.000000000
  0.000000000  0.000000000  0.000000000
  0.000000000  0.000000000  0.000000000
  0.000000000  0.000000000  0.000000000
  0.000000000  0.000000000  0.000000000
  0.000000000  0.000000000  0.000000000
  0.000000000  0.000000000  0.000000000
  0.000000000  0.000000000  0.000000000
  0.000000000  0.000000000  0.000000000
  0.000000000  0.000000000  0.000000000
  0.000000000  0.000000000  0.000000000
  0.000000000  0.000000000  0.000000000
  0.000000000  0.000000000  0.000000000
  0.000000000  0.000000000  0.000000000
  0.000000000  0.000000000  0.000000000
  0.000000000  0.000000000  0.000000000
  0.000000000  0.000000000  0.000000000
  0.000000000  0.000000000  0.000000000
  0.000000000  0.000000000  0.000000000
  0.000000000  0.000000000  0.000000000
   1.06000000000000     
   1.06000000000000     
   1.06000000000000     
   1.06000000000000     
   1.06000000000000     
   1.06000000000000     
   1.06000000000000     
   1.06000000000000     
   1.06000000000000     
   1.06000000000000     
   1.06000000000000     
   1.06000000000000     
   1.06000000000000     
   1.06000000000000     
   1.06000000000000     
   1.06000000000000     
   1.06000000000000     
   1.06000000000000     
   1.06000000000000     
   1.06000000000000     
   1.06000000000000     
   1.06000000000000     
   1.06000000000000     
   1.06000000000000     
   1.06000000000000     
   1.06000000000000     
   1.06000000000000     
   1.06000000000000     
   1.06000000000000     
   1.06000000000000     
   1.06000000000000     
   1.06000000000000     
   1.06000000000000     
   1.06000000000000     
   1.06000000000000     
   1.06000000000000     
   1.06000000000000     
   1.06000000000000     
   1.06000000000000     
   1.06000000000000     
   1.06000000000000     
   1.06000000000000     
   1.06000000000000     
   1.06000000000000     
   1.06000000000000     
   1.06000000000000     
   1.06000000000000     
   1.06000000000000     
   1.06000000000000     
   1.06000000000000     
   1.06000000000000     
   1.06000000000000     
   1.06000000000000     
   1.06000000000000     
   1.06000000000000     
   1.06000000000000     
   1.06000000000000     
   1.06000000000000     
   1.06000000000000     
   1.06000000000000     
   1.06000000000000     
   1.06000000000000     
   1.06000000000000     
   1.06000000000000     
   1.06000000000000     
   1.06000000000000     
   1.06000000000000     
   1.06000000000000     
   1.06000000000000     
   1.06000000000000     
   1.06000000000000     
   1.06000000000000     
   1.06000000000000     
   1.06000000000000     
   1.06000000000000     
   1.06000000000000     
   1.06000000000000     
   1.06000000000000     
   1.06000000000000     
   1.06000000000000     
   1.06000000000000     
   1.06000000000000     
   1.06000000000000     
   1.06000000000000     
   1.06000000000000     
   1.06000000000000     
   1.06000000000000     
   1.06000000000000     
   1.06000000000000     
   1.06000000000000     
   1.06000000000000     
   1.06000000000000     
   1.06000000000000     
   1.06000000000000     
   1.06000000000000     
   1.06000000000000     
   1.06000000000000     
   1.06000000000000     
   1.06000000000000     
   1.06000000000000     
   1.06000000000000     
   1.06000000000000     
   1.06000000000000     
   1.06000000000000     
   1.06000000000000     
   1.06000000000000     
   1.06000000000000     
   1.06000000000000     
   1.06000000000000     
   1.06000000000000     
   1.06000000000000     
   1.06000000000000     
   1.06000000000000     
   1.06000000000000     
   1.06000000000000     
   1.06000000000000     
   1.06000000000000     
   1.06000000000000     
   1.06000000000000     
   1.06000000000000     
   1.06000000000000     
   1.06000000000000     
   1.06000000000000     
   1.06000000000000     
   1.06000000000000     
   1.06000000000000     
   1.06000000000000     
   1.06000000000000     
   1.06000000000000     
   1.06000000000000     
   1.06000000000000     
   1.06000000000000     
   1.06000000000000     
   1.06000000000000     
   1.06000000000000     
   1.06000000000000     
   1.06000000000000     
   1.06000000000000     
   1.06000000000000     
   1.06000000000000     
  3.000000000000000E-002
  3.000000000000000E-002
  3.000000000000000E-002
  3.000000000000000E-002
  3.000000000000000E-002
  3.000000000000000E-002
  3.000000000000000E-002
  3.000000000000000E-002
  3.000000000000000E-002
  3.000000000000000E-002
  3.000000000000000E-002
  3.000000000000000E-002
  3.000000000000000E-002
  3.000000000000000E-002
  3.000000000000000E-002
  3.000000000000000E-002
  3.000000000000000E-002
  3.000000000000000E-002
  3.000000000000000E-002
  3.000000000000000E-002
  3.000000000000000E-002
  3.000000000000000E-002
  3.000000000000000E-002
  3.000000000000000E-002
  3.000000000000000E-002
  3.000000000000000E-002
  3.000000000000000E-002
  3.000000000000000E-002
  3.000000000000000E-002
  3.000000000000000E-002
  3.000000000000000E-002
  3.000000000000000E-002
  3.000000000000000E-002
  3.000000000000000E-002
  3.000000000000000E-002
  3.000000000000000E-002
  3.000000000000000E-002
  3.000000000000000E-002
  3.000000000000000E-002
  3.000000000000000E-002
  3.000000000000000E-002
  3.000000000000000E-002
  3.000000000000000E-002
  3.000000000000000E-002
  3.000000000000000E-002
  3.000000000000000E-002
  3.000000000000000E-002
  3.000000000000000E-002
  3.000000000000000E-002
  3.000000000000000E-002
  3.000000000000000E-002
  3.000000000000000E-002
  3.000000000000000E-002
  3.000000000000000E-002
  3.000000000000000E-002
  3.000000000000000E-002
  3.000000000000000E-002
  3.000000000000000E-002
  3.000000000000000E-002
  3.000000000000000E-002
  3.000000000000000E-002
  3.000000000000000E-002
  3.000000000000000E-002
  3.000000000000000E-002
  3.000000000000000E-002
  3.000000000000000E-002
  3.000000000000000E-002
  3.000000000000000E-002
  3.000000000000000E-002
  3.000000000000000E-002
  3.000000000000000E-002
  3.000000000000000E-002
  3.000000000000000E-002
  3.000000000000000E-002
  3.000000000000000E-002
  3.000000000000000E-002
  3.000000000000000E-002
  3.000000000000000E-002
  3.000000000000000E-002
  3.000000000000000E-002
  3.000000000000000E-002
  3.000000000000000E-002
  3.000000000000000E-002
  3.000000000000000E-002
  3.000000000000000E-002
  3.000000000000000E-002
  3.000000000000000E-002
  3.000000000000000E-002
  3.000000000000000E-002
  3.000000000000000E-002
  3.000000000000000E-002
  3.000000000000000E-002
  3.000000000000000E-002
  3.000000000000000E-002
  3.000000000000000E-002
  3.000000000000000E-002
  3.000000000000000E-002
  3.000000000000000E-002
  3.000000000000000E-002
  3.000000000000000E-002
  3.000000000000000E-002
  3.000000000000000E-002
  3.000000000000000E-002
  3.000000000000000E-002
  3.000000000000000E-002
  3.000000000000000E-002
  3.000000000000000E-002
  3.000000000000000E-002
  3.000000000000000E-002
  3.000000000000000E-002
  3.000000000000000E-002
  3.000000000000000E-002
  3.000000000000000E-002
  3.000000000000000E-002
  3.000000000000000E-002
  3.000000000000000E-002
  3.000000000000000E-002
  3.000000000000000E-002
  3.000000000000000E-002
  3.000000000000000E-002
  3.000000000000000E-002
  3.000000000000000E-002
  3.000000000000000E-002
  3.000000000000000E-002
  3.000000000000000E-002
  3.000000000000000E-002
  3.000000000000000E-002
  3.000000000000000E-002
  3.000000000000000E-002
  3.000000000000000E-002
  3.000000000000000E-002
  3.000000000000000E-002
  3.000000000000000E-002
  3.000000000000000E-002
  3.000000000000000E-002
  3.000000000000000E-002
  3.000000000000000E-002
  3.000000000000000E-002
  3.000000000000000E-002
  3.000000000000000E-002
