           3
 2 1 2
   9   2  20
  0.000000000  0.000000000  0.000000000  0.250000000  0.250000000  0.500000000  0.500000000  0.750000000  0.750000000  1.000000000  1.000000000  1.000000000
  0.000000000  0.000000000  1.000000000  1.000000000
  0.709513742  0.709513742  0.709513742  0.709983557  0.710453371  0.710923185  0.711393000  0.711862814  0.712332629  0.712802443  0.713272258  0.713742072  0.714211887  0.714681701  0.715151515  0.715621330  0.716091144  0.716560959  0.717030773  0.717500588  0.717970402  0.717970402  0.717970402
 -0.168893042790E+02 -0.207255863380E+02  0.234194393140E+02  0.100000000000E+01
 -0.168893042790E+02 -0.207255863380E+02  0.234194393140E+02  0.707106256780E+00
 -0.168893042790E+02 -0.207255863380E+02  0.234194393140E+02  0.100000000000E+01
 -0.168893042790E+02 -0.207255863380E+02  0.234194393140E+02  0.707106464688E+00
 -0.168893042790E+02 -0.207255863380E+02  0.234194393140E+02  0.100000000000E+01
 -0.168893042790E+02 -0.207255863380E+02  0.234194393140E+02  0.707106899227E+00
 -0.168893042790E+02 -0.207255863380E+02  0.234194393140E+02  0.100000000000E+01
 -0.168893042790E+02 -0.207255863380E+02  0.234194393140E+02  0.707106584166E+00
 -0.168893042790E+02 -0.207255863380E+02  0.234194393140E+02  0.100000000000E+01
 -0.164214140010E+02 -0.203921621560E+02  0.230338751550E+02  0.100000000000E+01
 -0.160168680200E+02 -0.209882174500E+02  0.231360003300E+02  0.707106256780E+00
 -0.162691361060E+02 -0.214962861360E+02  0.235055513850E+02  0.100000000000E+01
 -0.168701542510E+02 -0.216381192740E+02  0.238597529340E+02  0.707106464688E+00
 -0.172955289870E+02 -0.210150651900E+02  0.237541869040E+02  0.100000000000E+01
 -0.170823630490E+02 -0.206994902680E+02  0.243219125260E+02  0.707106899227E+00
 -0.166181520390E+02 -0.203366692730E+02  0.240848127940E+02  0.100000000000E+01
 -0.161709735810E+02 -0.200378383170E+02  0.236262363730E+02  0.707106584166E+00
 -0.164214140010E+02 -0.203921621560E+02  0.230338751550E+02  0.100000000000E+01
 -0.166632656710E+02 -0.208777858060E+02  0.235605208740E+02  0.100000000000E+01
 -0.166632656710E+02 -0.208777858060E+02  0.235605208740E+02  0.707107442594E+00
 -0.166632656710E+02 -0.208777858060E+02  0.235605208740E+02  0.100000000000E+01
 -0.166632656710E+02 -0.208777858060E+02  0.235605208740E+02  0.707107251407E+00
 -0.166632656710E+02 -0.208777858060E+02  0.235605208740E+02  0.100000000000E+01
 -0.166632656710E+02 -0.208777858060E+02  0.235605208740E+02  0.707106112175E+00
 -0.166632656710E+02 -0.208777858060E+02  0.235605208740E+02  0.100000000000E+01
 -0.166632656710E+02 -0.208777858060E+02  0.235605208740E+02  0.707106441685E+00
 -0.166632656710E+02 -0.208777858060E+02  0.235605208740E+02  0.100000000000E+01
 -0.162625051730E+02 -0.205898949990E+02  0.232275670310E+02  0.100000000000E+01
 -0.160213593090E+02 -0.210877231430E+02  0.232623779150E+02  0.707107442594E+00
 -0.162529135350E+02 -0.214798376650E+02  0.235338712910E+02  0.100000000000E+01
 -0.166964979760E+02 -0.216237094450E+02  0.238411545900E+02  0.707107251407E+00
 -0.170331742330E+02 -0.211435158800E+02  0.238678421450E+02  0.100000000000E+01
 -0.168497359580E+02 -0.208361133200E+02  0.243730909550E+02  0.707106112175E+00
 -0.164470312760E+02 -0.205230608340E+02  0.241275083650E+02  0.100000000000E+01
 -0.161049987850E+02 -0.203094548330E+02  0.237231537530E+02  0.707106441685E+00
 -0.162625051730E+02 -0.205898949990E+02  0.232275670310E+02  0.100000000000E+01
 -0.164366746020E+02 -0.210319361660E+02  0.236985647980E+02  0.100000000000E+01
 -0.164366746020E+02 -0.210319361660E+02  0.236985647980E+02  0.707107470357E+00
 -0.164366746020E+02 -0.210319361660E+02  0.236985647980E+02  0.100000000000E+01
 -0.164366746020E+02 -0.210319361660E+02  0.236985647980E+02  0.707107113650E+00
 -0.164366746020E+02 -0.210319361660E+02  0.236985647980E+02  0.100000000000E+01
 -0.164366746020E+02 -0.210319361660E+02  0.236985647980E+02  0.707106409778E+00
 -0.164366746020E+02 -0.210319361660E+02  0.236985647980E+02  0.100000000000E+01
 -0.164366746020E+02 -0.210319361660E+02  0.236985647980E+02  0.707106652443E+00
 -0.164366746020E+02 -0.210319361660E+02  0.236985647980E+02  0.100000000000E+01
 -0.161444782150E+02 -0.208193060760E+02  0.234530018990E+02  0.100000000000E+01
 -0.160098801980E+02 -0.211822054130E+02  0.234358500370E+02  0.707107470357E+00
 -0.161893040220E+02 -0.214646159190E+02  0.236182579800E+02  0.100000000000E+01
 -0.164936143330E+02 -0.216125716330E+02  0.238586982160E+02  0.707107113650E+00
 -0.167483011400E+02 -0.212587071140E+02  0.239604571210E+02  0.100000000000E+01
 -0.166373663770E+02 -0.209910782470E+02  0.244580285550E+02  0.707106409778E+00
 -0.162696496960E+02 -0.207167860770E+02  0.241701936980E+02  0.100000000000E+01
 -0.160329571290E+02 -0.205901270770E+02  0.238271908260E+02  0.707106652443E+00
 -0.161444782150E+02 -0.208193060760E+02  0.234530018990E+02  0.100000000000E+01
 -0.162083836450E+02 -0.211868981830E+02  0.238328452530E+02  0.100000000000E+01
 -0.162083836450E+02 -0.211868981830E+02  0.238328452530E+02  0.707106003250E+00
 -0.162083836450E+02 -0.211868981830E+02  0.238328452530E+02  0.100000000000E+01
 -0.162083836450E+02 -0.211868981830E+02  0.238328452530E+02  0.707105877873E+00
 -0.162083836450E+02 -0.211868981830E+02  0.238328452530E+02  0.100000000000E+01
 -0.162083836450E+02 -0.211868981830E+02  0.238328452530E+02  0.707107323235E+00
 -0.162083836450E+02 -0.211868981830E+02  0.238328452530E+02  0.100000000000E+01
 -0.162083836450E+02 -0.211868981830E+02  0.238328452530E+02  0.707107927764E+00
 -0.162083836450E+02 -0.211868981830E+02  0.238328452530E+02  0.100000000000E+01
 -0.160082364960E+02 -0.210370708770E+02  0.236603987240E+02  0.100000000000E+01
 -0.159450477890E+02 -0.213046713700E+02  0.236260202550E+02  0.707106003250E+00
 -0.160398022480E+02 -0.215438448160E+02  0.237183808340E+02  0.100000000000E+01
 -0.162884795470E+02 -0.217280100470E+02  0.239325146710E+02  0.707105877873E+00
 -0.164826142200E+02 -0.213921813820E+02  0.240691231330E+02  0.100000000000E+01
 -0.164022337370E+02 -0.211413380160E+02  0.245178908010E+02  0.707107323235E+00
 -0.160782501390E+02 -0.209012804740E+02  0.242320338150E+02  0.100000000000E+01
 -0.158890407900E+02 -0.208104387300E+02  0.239310042070E+02  0.707107927764E+00
 -0.160082364960E+02 -0.210370708770E+02  0.236603987240E+02  0.100000000000E+01
 -0.159765354770E+02 -0.213405536940E+02  0.239624398120E+02  0.100000000000E+01
 -0.159765354770E+02 -0.213405536940E+02  0.239624398120E+02  0.707105503459E+00
 -0.159765354770E+02 -0.213405536940E+02  0.239624398120E+02  0.100000000000E+01
 -0.159765354770E+02 -0.213405536940E+02  0.239624398120E+02  0.707106490984E+00
 -0.159765354770E+02 -0.213405536940E+02  0.239624398120E+02  0.100000000000E+01
 -0.159765354770E+02 -0.213405536940E+02  0.239624398120E+02  0.707107664014E+00
 -0.159765354770E+02 -0.213405536940E+02  0.239624398120E+02  0.100000000000E+01
 -0.159765354770E+02 -0.213405536940E+02  0.239624398120E+02  0.707107398358E+00
 -0.159765354770E+02 -0.213405536940E+02  0.239624398120E+02  0.100000000000E+01
 -0.158107504800E+02 -0.212096723610E+02  0.238127800310E+02  0.100000000000E+01
 -0.157169658150E+02 -0.214572516370E+02  0.237006665170E+02  0.707105503459E+00
 -0.158448322830E+02 -0.216873258500E+02  0.238050748120E+02  0.100000000000E+01
 -0.160894911100E+02 -0.218947039590E+02  0.240247227560E+02  0.707106490984E+00
 -0.162442777920E+02 -0.215519249790E+02  0.242041409300E+02  0.100000000000E+01
 -0.161677871320E+02 -0.212932954740E+02  0.246009322350E+02  0.707107664014E+00
 -0.158706523630E+02 -0.210631229730E+02  0.243223502910E+02  0.100000000000E+01
 -0.157316400650E+02 -0.210167673220E+02  0.240479037570E+02  0.707107398358E+00
 -0.158107504800E+02 -0.212096723610E+02  0.238127800310E+02  0.100000000000E+01
 -0.157382818980E+02 -0.214891061800E+02  0.240861993640E+02  0.100000000000E+01
 -0.157382818980E+02 -0.214891061800E+02  0.240861993640E+02  0.707107815133E+00
 -0.157382818980E+02 -0.214891061800E+02  0.240861993640E+02  0.100000000000E+01
 -0.157382818980E+02 -0.214891061800E+02  0.240861993640E+02  0.707107900761E+00
 -0.157382818980E+02 -0.214891061800E+02  0.240861993640E+02  0.100000000000E+01
 -0.157382818980E+02 -0.214891061800E+02  0.240861993640E+02  0.707106175686E+00
 -0.157382818980E+02 -0.214891061800E+02  0.240861993640E+02  0.100000000000E+01
 -0.157382818980E+02 -0.214891061800E+02  0.240861993640E+02  0.707105050341E+00
 -0.157382818980E+02 -0.214891061800E+02  0.240861993640E+02  0.100000000000E+01
 -0.155866577910E+02 -0.213578594310E+02  0.239376972260E+02  0.100000000000E+01
 -0.155109508880E+02 -0.216005213740E+02  0.237899433150E+02  0.707107815133E+00
 -0.156436291200E+02 -0.218130152300E+02  0.238965680920E+02  0.100000000000E+01
 -0.158968424740E+02 -0.221356467280E+02  0.241198598940E+02  0.707107900761E+00
 -0.159995768200E+02 -0.217152864580E+02  0.243421119100E+02  0.100000000000E+01
 -0.159137791250E+02 -0.214283626480E+02  0.246856004600E+02  0.707106175686E+00
 -0.156498537470E+02 -0.211954893310E+02  0.244359900490E+02  0.100000000000E+01
 -0.155146532670E+02 -0.211463697490E+02  0.241670467770E+02  0.707105050341E+00
 -0.155866577910E+02 -0.213578594310E+02  0.239376972260E+02  0.100000000000E+01
 -0.154906909170E+02 -0.216264529460E+02  0.242043983320E+02  0.100000000000E+01
 -0.154906909170E+02 -0.216264529460E+02  0.242043983320E+02  0.707105700347E+00
 -0.154906909170E+02 -0.216264529460E+02  0.242043983320E+02  0.100000000000E+01
 -0.154906909170E+02 -0.216264529460E+02  0.242043983320E+02  0.707107626342E+00
 -0.154906909170E+02 -0.216264529460E+02  0.242043983320E+02  0.100000000000E+01
 -0.154906909170E+02 -0.216264529460E+02  0.242043983320E+02  0.707107626913E+00
 -0.154906909170E+02 -0.216264529460E+02  0.242043983320E+02  0.100000000000E+01
 -0.154906909170E+02 -0.216264529460E+02  0.242043983320E+02  0.707106391573E+00
 -0.154906909170E+02 -0.216264529460E+02  0.242043983320E+02  0.100000000000E+01
 -0.153458107320E+02 -0.214864875440E+02  0.240475816440E+02  0.100000000000E+01
 -0.153219903280E+02 -0.217006428510E+02  0.239304082580E+02  0.707105700347E+00
 -0.154329790500E+02 -0.218970977320E+02  0.240161572750E+02  0.100000000000E+01
 -0.156565307800E+02 -0.222274625660E+02  0.242140462880E+02  0.707107626342E+00
 -0.157530358550E+02 -0.218798988810E+02  0.244883588860E+02  0.100000000000E+01
 -0.156897083450E+02 -0.215544451350E+02  0.248347563830E+02  0.707107626913E+00
 -0.154352206400E+02 -0.213380301260E+02  0.245130764480E+02  0.100000000000E+01
 -0.153069273120E+02 -0.212832126890E+02  0.242656798930E+02  0.707106391573E+00
 -0.153458107320E+02 -0.214864875440E+02  0.240475816440E+02  0.100000000000E+01
 -0.152349551980E+02 -0.217446239900E+02  0.243257975470E+02  0.100000000000E+01
 -0.152349551980E+02 -0.217446239900E+02  0.243257975470E+02  0.707105722021E+00
 -0.152349551980E+02 -0.217446239900E+02  0.243257975470E+02  0.100000000000E+01
 -0.152349551980E+02 -0.217446239900E+02  0.243257975470E+02  0.707105843998E+00
 -0.152349551980E+02 -0.217446239900E+02  0.243257975470E+02  0.100000000000E+01
 -0.152349551980E+02 -0.217446239900E+02  0.243257975470E+02  0.707107126330E+00
 -0.152349551980E+02 -0.217446239900E+02  0.243257975470E+02  0.100000000000E+01
 -0.152349551980E+02 -0.217446239900E+02  0.243257975470E+02  0.707108550539E+00
 -0.152349551980E+02 -0.217446239900E+02  0.243257975470E+02  0.100000000000E+01
 -0.151146823870E+02 -0.216194797340E+02  0.241859108440E+02  0.100000000000E+01
 -0.150676113640E+02 -0.218208645480E+02  0.240121093920E+02  0.707105722021E+00
 -0.151864025070E+02 -0.220363070710E+02  0.241066012470E+02  0.100000000000E+01
 -0.154066287580E+02 -0.223356325530E+02  0.243293708940E+02  0.707105843998E+00
 -0.154886032380E+02 -0.220085443580E+02  0.246208128820E+02  0.100000000000E+01
 -0.154578986760E+02 -0.216655080390E+02  0.248934057190E+02  0.707107126330E+00
 -0.152262035620E+02 -0.214675161780E+02  0.245812229270E+02  0.100000000000E+01
 -0.150969793270E+02 -0.214075739530E+02  0.243570751770E+02  0.707108550539E+00
 -0.151146823870E+02 -0.216194797340E+02  0.241859108440E+02  0.100000000000E+01
 -0.149772979460E+02 -0.218331061090E+02  0.244664090370E+02  0.100000000000E+01
 -0.149772979460E+02 -0.218331061090E+02  0.244664090370E+02  0.707106575134E+00
 -0.149772979460E+02 -0.218331061090E+02  0.244664090370E+02  0.100000000000E+01
 -0.149772979460E+02 -0.218331061090E+02  0.244664090370E+02  0.707107880662E+00
 -0.149772979460E+02 -0.218331061090E+02  0.244664090370E+02  0.100000000000E+01
 -0.149772979460E+02 -0.218331061090E+02  0.244664090370E+02  0.707107373432E+00
 -0.149772979460E+02 -0.218331061090E+02  0.244664090370E+02  0.100000000000E+01
 -0.149772979460E+02 -0.218331061090E+02  0.244664090370E+02  0.707105295521E+00
 -0.149772979460E+02 -0.218331061090E+02  0.244664090370E+02  0.100000000000E+01
 -0.148646781590E+02 -0.217157926010E+02  0.243354339400E+02  0.100000000000E+01
 -0.148117028330E+02 -0.219086173610E+02  0.241631678840E+02  0.707106575134E+00
 -0.149253921000E+02 -0.221203528780E+02  0.242537559640E+02  0.100000000000E+01
 -0.151461704820E+02 -0.224087199560E+02  0.244844692660E+02  0.707107880662E+00
 -0.152056059610E+02 -0.220709326490E+02  0.247319302840E+02  0.100000000000E+01
 -0.152152682740E+02 -0.217539175620E+02  0.248891038560E+02  0.707107373432E+00
 -0.150220940680E+02 -0.215852044490E+02  0.246499367280E+02  0.100000000000E+01
 -0.149034605050E+02 -0.215458399590E+02  0.244743920180E+02  0.707105295521E+00
 -0.148646781590E+02 -0.217157926010E+02  0.243354339400E+02  0.100000000000E+01
 -0.147306616820E+02 -0.218822163220E+02  0.246415000870E+02  0.100000000000E+01
 -0.147306616820E+02 -0.218822163220E+02  0.246415000870E+02  0.707105748962E+00
 -0.147306616820E+02 -0.218822163220E+02  0.246415000870E+02  0.100000000000E+01
 -0.147306616820E+02 -0.218822163220E+02  0.246415000870E+02  0.707105690758E+00
 -0.147306616820E+02 -0.218822163220E+02  0.246415000870E+02  0.100000000000E+01
 -0.147306616820E+02 -0.218822163220E+02  0.246415000870E+02  0.707107026666E+00
 -0.147306616820E+02 -0.218822163220E+02  0.246415000870E+02  0.100000000000E+01
 -0.147306616820E+02 -0.218822163220E+02  0.246415000870E+02  0.707108658358E+00
 -0.147306616820E+02 -0.218822163220E+02  0.246415000870E+02  0.100000000000E+01
 -0.146183167090E+02 -0.217702426810E+02  0.245183487460E+02  0.100000000000E+01
 -0.145183005620E+02 -0.219726114750E+02  0.243615803690E+02  0.707105748962E+00
 -0.146192873800E+02 -0.222021993570E+02  0.244521631720E+02  0.100000000000E+01
 -0.148354516160E+02 -0.224143689850E+02  0.246896330560E+02  0.707105690758E+00
 -0.149324027320E+02 -0.220832890990E+02  0.248626484060E+02  0.100000000000E+01
 -0.149786261080E+02 -0.218078718660E+02  0.249634816990E+02  0.707107026666E+00
 -0.148073471190E+02 -0.216618931180E+02  0.247718671860E+02  0.100000000000E+01
 -0.146862264500E+02 -0.216166677740E+02  0.246273154830E+02  0.707108658358E+00
 -0.146183167090E+02 -0.217702426810E+02  0.245183487460E+02  0.100000000000E+01
 -0.144964597260E+02 -0.218971441360E+02  0.248390217050E+02  0.100000000000E+01
 -0.144964597260E+02 -0.218971441360E+02  0.248390217050E+02  0.707106743560E+00
 -0.144964597260E+02 -0.218971441360E+02  0.248390217050E+02  0.100000000000E+01
 -0.144964597260E+02 -0.218971441360E+02  0.248390217050E+02  0.707107031378E+00
 -0.144964597260E+02 -0.218971441360E+02  0.248390217050E+02  0.100000000000E+01
 -0.144964597260E+02 -0.218971441360E+02  0.248390217050E+02  0.707107081595E+00
 -0.144964597260E+02 -0.218971441360E+02  0.248390217050E+02  0.100000000000E+01
 -0.144964597260E+02 -0.218971441360E+02  0.248390217050E+02  0.707106268214E+00
 -0.144964597260E+02 -0.218971441360E+02  0.248390217050E+02  0.100000000000E+01
 -0.143713368990E+02 -0.217691791270E+02  0.246957166730E+02  0.100000000000E+01
 -0.141890429270E+02 -0.219834753900E+02  0.244821344580E+02  0.707106743560E+00
 -0.143472028390E+02 -0.222411853220E+02  0.246621278490E+02  0.100000000000E+01
 -0.145457454940E+02 -0.223413293200E+02  0.248907535270E+02  0.707107031378E+00
 -0.146583647610E+02 -0.220627267440E+02  0.250244532910E+02  0.100000000000E+01
 -0.146987365300E+02 -0.218427801300E+02  0.250738198050E+02  0.707107081595E+00
 -0.145654626920E+02 -0.217380914290E+02  0.249208010990E+02  0.100000000000E+01
 -0.144628415910E+02 -0.216754625010E+02  0.248027610380E+02  0.707106268214E+00
 -0.143713368990E+02 -0.217691791270E+02  0.246957166730E+02  0.100000000000E+01
 -0.142610503960E+02 -0.218912916640E+02  0.250356818410E+02  0.100000000000E+01
 -0.142610503960E+02 -0.218912916640E+02  0.250356818410E+02  0.707106704954E+00
 -0.142610503960E+02 -0.218912916640E+02  0.250356818410E+02  0.100000000000E+01
 -0.142610503960E+02 -0.218912916640E+02  0.250356818410E+02  0.707108234989E+00
 -0.142610503960E+02 -0.218912916640E+02  0.250356818410E+02  0.100000000000E+01
 -0.142610503960E+02 -0.218912916640E+02  0.250356818410E+02  0.707108655569E+00
 -0.142610503960E+02 -0.218912916640E+02  0.250356818410E+02  0.100000000000E+01
 -0.142610503960E+02 -0.218912916640E+02  0.250356818410E+02  0.707103529234E+00
 -0.142610503960E+02 -0.218912916640E+02  0.250356818410E+02  0.100000000000E+01
 -0.141339455410E+02 -0.217484094180E+02  0.248644875320E+02  0.100000000000E+01
 -0.138689406700E+02 -0.219889154650E+02  0.245419409430E+02  0.707106704954E+00
 -0.140795921820E+02 -0.222987570830E+02  0.248303284780E+02  0.100000000000E+01
 -0.142915409210E+02 -0.223335028310E+02  0.251028017530E+02  0.707108234989E+00
 -0.143671354780E+02 -0.220105469800E+02  0.251785671330E+02  0.100000000000E+01
 -0.143693162940E+02 -0.218744284700E+02  0.251726549900E+02  0.707108655569E+00
 -0.143095003590E+02 -0.217824976700E+02  0.250905131860E+02  0.100000000000E+01
 -0.142353914010E+02 -0.216567186840E+02  0.249879848450E+02  0.707103529234E+00
 -0.141339455410E+02 -0.217484094180E+02  0.248644875320E+02  0.100000000000E+01
 -0.140097363710E+02 -0.218761587160E+02  0.252107901300E+02  0.100000000000E+01
 -0.140097363710E+02 -0.218761587160E+02  0.252107901300E+02  0.707107224084E+00
 -0.140097363710E+02 -0.218761587160E+02  0.252107901300E+02  0.100000000000E+01
 -0.140097363710E+02 -0.218761587160E+02  0.252107901300E+02  0.707108303483E+00
 -0.140097363710E+02 -0.218761587160E+02  0.252107901300E+02  0.100000000000E+01
 -0.140097363710E+02 -0.218761587160E+02  0.252107901300E+02  0.707107664687E+00
 -0.140097363710E+02 -0.218761587160E+02  0.252107901300E+02  0.100000000000E+01
 -0.140097363710E+02 -0.218761587160E+02  0.252107901300E+02  0.707103932489E+00
 -0.140097363710E+02 -0.218761587160E+02  0.252107901300E+02  0.100000000000E+01
 -0.139089361240E+02 -0.217397952780E+02  0.250307752670E+02  0.100000000000E+01
 -0.136573641220E+02 -0.220102345180E+02  0.246538920130E+02  0.707107224084E+00
 -0.138298444460E+02 -0.223249399330E+02  0.249715634040E+02  0.100000000000E+01
 -0.140140323540E+02 -0.223548010350E+02  0.252745048410E+02  0.707108303483E+00
 -0.141030711720E+02 -0.220024254130E+02  0.253774747380E+02  0.100000000000E+01
 -0.141252629760E+02 -0.218439685730E+02  0.253947671720E+02  0.707107664687E+00
 -0.140570225830E+02 -0.217581927760E+02  0.252736741700E+02  0.100000000000E+01
 -0.139896650460E+02 -0.216824574390E+02  0.251552063170E+02  0.707103932489E+00
 -0.139089361240E+02 -0.217397952780E+02  0.250307752670E+02  0.100000000000E+01
 -0.137435922820E+02 -0.218480854250E+02  0.253606920450E+02  0.100000000000E+01
 -0.137435922820E+02 -0.218480854250E+02  0.253606920450E+02  0.707105850003E+00
 -0.137435922820E+02 -0.218480854250E+02  0.253606920450E+02  0.100000000000E+01
 -0.137435922820E+02 -0.218480854250E+02  0.253606920450E+02  0.707106527568E+00
 -0.137435922820E+02 -0.218480854250E+02  0.253606920450E+02  0.100000000000E+01
 -0.137435922820E+02 -0.218480854250E+02  0.253606920450E+02  0.707108827272E+00
 -0.137435922820E+02 -0.218480854250E+02  0.253606920450E+02  0.100000000000E+01
 -0.137435922820E+02 -0.218480854250E+02  0.253606920450E+02  0.707105919903E+00
 -0.137435922820E+02 -0.218480854250E+02  0.253606920450E+02  0.100000000000E+01
 -0.136564630800E+02 -0.217034754790E+02  0.251547586390E+02  0.100000000000E+01
 -0.134431483850E+02 -0.219793013550E+02  0.248273476200E+02  0.707105850003E+00
 -0.135433891600E+02 -0.223208307010E+02  0.251134289520E+02  0.100000000000E+01
 -0.137159811250E+02 -0.224129103010E+02  0.254668088390E+02  0.707106527568E+00
 -0.138164936960E+02 -0.219690812520E+02  0.255329992240E+02  0.100000000000E+01
 -0.138497738440E+02 -0.218092438650E+02  0.255512994740E+02  0.707108827272E+00
 -0.138059671300E+02 -0.217007978480E+02  0.254377300220E+02  0.100000000000E+01
 -0.137415276700E+02 -0.216174015910E+02  0.252920346350E+02  0.707105919903E+00
 -0.136564630800E+02 -0.217034754790E+02  0.251547586390E+02  0.100000000000E+01
 -0.134759349720E+02 -0.217917269970E+02  0.254993958730E+02  0.100000000000E+01
 -0.134759349720E+02 -0.217917269970E+02  0.254993958730E+02  0.707107333617E+00
 -0.134759349720E+02 -0.217917269970E+02  0.254993958730E+02  0.100000000000E+01
 -0.134759349720E+02 -0.217917269970E+02  0.254993958730E+02  0.707106831689E+00
 -0.134759349720E+02 -0.217917269970E+02  0.254993958730E+02  0.100000000000E+01
 -0.134759349720E+02 -0.217917269970E+02  0.254993958730E+02  0.707105825945E+00
 -0.134759349720E+02 -0.217917269970E+02  0.254993958730E+02  0.100000000000E+01
 -0.134759349720E+02 -0.217917269970E+02  0.254993958730E+02  0.707107133496E+00
 -0.134759349720E+02 -0.217917269970E+02  0.254993958730E+02  0.100000000000E+01
 -0.133951647060E+02 -0.216322696430E+02  0.252581366180E+02  0.100000000000E+01
 -0.131890703070E+02 -0.219108343240E+02  0.250150987840E+02  0.707107333617E+00
 -0.132664961000E+02 -0.221827405900E+02  0.253110765250E+02  0.100000000000E+01
 -0.134073980850E+02 -0.222494595520E+02  0.256170158440E+02  0.707106831689E+00
 -0.135439812420E+02 -0.219260645580E+02  0.257026477500E+02  0.100000000000E+01
 -0.135973412570E+02 -0.217507566810E+02  0.257094882860E+02  0.707105825945E+00
 -0.135627263800E+02 -0.216296912320E+02  0.255774346180E+02  0.100000000000E+01
 -0.134985345510E+02 -0.215391452950E+02  0.254053616600E+02  0.707107133496E+00
 -0.133951647060E+02 -0.216322696430E+02  0.252581366180E+02  0.100000000000E+01
 -0.132208212390E+02 -0.216955046640E+02  0.256395016850E+02  0.100000000000E+01
 -0.132208212390E+02 -0.216955046640E+02  0.256395016850E+02  0.707106976971E+00
 -0.132208212390E+02 -0.216955046640E+02  0.256395016850E+02  0.100000000000E+01
 -0.132208212390E+02 -0.216955046640E+02  0.256395016850E+02  0.707107438065E+00
 -0.132208212390E+02 -0.216955046640E+02  0.256395016850E+02  0.100000000000E+01
 -0.132208212390E+02 -0.216955046640E+02  0.256395016850E+02  0.707106596723E+00
 -0.132208212390E+02 -0.216955046640E+02  0.256395016850E+02  0.100000000000E+01
 -0.132208212390E+02 -0.216955046640E+02  0.256395016850E+02  0.707106112989E+00
 -0.132208212390E+02 -0.216955046640E+02  0.256395016850E+02  0.100000000000E+01
 -0.131503666380E+02 -0.215366323920E+02  0.253851330640E+02  0.100000000000E+01
 -0.129178754290E+02 -0.217849101180E+02  0.251911897230E+02  0.707106976971E+00
 -0.130092316650E+02 -0.219858333120E+02  0.255167751570E+02  0.100000000000E+01
 -0.131236061100E+02 -0.220498186170E+02  0.257676902810E+02  0.707107438065E+00
 -0.132724880270E+02 -0.218120114760E+02  0.258260379830E+02  0.100000000000E+01
 -0.133500616760E+02 -0.216568379360E+02  0.258303171510E+02  0.707106596723E+00
 -0.133372968350E+02 -0.215356858960E+02  0.257070597460E+02  0.100000000000E+01
 -0.132880538300E+02 -0.214144646570E+02  0.255207683550E+02  0.707106112989E+00
 -0.131503666380E+02 -0.215366323920E+02  0.253851330640E+02  0.100000000000E+01
 -0.129863870790E+02 -0.215553075640E+02  0.257786581180E+02  0.100000000000E+01
 -0.129863870790E+02 -0.215553075640E+02  0.257786581180E+02  0.707106879829E+00
 -0.129863870790E+02 -0.215553075640E+02  0.257786581180E+02  0.100000000000E+01
 -0.129863870790E+02 -0.215553075640E+02  0.257786581180E+02  0.707106095579E+00
 -0.129863870790E+02 -0.215553075640E+02  0.257786581180E+02  0.100000000000E+01
 -0.129863870790E+02 -0.215553075640E+02  0.257786581180E+02  0.707106840422E+00
 -0.129863870790E+02 -0.215553075640E+02  0.257786581180E+02  0.100000000000E+01
 -0.129863870790E+02 -0.215553075640E+02  0.257786581180E+02  0.707107308916E+00
 -0.129863870790E+02 -0.215553075640E+02  0.257786581180E+02  0.100000000000E+01
 -0.129317598350E+02 -0.214026030420E+02  0.255063897130E+02  0.100000000000E+01
 -0.126964030310E+02 -0.216406692960E+02  0.253967528610E+02  0.707106879829E+00
 -0.128109800200E+02 -0.217426853390E+02  0.257087585170E+02  0.100000000000E+01
 -0.128917037170E+02 -0.217656566210E+02  0.258705370270E+02  0.707106095579E+00
 -0.130158795360E+02 -0.216377495040E+02  0.259256502360E+02  0.100000000000E+01
 -0.131549378720E+02 -0.215123823210E+02  0.260085776660E+02  0.707106840422E+00
 -0.131532561020E+02 -0.213770505370E+02  0.258451547780E+02  0.100000000000E+01
 -0.131324262070E+02 -0.211983302110E+02  0.255983280280E+02  0.707107308916E+00
 -0.129317598350E+02 -0.214026030420E+02  0.255063897130E+02  0.100000000000E+01
 -0.127698915430E+02 -0.213803706580E+02  0.259074782710E+02  0.100000000000E+01
 -0.127698915430E+02 -0.213803706580E+02  0.259074782710E+02  0.707106558446E+00
 -0.127698915430E+02 -0.213803706580E+02  0.259074782710E+02  0.100000000000E+01
 -0.127698915430E+02 -0.213803706580E+02  0.259074782710E+02  0.707107379072E+00
 -0.127698915430E+02 -0.213803706580E+02  0.259074782710E+02  0.100000000000E+01
 -0.127698915430E+02 -0.213803706580E+02  0.259074782710E+02  0.707106835762E+00
 -0.127698915430E+02 -0.213803706580E+02  0.259074782710E+02  0.100000000000E+01
 -0.127698915430E+02 -0.213803706580E+02  0.259074782710E+02  0.707106351469E+00
 -0.127698915430E+02 -0.213803706580E+02  0.259074782710E+02  0.100000000000E+01
 -0.127285459150E+02 -0.212325021150E+02  0.256109077410E+02  0.100000000000E+01
 -0.125010115680E+02 -0.214485591490E+02  0.255530869350E+02  0.707106558446E+00
 -0.125779997020E+02 -0.215550194570E+02  0.258471515800E+02  0.100000000000E+01
 -0.126413018920E+02 -0.216145311900E+02  0.260461018960E+02  0.707107379072E+00
 -0.127962243280E+02 -0.214745468820E+02  0.260963602040E+02  0.100000000000E+01
 -0.129761295210E+02 -0.213119961260E+02  0.261547345150E+02  0.707106835762E+00
 -0.130072408340E+02 -0.211643505040E+02  0.259820958120E+02  0.100000000000E+01
 -0.129706846960E+02 -0.209971703810E+02  0.256641740570E+02  0.707106351469E+00
 -0.127285459150E+02 -0.212325021150E+02  0.256109077410E+02  0.100000000000E+01
 -0.125657834780E+02 -0.211835429500E+02  0.260246111610E+02  0.100000000000E+01
 -0.125657834780E+02 -0.211835429500E+02  0.260246111610E+02  0.707107494744E+00
 -0.125657834780E+02 -0.211835429500E+02  0.260246111610E+02  0.100000000000E+01
 -0.125657834780E+02 -0.211835429500E+02  0.260246111610E+02  0.707105287074E+00
 -0.125657834780E+02 -0.211835429500E+02  0.260246111610E+02  0.100000000000E+01
 -0.125657834780E+02 -0.211835429500E+02  0.260246111610E+02  0.707106288619E+00
 -0.125657834780E+02 -0.211835429500E+02  0.260246111610E+02  0.100000000000E+01
 -0.125657834780E+02 -0.211835429500E+02  0.260246111610E+02  0.707108054307E+00
 -0.125657834780E+02 -0.211835429500E+02  0.260246111610E+02  0.100000000000E+01
 -0.125369297970E+02 -0.210509574740E+02  0.257305760410E+02  0.100000000000E+01
 -0.123389993100E+02 -0.212374709750E+02  0.257186517890E+02  0.707107494744E+00
 -0.123574042010E+02 -0.213555461580E+02  0.259674996210E+02  0.100000000000E+01
 -0.124169518690E+02 -0.214172764010E+02  0.261866731010E+02  0.707105287074E+00
 -0.125890764930E+02 -0.212905751750E+02  0.262619784170E+02  0.100000000000E+01
 -0.128113920270E+02 -0.211169500160E+02  0.263409877860E+02  0.707106288619E+00
 -0.128116380590E+02 -0.209806049200E+02  0.260919923830E+02  0.100000000000E+01
 -0.127850053060E+02 -0.208453358580E+02  0.257970097010E+02  0.707108054307E+00
 -0.125369297970E+02 -0.210509574740E+02  0.257305760410E+02  0.100000000000E+01
 -0.123697052620E+02 -0.209733110350E+02  0.261318492230E+02  0.100000000000E+01
 -0.123697052620E+02 -0.209733110350E+02  0.261318492230E+02  0.707106572853E+00
 -0.123697052620E+02 -0.209733110350E+02  0.261318492230E+02  0.100000000000E+01
 -0.123697052620E+02 -0.209733110350E+02  0.261318492230E+02  0.707106017264E+00
 -0.123697052620E+02 -0.209733110350E+02  0.261318492230E+02  0.100000000000E+01
 -0.123697052620E+02 -0.209733110350E+02  0.261318492230E+02  0.707107096141E+00
 -0.123697052620E+02 -0.209733110350E+02  0.261318492230E+02  0.100000000000E+01
 -0.123697052620E+02 -0.209733110350E+02  0.261318492230E+02  0.707107438492E+00
 -0.123697052620E+02 -0.209733110350E+02  0.261318492230E+02  0.100000000000E+01
 -0.123545716010E+02 -0.208835245050E+02  0.259159567340E+02  0.100000000000E+01
 -0.121691877050E+02 -0.210226814430E+02  0.258590300810E+02  0.707106572853E+00
 -0.121893226380E+02 -0.211133943880E+02  0.260862352390E+02  0.100000000000E+01
 -0.122447146140E+02 -0.211433627480E+02  0.262526741270E+02  0.707106017264E+00
 -0.123829871290E+02 -0.210521106800E+02  0.263213262910E+02  0.100000000000E+01
 -0.125886472390E+02 -0.209115131620E+02  0.264132581190E+02  0.707107096141E+00
 -0.125721360980E+02 -0.208161039640E+02  0.261830387940E+02  0.100000000000E+01
 -0.125376558570E+02 -0.207393983740E+02  0.259581935750E+02  0.707107438492E+00
 -0.123545716010E+02 -0.208835245050E+02  0.259159567340E+02  0.100000000000E+01
           1
           2
           3
           4
           5
           6
           7
           8
           9
          10
          11
          12
          13
          14
          15
          16
          17
          18
          19
          20
          21
          22
          23
          24
          25
          26
          27
          28
          29
          30
          31
          32
          33
          34
          35
          36
          37
          38
          39
          40
          41
          42
          43
          44
          45
          46
          47
          48
          49
          50
          51
          52
          53
          54
          55
          56
          57
          58
          59
          60
          61
          62
          63
          64
          65
          66
          67
          68
          69
          70
          71
          72
          73
          74
          75
          76
          77
          78
          79
          80
          81
          82
          83
          84
          85
          86
          87
          88
          89
          90
          91
          92
          93
          94
          95
          96
          97
          98
          99
         100
         101
         102
         103
         104
         105
         106
         107
         108
         109
         110
         111
         112
         113
         114
         115
         116
         117
         118
         119
         120
         121
         122
         123
         124
         125
         126
         127
         128
         129
         130
         131
         132
         133
         134
         135
         136
         137
         138
         139
         140
         141
         142
         143
         144
         145
         146
         147
         148
         149
         150
         151
         152
         153
         154
         155
         156
         157
         158
         159
         160
         161
         162
         163
         164
         165
         166
         167
         168
         169
         170
         171
         172
         173
         174
         175
         176
         177
         178
         179
         180
         181
         182
         183
         184
         185
         186
         187
         188
         189
         190
         191
         192
         193
         194
         195
         196
         197
         198
         199
         200
         201
         202
         203
         204
         205
         206
         207
         208
         209
         210
         211
         212
         213
         214
         215
         216
         217
         218
         219
         220
         221
         222
         223
         224
         225
         226
         227
         228
         229
         230
         231
         232
         233
         234
         235
         236
         237
         238
         239
         240
         241
         242
         243
         244
         245
         246
         247
         248
         249
         250
         251
         252
         253
         254
         255
         256
         257
         258
         259
         260
         261
         262
         263
         264
         265
         266
         267
         268
         269
         270
         271
         272
         273
         274
         275
         276
         277
         278
         279
         280
         281
         282
         283
         284
         285
         286
         287
         288
         289
         290
         291
         292
         293
         294
         295
         296
         297
         298
         299
         300
         301
         302
         303
         304
         305
         306
         307
         308
         309
         310
         311
         312
         313
         314
         315
         316
         317
         318
         319
         320
         321
         322
         323
         324
         325
         326
         327
         328
         329
         330
         331
         332
         333
         334
         335
         336
         337
         338
         339
         340
         341
         342
         343
         344
         345
         346
         347
         348
         349
         350
         351
         352
         353
         354
         355
         356
         357
         358
         359
         360
 1 0 0
 0 0 0
 0 0 0
 0 0 0
 0 0 0
 0 0 0
 0 0 0
 0 0 0
 0 0 0
 0 0 0
 0 0 0
 0 0 0
 0 0 0
 0 0 0
 0 0 0
 0 0 0
 0 0 0
 0 0 0
 0 0 0
 0 0 0
 0 0 0
 0 0 0
 0 0 0
 0 0 0
 0 0 0
 0 0 0
 0 0 0
 0 0 0
 0 0 0
 0 0 0
 0 0 0
 0 0 0
 0 0 0
 0 0 0
 0 0 0
 0 0 0
 0 0 0
 0 0 0
 0 0 0
 0 0 0
 0 0 0
 0 0 0
 0 0 0
 0 0 0
 0 0 0
 0 0 0
 0 0 0
 0 0 0
 0 0 0
 0 0 0
 0 0 0
 0 0 0
 0 0 0
 0 0 0
 0 0 0
 0 0 0
 0 0 0
 0 0 0
 0 0 0
 0 0 0
 0 0 0
 0 0 0
 0 0 0
 0 0 0
 0 0 0
 0 0 0
 0 0 0
 0 0 0
 0 0 0
 0 0 0
 0 0 0
 0 0 0
 0 0 0
 0 0 0
 0 0 0
 0 0 0
 0 0 0
 0 0 0
 0 0 0
 0 0 0
 0 0 0
 0 0 0
 0 0 0
 0 0 0
 0 0 0
 0 0 0
 0 0 0
 0 0 0
 0 0 0
 0 0 0
 0 0 0
 0 0 0
 0 0 0
 0 0 0
 0 0 0
 0 0 0
 0 0 0
 0 0 0
 0 0 0
 0 0 0
 0 0 0
 0 0 0
 0 0 0
 0 0 0
 0 0 0
 0 0 0
 0 0 0
 0 0 0
 0 0 0
 0 0 0
 0 0 0
 0 0 0
 0 0 0
 0 0 0
 0 0 0
 0 0 0
 0 0 0
 0 0 0
 0 0 0
 0 0 0
 0 0 0
 0 0 0
 0 0 0
 0 0 0
 0 0 0
 0 0 0
 0 0 0
 0 0 0
 0 0 0
 0 0 0
 0 0 0
 0 0 0
 0 0 0
 0 0 0
 0 0 0
 0 0 0
 0 0 0
 0 0 0
 0 0 0
 0 0 0
 0 0 0
 0 0 0
 0 0 0
 0 0 0
 0 0 0
 0 0 0
 0 0 0
 0 0 0
 0 0 0
 0 0 0
 0 0 0
 0 0 0
 0 0 0
 0 0 0
 0 0 0
 0 0 0
 0 0 0
 0 0 0
 0 0 0
 0 0 0
 0 0 0
 0 0 0
 0 0 0
 0 0 0
 0 0 0
 0 0 0
 0 0 0
 0 0 0
 0 0 0
 0 0 0
 0 0 0
 0 0 0
 0 0 0
 0 0 0
 0 0 0
 0 0 0
 0 0 0
 0 0 0
 0 0 0
 0 0 0
 0 0 0
 0 0 0
 0 0 0
 0 0 0
 0 0 0
 0 0 0
 0 0 0
 0 0 0
 0 0 0
 0 0 0
 0 0 0
 0 0 0
 0 0 0
 0 0 0
 0 0 0
 0 0 0
 0 0 0
 0 0 0
 0 0 0
 0 0 0
 0 0 0
 0 0 0
 0 0 0
 0 0 0
 0 0 0
 0 0 0
 0 0 0
 0 0 0
 0 0 0
 0 0 0
 0 0 0
 0 0 0
 0 0 0
 0 0 0
 0 0 0
 0 0 0
 0 0 0
 0 0 0
 0 0 0
 0 0 0
 0 0 0
 0 0 0
 0 0 0
 0 0 0
 0 0 0
 0 0 0
 0 0 0
 0 0 0
 0 0 0
 0 0 0
 0 0 0
 0 0 0
 0 0 0
 0 0 0
 0 0 0
 0 0 0
 0 0 0
 0 0 0
 0 0 0
 0 0 0
 0 0 0
 0 0 0
 0 0 0
 0 0 0
 0 0 0
 0 0 0
 0 0 0
 0 0 0
 0 0 0
 0 0 0
 0 0 0
 0 0 0
 0 0 0
 0 0 0
 0 0 0
 0 0 0
 0 0 0
 0 0 0
 0 0 0
 0 0 0
 0 0 0
 0 0 0
 0 0 0
 0 0 0
 0 0 0
 0 0 0
 0 0 0
 0 0 0
 0 0 0
 0 0 0
 0 0 0
 0 0 0
 0 0 0
 0 0 0
 0 0 0
 0 0 0
 0 0 0
 0 0 0
 0 0 0
 0 0 0
 0 0 0
 0 0 0
 0 0 0
 0 0 0
 0 0 0
 0 0 0
 0 0 0
 0 0 0
 0 0 0
 0 0 0
 0 0 0
 0 0 0
 0 0 0
 0 0 0
 0 0 0
 0 0 0
 0 0 0
 0 0 0
 0 0 0
 0 0 0
 0 0 0
 0 0 0
 0 0 0
 0 0 0
 0 0 0
 0 0 0
 0 0 0
 0 0 0
 0 0 0
 0 0 0
 0 0 0
 0 0 0
 0 0 0
 0 0 0
 0 0 0
 0 0 0
 0 0 0
 0 0 0
 0 0 0
 0 0 0
 0 0 0
 0 0 0
 0 0 0
 0 0 0
 0 0 0
 0 0 0
 0 0 0
 0 0 0
 0 0 0
 0 0 0
 0 0 0
 0 0 0
 0 0 0
 0 0 0
 0 0 0
 0 0 0
 0 0 0
 0 0 0
 0 0 0
 0 0 0
 0 0 0
 0 0 0
 0 0 0
 0 0 0
 0 0 0
 0 0 0
 0 0 0
 0 0 0
 0 0 0
 0 0 0
 0 0 0
 0 0 0
 0 0 0
 0 0 0
 0 0 0
 0 0 0
 0 0 0
 0 0 0
 0 0 0
 0 0 0
 0 0 0
  0.000000000  0.000000000  0.000000000
  0.000000000  0.000000000  0.000000000
  0.000000000  0.000000000  0.000000000
  0.000000000  0.000000000  0.000000000
  0.000000000  0.000000000  0.000000000
  0.000000000  0.000000000  0.000000000
  0.000000000  0.000000000  0.000000000
  0.000000000  0.000000000  0.000000000
  0.000000000  0.000000000  0.000000000
  0.000000000  0.000000000  0.000000000
  0.000000000  0.000000000  0.000000000
  0.000000000  0.000000000  0.000000000
  0.000000000  0.000000000  0.000000000
  0.000000000  0.000000000  0.000000000
  0.000000000  0.000000000  0.000000000
  0.000000000  0.000000000  0.000000000
  0.000000000  0.000000000  0.000000000
  0.000000000  0.000000000  0.000000000
  0.000000000  0.000000000  0.000000000
  0.000000000  0.000000000  0.000000000
  0.000000000  0.000000000  0.000000000
  0.000000000  0.000000000  0.000000000
  0.000000000  0.000000000  0.000000000
  0.000000000  0.000000000  0.000000000
  0.000000000  0.000000000  0.000000000
  0.000000000  0.000000000  0.000000000
  0.000000000  0.000000000  0.000000000
  0.000000000  0.000000000  0.000000000
  0.000000000  0.000000000  0.000000000
  0.000000000  0.000000000  0.000000000
  0.000000000  0.000000000  0.000000000
  0.000000000  0.000000000  0.000000000
  0.000000000  0.000000000  0.000000000
  0.000000000  0.000000000  0.000000000
  0.000000000  0.000000000  0.000000000
  0.000000000  0.000000000  0.000000000
  0.000000000  0.000000000  0.000000000
  0.000000000  0.000000000  0.000000000
  0.000000000  0.000000000  0.000000000
  0.000000000  0.000000000  0.000000000
  0.000000000  0.000000000  0.000000000
  0.000000000  0.000000000  0.000000000
  0.000000000  0.000000000  0.000000000
  0.000000000  0.000000000  0.000000000
  0.000000000  0.000000000  0.000000000
  0.000000000  0.000000000  0.000000000
  0.000000000  0.000000000  0.000000000
  0.000000000  0.000000000  0.000000000
  0.000000000  0.000000000  0.000000000
  0.000000000  0.000000000  0.000000000
  0.000000000  0.000000000  0.000000000
  0.000000000  0.000000000  0.000000000
  0.000000000  0.000000000  0.000000000
  0.000000000  0.000000000  0.000000000
  0.000000000  0.000000000  0.000000000
  0.000000000  0.000000000  0.000000000
  0.000000000  0.000000000  0.000000000
  0.000000000  0.000000000  0.000000000
  0.000000000  0.000000000  0.000000000
  0.000000000  0.000000000  0.000000000
  0.000000000  0.000000000  0.000000000
  0.000000000  0.000000000  0.000000000
  0.000000000  0.000000000  0.000000000
  0.000000000  0.000000000  0.000000000
  0.000000000  0.000000000  0.000000000
  0.000000000  0.000000000  0.000000000
  0.000000000  0.000000000  0.000000000
  0.000000000  0.000000000  0.000000000
  0.000000000  0.000000000  0.000000000
  0.000000000  0.000000000  0.000000000
  0.000000000  0.000000000  0.000000000
  0.000000000  0.000000000  0.000000000
  0.000000000  0.000000000  0.000000000
  0.000000000  0.000000000  0.000000000
  0.000000000  0.000000000  0.000000000
  0.000000000  0.000000000  0.000000000
  0.000000000  0.000000000  0.000000000
  0.000000000  0.000000000  0.000000000
  0.000000000  0.000000000  0.000000000
  0.000000000  0.000000000  0.000000000
  0.000000000  0.000000000  0.000000000
  0.000000000  0.000000000  0.000000000
  0.000000000  0.000000000  0.000000000
  0.000000000  0.000000000  0.000000000
  0.000000000  0.000000000  0.000000000
  0.000000000  0.000000000  0.000000000
  0.000000000  0.000000000  0.000000000
  0.000000000  0.000000000  0.000000000
  0.000000000  0.000000000  0.000000000
  0.000000000  0.000000000  0.000000000
  0.000000000  0.000000000  0.000000000
  0.000000000  0.000000000  0.000000000
  0.000000000  0.000000000  0.000000000
  0.000000000  0.000000000  0.000000000
  0.000000000  0.000000000  0.000000000
  0.000000000  0.000000000  0.000000000
  0.000000000  0.000000000  0.000000000
  0.000000000  0.000000000  0.000000000
  0.000000000  0.000000000  0.000000000
  0.000000000  0.000000000  0.000000000
  0.000000000  0.000000000  0.000000000
  0.000000000  0.000000000  0.000000000
  0.000000000  0.000000000  0.000000000
  0.000000000  0.000000000  0.000000000
  0.000000000  0.000000000  0.000000000
  0.000000000  0.000000000  0.000000000
  0.000000000  0.000000000  0.000000000
  0.000000000  0.000000000  0.000000000
  0.000000000  0.000000000  0.000000000
  0.000000000  0.000000000  0.000000000
  0.000000000  0.000000000  0.000000000
  0.000000000  0.000000000  0.000000000
  0.000000000  0.000000000  0.000000000
  0.000000000  0.000000000  0.000000000
  0.000000000  0.000000000  0.000000000
  0.000000000  0.000000000  0.000000000
  0.000000000  0.000000000  0.000000000
  0.000000000  0.000000000  0.000000000
  0.000000000  0.000000000  0.000000000
  0.000000000  0.000000000  0.000000000
  0.000000000  0.000000000  0.000000000
  0.000000000  0.000000000  0.000000000
  0.000000000  0.000000000  0.000000000
  0.000000000  0.000000000  0.000000000
  0.000000000  0.000000000  0.000000000
  0.000000000  0.000000000  0.000000000
  0.000000000  0.000000000  0.000000000
  0.000000000  0.000000000  0.000000000
  0.000000000  0.000000000  0.000000000
  0.000000000  0.000000000  0.000000000
  0.000000000  0.000000000  0.000000000
  0.000000000  0.000000000  0.000000000
  0.000000000  0.000000000  0.000000000
  0.000000000  0.000000000  0.000000000
  0.000000000  0.000000000  0.000000000
  0.000000000  0.000000000  0.000000000
  0.000000000  0.000000000  0.000000000
  0.000000000  0.000000000  0.000000000
  0.000000000  0.000000000  0.000000000
  0.000000000  0.000000000  0.000000000
  0.000000000  0.000000000  0.000000000
  0.000000000  0.000000000  0.000000000
  0.000000000  0.000000000  0.000000000
  0.000000000  0.000000000  0.000000000
  0.000000000  0.000000000  0.000000000
  0.000000000  0.000000000  0.000000000
  0.000000000  0.000000000  0.000000000
  0.000000000  0.000000000  0.000000000
  0.000000000  0.000000000  0.000000000
  0.000000000  0.000000000  0.000000000
  0.000000000  0.000000000  0.000000000
  0.000000000  0.000000000  0.000000000
  0.000000000  0.000000000  0.000000000
  0.000000000  0.000000000  0.000000000
  0.000000000  0.000000000  0.000000000
  0.000000000  0.000000000  0.000000000
  0.000000000  0.000000000  0.000000000
  0.000000000  0.000000000  0.000000000
  0.000000000  0.000000000  0.000000000
  0.000000000  0.000000000  0.000000000
  0.000000000  0.000000000  0.000000000
  0.000000000  0.000000000  0.000000000
  0.000000000  0.000000000  0.000000000
  0.000000000  0.000000000  0.000000000
  0.000000000  0.000000000  0.000000000
  0.000000000  0.000000000  0.000000000
  0.000000000  0.000000000  0.000000000
  0.000000000  0.000000000  0.000000000
  0.000000000  0.000000000  0.000000000
  0.000000000  0.000000000  0.000000000
  0.000000000  0.000000000  0.000000000
  0.000000000  0.000000000  0.000000000
  0.000000000  0.000000000  0.000000000
  0.000000000  0.000000000  0.000000000
  0.000000000  0.000000000  0.000000000
  0.000000000  0.000000000  0.000000000
  0.000000000  0.000000000  0.000000000
  0.000000000  0.000000000  0.000000000
  0.000000000  0.000000000  0.000000000
  0.000000000  0.000000000  0.000000000
  0.000000000  0.000000000  0.000000000
  0.000000000  0.000000000  0.000000000
  0.000000000  0.000000000  0.000000000
  0.000000000  0.000000000  0.000000000
  0.000000000  0.000000000  0.000000000
  0.000000000  0.000000000  0.000000000
  0.000000000  0.000000000  0.000000000
  0.000000000  0.000000000  0.000000000
  0.000000000  0.000000000  0.000000000
  0.000000000  0.000000000  0.000000000
  0.000000000  0.000000000  0.000000000
  0.000000000  0.000000000  0.000000000
  0.000000000  0.000000000  0.000000000
  0.000000000  0.000000000  0.000000000
  0.000000000  0.000000000  0.000000000
  0.000000000  0.000000000  0.000000000
  0.000000000  0.000000000  0.000000000
  0.000000000  0.000000000  0.000000000
  0.000000000  0.000000000  0.000000000
  0.000000000  0.000000000  0.000000000
  0.000000000  0.000000000  0.000000000
  0.000000000  0.000000000  0.000000000
  0.000000000  0.000000000  0.000000000
  0.000000000  0.000000000  0.000000000
  0.000000000  0.000000000  0.000000000
  0.000000000  0.000000000  0.000000000
  0.000000000  0.000000000  0.000000000
  0.000000000  0.000000000  0.000000000
  0.000000000  0.000000000  0.000000000
  0.000000000  0.000000000  0.000000000
  0.000000000  0.000000000  0.000000000
  0.000000000  0.000000000  0.000000000
  0.000000000  0.000000000  0.000000000
  0.000000000  0.000000000  0.000000000
  0.000000000  0.000000000  0.000000000
  0.000000000  0.000000000  0.000000000
  0.000000000  0.000000000  0.000000000
  0.000000000  0.000000000  0.000000000
  0.000000000  0.000000000  0.000000000
  0.000000000  0.000000000  0.000000000
  0.000000000  0.000000000  0.000000000
  0.000000000  0.000000000  0.000000000
  0.000000000  0.000000000  0.000000000
  0.000000000  0.000000000  0.000000000
  0.000000000  0.000000000  0.000000000
  0.000000000  0.000000000  0.000000000
  0.000000000  0.000000000  0.000000000
  0.000000000  0.000000000  0.000000000
  0.000000000  0.000000000  0.000000000
  0.000000000  0.000000000  0.000000000
  0.000000000  0.000000000  0.000000000
  0.000000000  0.000000000  0.000000000
  0.000000000  0.000000000  0.000000000
  0.000000000  0.000000000  0.000000000
  0.000000000  0.000000000  0.000000000
  0.000000000  0.000000000  0.000000000
  0.000000000  0.000000000  0.000000000
  0.000000000  0.000000000  0.000000000
  0.000000000  0.000000000  0.000000000
  0.000000000  0.000000000  0.000000000
  0.000000000  0.000000000  0.000000000
  0.000000000  0.000000000  0.000000000
  0.000000000  0.000000000  0.000000000
  0.000000000  0.000000000  0.000000000
  0.000000000  0.000000000  0.000000000
  0.000000000  0.000000000  0.000000000
  0.000000000  0.000000000  0.000000000
  0.000000000  0.000000000  0.000000000
  0.000000000  0.000000000  0.000000000
  0.000000000  0.000000000  0.000000000
  0.000000000  0.000000000  0.000000000
  0.000000000  0.000000000  0.000000000
  0.000000000  0.000000000  0.000000000
  0.000000000  0.000000000  0.000000000
  0.000000000  0.000000000  0.000000000
  0.000000000  0.000000000  0.000000000
  0.000000000  0.000000000  0.000000000
  0.000000000  0.000000000  0.000000000
  0.000000000  0.000000000  0.000000000
  0.000000000  0.000000000  0.000000000
  0.000000000  0.000000000  0.000000000
  0.000000000  0.000000000  0.000000000
  0.000000000  0.000000000  0.000000000
  0.000000000  0.000000000  0.000000000
  0.000000000  0.000000000  0.000000000
  0.000000000  0.000000000  0.000000000
  0.000000000  0.000000000  0.000000000
  0.000000000  0.000000000  0.000000000
  0.000000000  0.000000000  0.000000000
  0.000000000  0.000000000  0.000000000
  0.000000000  0.000000000  0.000000000
  0.000000000  0.000000000  0.000000000
  0.000000000  0.000000000  0.000000000
  0.000000000  0.000000000  0.000000000
  0.000000000  0.000000000  0.000000000
  0.000000000  0.000000000  0.000000000
  0.000000000  0.000000000  0.000000000
  0.000000000  0.000000000  0.000000000
  0.000000000  0.000000000  0.000000000
  0.000000000  0.000000000  0.000000000
  0.000000000  0.000000000  0.000000000
  0.000000000  0.000000000  0.000000000
  0.000000000  0.000000000  0.000000000
  0.000000000  0.000000000  0.000000000
  0.000000000  0.000000000  0.000000000
  0.000000000  0.000000000  0.000000000
  0.000000000  0.000000000  0.000000000
  0.000000000  0.000000000  0.000000000
  0.000000000  0.000000000  0.000000000
  0.000000000  0.000000000  0.000000000
  0.000000000  0.000000000  0.000000000
  0.000000000  0.000000000  0.000000000
  0.000000000  0.000000000  0.000000000
  0.000000000  0.000000000  0.000000000
  0.000000000  0.000000000  0.000000000
  0.000000000  0.000000000  0.000000000
  0.000000000  0.000000000  0.000000000
  0.000000000  0.000000000  0.000000000
  0.000000000  0.000000000  0.000000000
  0.000000000  0.000000000  0.000000000
  0.000000000  0.000000000  0.000000000
  0.000000000  0.000000000  0.000000000
  0.000000000  0.000000000  0.000000000
  0.000000000  0.000000000  0.000000000
  0.000000000  0.000000000  0.000000000
  0.000000000  0.000000000  0.000000000
  0.000000000  0.000000000  0.000000000
  0.000000000  0.000000000  0.000000000
  0.000000000  0.000000000  0.000000000
  0.000000000  0.000000000  0.000000000
  0.000000000  0.000000000  0.000000000
  0.000000000  0.000000000  0.000000000
  0.000000000  0.000000000  0.000000000
  0.000000000  0.000000000  0.000000000
  0.000000000  0.000000000  0.000000000
  0.000000000  0.000000000  0.000000000
  0.000000000  0.000000000  0.000000000
  0.000000000  0.000000000  0.000000000
  0.000000000  0.000000000  0.000000000
  0.000000000  0.000000000  0.000000000
  0.000000000  0.000000000  0.000000000
  0.000000000  0.000000000  0.000000000
  0.000000000  0.000000000  0.000000000
  0.000000000  0.000000000  0.000000000
  0.000000000  0.000000000  0.000000000
  0.000000000  0.000000000  0.000000000
  0.000000000  0.000000000  0.000000000
  0.000000000  0.000000000  0.000000000
  0.000000000  0.000000000  0.000000000
  0.000000000  0.000000000  0.000000000
  0.000000000  0.000000000  0.000000000
  0.000000000  0.000000000  0.000000000
  0.000000000  0.000000000  0.000000000
  0.000000000  0.000000000  0.000000000
  0.000000000  0.000000000  0.000000000
  0.000000000  0.000000000  0.000000000
  0.000000000  0.000000000  0.000000000
  0.000000000  0.000000000  0.000000000
  0.000000000  0.000000000  0.000000000
  0.000000000  0.000000000  0.000000000
  0.000000000  0.000000000  0.000000000
  0.000000000  0.000000000  0.000000000
  0.000000000  0.000000000  0.000000000
  0.000000000  0.000000000  0.000000000
  0.000000000  0.000000000  0.000000000
  0.000000000  0.000000000  0.000000000
  0.000000000  0.000000000  0.000000000
  0.000000000  0.000000000  0.000000000
  0.000000000  0.000000000  0.000000000
  0.000000000  0.000000000  0.000000000
  0.000000000  0.000000000  0.000000000
  0.000000000  0.000000000  0.000000000
  0.000000000  0.000000000  0.000000000
  0.000000000  0.000000000  0.000000000
  0.000000000  0.000000000  0.000000000
  0.000000000  0.000000000  0.000000000
  0.000000000  0.000000000  0.000000000
  0.000000000  0.000000000  0.000000000
  0.000000000  0.000000000  0.000000000
  0.000000000  0.000000000  0.000000000
 0 0 0
 0 0 0
 0 0 0
 0 0 0
 0 0 0
 0 0 0
 0 0 0
 0 0 0
 0 0 0
 0 0 0
 0 0 0
 0 0 0
 0 0 0
 0 0 0
 0 0 0
 0 0 0
 0 0 0
 0 0 0
 0 0 0
 0 0 0
 0 0 0
 0 0 0
 0 0 0
 0 0 0
 0 0 0
 0 0 0
 0 0 0
 0 0 0
 0 0 0
 0 0 0
 0 0 0
 0 0 0
 0 0 0
 0 0 0
 0 0 0
 0 0 0
 0 0 0
 0 0 0
 0 0 0
 0 0 0
 0 0 0
 0 0 0
 0 0 0
 0 0 0
 0 0 0
 0 0 0
 0 0 0
 0 0 0
 0 0 0
 0 0 0
 0 0 0
 0 0 0
 0 0 0
 0 0 0
 0 0 0
 0 0 0
 0 0 0
 0 0 0
 0 0 0
 0 0 0
 0 0 0
 0 0 0
 0 0 0
 0 0 0
 0 0 0
 0 0 0
 0 0 0
 0 0 0
 0 0 0
 0 0 0
 0 0 0
 0 0 0
 0 0 0
 0 0 0
 0 0 0
 0 0 0
 0 0 0
 0 0 0
 0 0 0
 0 0 0
 0 0 0
 0 0 0
 0 0 0
 0 0 0
 0 0 0
 0 0 0
 0 0 0
 0 0 0
 0 0 0
 0 0 0
 0 0 0
 0 0 0
 0 0 0
 0 0 0
 0 0 0
 0 0 0
 0 0 0
 0 0 0
 0 0 0
 0 0 0
 0 0 0
 0 0 0
 0 0 0
 0 0 0
 0 0 0
 0 0 0
 0 0 0
 0 0 0
 0 0 0
 0 0 0
 0 0 0
 0 0 0
 0 0 0
 0 0 0
 0 0 0
 0 0 0
 0 0 0
 0 0 0
 0 0 0
 0 0 0
 0 0 0
 0 0 0
 0 0 0
 0 0 0
 0 0 0
 0 0 0
 0 0 0
 0 0 0
 0 0 0
 0 0 0
 0 0 0
 0 0 0
 0 0 0
 0 0 0
 0 0 0
 0 0 0
 0 0 0
 0 0 0
 0 0 0
 0 0 0
 0 0 0
 0 0 0
 0 0 0
 0 0 0
 0 0 0
 0 0 0
 0 0 0
 0 0 0
 0 0 0
 0 0 0
 0 0 0
 0 0 0
 0 0 0
 0 0 0
 0 0 0
 0 0 0
 0 0 0
 0 0 0
 0 0 0
 0 0 0
 0 0 0
 0 0 0
 0 0 0
 0 0 0
 0 0 0
 0 0 0
 0 0 0
 0 0 0
 0 0 0
 0 0 0
 0 0 0
 0 0 0
 0 0 0
 0 0 0
 0 0 0
 0 0 0
 0 0 0
 0 0 0
 0 0 0
 0 0 0
 0 0 0
 0 0 0
 0 0 0
 0 0 0
 0 0 0
 0 0 0
 0 0 0
 0 0 0
 0 0 0
 0 0 0
 0 0 0
 0 0 0
 0 0 0
 0 0 0
 0 0 0
 0 0 0
 0 0 0
 0 0 0
 0 0 0
 0 0 0
 0 0 0
 0 0 0
 0 0 0
 0 0 0
 0 0 0
 0 0 0
 0 0 0
 0 0 0
 0 0 0
 0 0 0
 0 0 0
 0 0 0
 0 0 0
 0 0 0
 0 0 0
 0 0 0
 0 0 0
 0 0 0
 0 0 0
 0 0 0
 0 0 0
 0 0 0
 0 0 0
 0 0 0
 0 0 0
 0 0 0
 0 0 0
 0 0 0
 0 0 0
 0 0 0
 0 0 0
 0 0 0
 0 0 0
 0 0 0
 0 0 0
 0 0 0
 0 0 0
 0 0 0
 0 0 0
 0 0 0
 0 0 0
 0 0 0
 0 0 0
 0 0 0
 0 0 0
 0 0 0
 0 0 0
 0 0 0
 0 0 0
 0 0 0
 0 0 0
 0 0 0
 0 0 0
 0 0 0
 0 0 0
 0 0 0
 0 0 0
 0 0 0
 0 0 0
 0 0 0
 0 0 0
 0 0 0
 0 0 0
 0 0 0
 0 0 0
 0 0 0
  0.000000000  0.000000000  0.000000000
  0.000000000  0.000000000  0.000000000
  0.000000000  0.000000000  0.000000000
  0.000000000  0.000000000  0.000000000
  0.000000000  0.000000000  0.000000000
  0.000000000  0.000000000  0.000000000
  0.000000000  0.000000000  0.000000000
  0.000000000  0.000000000  0.000000000
  0.000000000  0.000000000  0.000000000
  0.000000000  0.000000000  0.000000000
  0.000000000  0.000000000  0.000000000
  0.000000000  0.000000000  0.000000000
  0.000000000  0.000000000  0.000000000
  0.000000000  0.000000000  0.000000000
  0.000000000  0.000000000  0.000000000
  0.000000000  0.000000000  0.000000000
  0.000000000  0.000000000  0.000000000
  0.000000000  0.000000000  0.000000000
  0.000000000  0.000000000  0.000000000
  0.000000000  0.000000000  0.000000000
  0.000000000  0.000000000  0.000000000
  0.000000000  0.000000000  0.000000000
  0.000000000  0.000000000  0.000000000
  0.000000000  0.000000000  0.000000000
  0.000000000  0.000000000  0.000000000
  0.000000000  0.000000000  0.000000000
  0.000000000  0.000000000  0.000000000
  0.000000000  0.000000000  0.000000000
  0.000000000  0.000000000  0.000000000
  0.000000000  0.000000000  0.000000000
  0.000000000  0.000000000  0.000000000
  0.000000000  0.000000000  0.000000000
  0.000000000  0.000000000  0.000000000
  0.000000000  0.000000000  0.000000000
  0.000000000  0.000000000  0.000000000
  0.000000000  0.000000000  0.000000000
  0.000000000  0.000000000  0.000000000
  0.000000000  0.000000000  0.000000000
  0.000000000  0.000000000  0.000000000
  0.000000000  0.000000000  0.000000000
  0.000000000  0.000000000  0.000000000
  0.000000000  0.000000000  0.000000000
  0.000000000  0.000000000  0.000000000
  0.000000000  0.000000000  0.000000000
  0.000000000  0.000000000  0.000000000
  0.000000000  0.000000000  0.000000000
  0.000000000  0.000000000  0.000000000
  0.000000000  0.000000000  0.000000000
  0.000000000  0.000000000  0.000000000
  0.000000000  0.000000000  0.000000000
  0.000000000  0.000000000  0.000000000
  0.000000000  0.000000000  0.000000000
  0.000000000  0.000000000  0.000000000
  0.000000000  0.000000000  0.000000000
  0.000000000  0.000000000  0.000000000
  0.000000000  0.000000000  0.000000000
  0.000000000  0.000000000  0.000000000
  0.000000000  0.000000000  0.000000000
  0.000000000  0.000000000  0.000000000
  0.000000000  0.000000000  0.000000000
  0.000000000  0.000000000  0.000000000
  0.000000000  0.000000000  0.000000000
  0.000000000  0.000000000  0.000000000
  0.000000000  0.000000000  0.000000000
  0.000000000  0.000000000  0.000000000
  0.000000000  0.000000000  0.000000000
  0.000000000  0.000000000  0.000000000
  0.000000000  0.000000000  0.000000000
  0.000000000  0.000000000  0.000000000
  0.000000000  0.000000000  0.000000000
  0.000000000  0.000000000  0.000000000
  0.000000000  0.000000000  0.000000000
  0.000000000  0.000000000  0.000000000
  0.000000000  0.000000000  0.000000000
  0.000000000  0.000000000  0.000000000
  0.000000000  0.000000000  0.000000000
  0.000000000  0.000000000  0.000000000
  0.000000000  0.000000000  0.000000000
  0.000000000  0.000000000  0.000000000
  0.000000000  0.000000000  0.000000000
  0.000000000  0.000000000  0.000000000
  0.000000000  0.000000000  0.000000000
  0.000000000  0.000000000  0.000000000
  0.000000000  0.000000000  0.000000000
  0.000000000  0.000000000  0.000000000
  0.000000000  0.000000000  0.000000000
  0.000000000  0.000000000  0.000000000
  0.000000000  0.000000000  0.000000000
  0.000000000  0.000000000  0.000000000
  0.000000000  0.000000000  0.000000000
  0.000000000  0.000000000  0.000000000
  0.000000000  0.000000000  0.000000000
  0.000000000  0.000000000  0.000000000
  0.000000000  0.000000000  0.000000000
  0.000000000  0.000000000  0.000000000
  0.000000000  0.000000000  0.000000000
  0.000000000  0.000000000  0.000000000
  0.000000000  0.000000000  0.000000000
  0.000000000  0.000000000  0.000000000
  0.000000000  0.000000000  0.000000000
  0.000000000  0.000000000  0.000000000
  0.000000000  0.000000000  0.000000000
  0.000000000  0.000000000  0.000000000
  0.000000000  0.000000000  0.000000000
  0.000000000  0.000000000  0.000000000
  0.000000000  0.000000000  0.000000000
  0.000000000  0.000000000  0.000000000
  0.000000000  0.000000000  0.000000000
  0.000000000  0.000000000  0.000000000
  0.000000000  0.000000000  0.000000000
  0.000000000  0.000000000  0.000000000
  0.000000000  0.000000000  0.000000000
  0.000000000  0.000000000  0.000000000
  0.000000000  0.000000000  0.000000000
  0.000000000  0.000000000  0.000000000
  0.000000000  0.000000000  0.000000000
  0.000000000  0.000000000  0.000000000
  0.000000000  0.000000000  0.000000000
  0.000000000  0.000000000  0.000000000
  0.000000000  0.000000000  0.000000000
  0.000000000  0.000000000  0.000000000
  0.000000000  0.000000000  0.000000000
  0.000000000  0.000000000  0.000000000
  0.000000000  0.000000000  0.000000000
  0.000000000  0.000000000  0.000000000
  0.000000000  0.000000000  0.000000000
  0.000000000  0.000000000  0.000000000
  0.000000000  0.000000000  0.000000000
  0.000000000  0.000000000  0.000000000
  0.000000000  0.000000000  0.000000000
  0.000000000  0.000000000  0.000000000
  0.000000000  0.000000000  0.000000000
  0.000000000  0.000000000  0.000000000
  0.000000000  0.000000000  0.000000000
  0.000000000  0.000000000  0.000000000
  0.000000000  0.000000000  0.000000000
  0.000000000  0.000000000  0.000000000
  0.000000000  0.000000000  0.000000000
  0.000000000  0.000000000  0.000000000
  0.000000000  0.000000000  0.000000000
  0.000000000  0.000000000  0.000000000
  0.000000000  0.000000000  0.000000000
  0.000000000  0.000000000  0.000000000
  0.000000000  0.000000000  0.000000000
  0.000000000  0.000000000  0.000000000
  0.000000000  0.000000000  0.000000000
  0.000000000  0.000000000  0.000000000
  0.000000000  0.000000000  0.000000000
  0.000000000  0.000000000  0.000000000
  0.000000000  0.000000000  0.000000000
  0.000000000  0.000000000  0.000000000
  0.000000000  0.000000000  0.000000000
  0.000000000  0.000000000  0.000000000
  0.000000000  0.000000000  0.000000000
  0.000000000  0.000000000  0.000000000
  0.000000000  0.000000000  0.000000000
  0.000000000  0.000000000  0.000000000
  0.000000000  0.000000000  0.000000000
  0.000000000  0.000000000  0.000000000
  0.000000000  0.000000000  0.000000000
  0.000000000  0.000000000  0.000000000
  0.000000000  0.000000000  0.000000000
  0.000000000  0.000000000  0.000000000
  0.000000000  0.000000000  0.000000000
  0.000000000  0.000000000  0.000000000
  0.000000000  0.000000000  0.000000000
  0.000000000  0.000000000  0.000000000
  0.000000000  0.000000000  0.000000000
  0.000000000  0.000000000  0.000000000
  0.000000000  0.000000000  0.000000000
  0.000000000  0.000000000  0.000000000
  0.000000000  0.000000000  0.000000000
  0.000000000  0.000000000  0.000000000
  0.000000000  0.000000000  0.000000000
  0.000000000  0.000000000  0.000000000
  0.000000000  0.000000000  0.000000000
  0.000000000  0.000000000  0.000000000
  0.000000000  0.000000000  0.000000000
  0.000000000  0.000000000  0.000000000
  0.000000000  0.000000000  0.000000000
  0.000000000  0.000000000  0.000000000
  0.000000000  0.000000000  0.000000000
  0.000000000  0.000000000  0.000000000
  0.000000000  0.000000000  0.000000000
  0.000000000  0.000000000  0.000000000
  0.000000000  0.000000000  0.000000000
  0.000000000  0.000000000  0.000000000
  0.000000000  0.000000000  0.000000000
  0.000000000  0.000000000  0.000000000
  0.000000000  0.000000000  0.000000000
  0.000000000  0.000000000  0.000000000
  0.000000000  0.000000000  0.000000000
  0.000000000  0.000000000  0.000000000
  0.000000000  0.000000000  0.000000000
  0.000000000  0.000000000  0.000000000
  0.000000000  0.000000000  0.000000000
  0.000000000  0.000000000  0.000000000
  0.000000000  0.000000000  0.000000000
  0.000000000  0.000000000  0.000000000
  0.000000000  0.000000000  0.000000000
  0.000000000  0.000000000  0.000000000
  0.000000000  0.000000000  0.000000000
  0.000000000  0.000000000  0.000000000
  0.000000000  0.000000000  0.000000000
  0.000000000  0.000000000  0.000000000
  0.000000000  0.000000000  0.000000000
  0.000000000  0.000000000  0.000000000
  0.000000000  0.000000000  0.000000000
  0.000000000  0.000000000  0.000000000
  0.000000000  0.000000000  0.000000000
  0.000000000  0.000000000  0.000000000
  0.000000000  0.000000000  0.000000000
  0.000000000  0.000000000  0.000000000
  0.000000000  0.000000000  0.000000000
  0.000000000  0.000000000  0.000000000
  0.000000000  0.000000000  0.000000000
  0.000000000  0.000000000  0.000000000
  0.000000000  0.000000000  0.000000000
  0.000000000  0.000000000  0.000000000
  0.000000000  0.000000000  0.000000000
  0.000000000  0.000000000  0.000000000
  0.000000000  0.000000000  0.000000000
  0.000000000  0.000000000  0.000000000
  0.000000000  0.000000000  0.000000000
  0.000000000  0.000000000  0.000000000
  0.000000000  0.000000000  0.000000000
  0.000000000  0.000000000  0.000000000
  0.000000000  0.000000000  0.000000000
  0.000000000  0.000000000  0.000000000
  0.000000000  0.000000000  0.000000000
  0.000000000  0.000000000  0.000000000
  0.000000000  0.000000000  0.000000000
  0.000000000  0.000000000  0.000000000
  0.000000000  0.000000000  0.000000000
  0.000000000  0.000000000  0.000000000
  0.000000000  0.000000000  0.000000000
  0.000000000  0.000000000  0.000000000
  0.000000000  0.000000000  0.000000000
  0.000000000  0.000000000  0.000000000
  0.000000000  0.000000000  0.000000000
  0.000000000  0.000000000  0.000000000
  0.000000000  0.000000000  0.000000000
  0.000000000  0.000000000  0.000000000
  0.000000000  0.000000000  0.000000000
  0.000000000  0.000000000  0.000000000
  0.000000000  0.000000000  0.000000000
  0.000000000  0.000000000  0.000000000
  0.000000000  0.000000000  0.000000000
  0.000000000  0.000000000  0.000000000
  0.000000000  0.000000000  0.000000000
  0.000000000  0.000000000  0.000000000
  0.000000000  0.000000000  0.000000000
  0.000000000  0.000000000  0.000000000
  0.000000000  0.000000000  0.000000000
  0.000000000  0.000000000  0.000000000
  0.000000000  0.000000000  0.000000000
  0.000000000  0.000000000  0.000000000
  0.000000000  0.000000000  0.000000000
  0.000000000  0.000000000  0.000000000
  0.000000000  0.000000000  0.000000000
  0.000000000  0.000000000  0.000000000
  0.000000000  0.000000000  0.000000000
  0.000000000  0.000000000  0.000000000
  0.000000000  0.000000000  0.000000000
  0.000000000  0.000000000  0.000000000
  0.000000000  0.000000000  0.000000000
  0.000000000  0.000000000  0.000000000
  0.000000000  0.000000000  0.000000000
  0.000000000  0.000000000  0.000000000
  0.000000000  0.000000000  0.000000000
  0.000000000  0.000000000  0.000000000
  0.000000000  0.000000000  0.000000000
  0.000000000  0.000000000  0.000000000
  0.000000000  0.000000000  0.000000000
  0.000000000  0.000000000  0.000000000
  0.000000000  0.000000000  0.000000000
  0.000000000  0.000000000  0.000000000
  0.000000000  0.000000000  0.000000000
  0.000000000  0.000000000  0.000000000
  0.000000000  0.000000000  0.000000000
  0.000000000  0.000000000  0.000000000
  0.000000000  0.000000000  0.000000000
  0.000000000  0.000000000  0.000000000
  0.000000000  0.000000000  0.000000000
  0.000000000  0.000000000  0.000000000
  0.000000000  0.000000000  0.000000000
  0.000000000  0.000000000  0.000000000
  0.000000000  0.000000000  0.000000000
  0.000000000  0.000000000  0.000000000
  0.000000000  0.000000000  0.000000000
  0.000000000  0.000000000  0.000000000
  0.000000000  0.000000000  0.000000000
  0.000000000  0.000000000  0.000000000
  0.000000000  0.000000000  0.000000000
  0.000000000  0.000000000  0.000000000
  0.000000000  0.000000000  0.000000000
  0.000000000  0.000000000  0.000000000
  0.000000000  0.000000000  0.000000000
  0.000000000  0.000000000  0.000000000
  0.000000000  0.000000000  0.000000000
  0.000000000  0.000000000  0.000000000
  0.000000000  0.000000000  0.000000000
  0.000000000  0.000000000  0.000000000
  0.000000000  0.000000000  0.000000000
  0.000000000  0.000000000  0.000000000
  0.000000000  0.000000000  0.000000000
  0.000000000  0.000000000  0.000000000
  0.000000000  0.000000000  0.000000000
  0.000000000  0.000000000  0.000000000
  0.000000000  0.000000000  0.000000000
  0.000000000  0.000000000  0.000000000
  0.000000000  0.000000000  0.000000000
  0.000000000  0.000000000  0.000000000
  0.000000000  0.000000000  0.000000000
  0.000000000  0.000000000  0.000000000
  0.000000000  0.000000000  0.000000000
  0.000000000  0.000000000  0.000000000
  0.000000000  0.000000000  0.000000000
  0.000000000  0.000000000  0.000000000
  0.000000000  0.000000000  0.000000000
  0.000000000  0.000000000  0.000000000
  0.000000000  0.000000000  0.000000000
  0.000000000  0.000000000  0.000000000
  0.000000000  0.000000000  0.000000000
  0.000000000  0.000000000  0.000000000
  0.000000000  0.000000000  0.000000000
  0.000000000  0.000000000  0.000000000
  0.000000000  0.000000000  0.000000000
  0.000000000  0.000000000  0.000000000
  0.000000000  0.000000000  0.000000000
  0.000000000  0.000000000  0.000000000
  0.000000000  0.000000000  0.000000000
  0.000000000  0.000000000  0.000000000
  0.000000000  0.000000000  0.000000000
  0.000000000  0.000000000  0.000000000
  0.000000000  0.000000000  0.000000000
  0.000000000  0.000000000  0.000000000
  0.000000000  0.000000000  0.000000000
  0.000000000  0.000000000  0.000000000
  0.000000000  0.000000000  0.000000000
  0.000000000  0.000000000  0.000000000
  0.000000000  0.000000000  0.000000000
  0.000000000  0.000000000  0.000000000
  0.000000000  0.000000000  0.000000000
  0.000000000  0.000000000  0.000000000
  0.000000000  0.000000000  0.000000000
  0.000000000  0.000000000  0.000000000
  0.000000000  0.000000000  0.000000000
  0.000000000  0.000000000  0.000000000
  0.000000000  0.000000000  0.000000000
  0.000000000  0.000000000  0.000000000
  0.000000000  0.000000000  0.000000000
  0.000000000  0.000000000  0.000000000
  0.000000000  0.000000000  0.000000000
  0.000000000  0.000000000  0.000000000
  0.000000000  0.000000000  0.000000000
  0.000000000  0.000000000  0.000000000
  0.000000000  0.000000000  0.000000000
  0.000000000  0.000000000  0.000000000
  0.000000000  0.000000000  0.000000000
  0.000000000  0.000000000  0.000000000
  0.000000000  0.000000000  0.000000000
  0.000000000  0.000000000  0.000000000
  0.000000000  0.000000000  0.000000000
  0.000000000  0.000000000  0.000000000
  0.000000000  0.000000000  0.000000000
  0.000000000  0.000000000  0.000000000
  0.000000000  0.000000000  0.000000000
  0.000000000  0.000000000  0.000000000
  0.000000000  0.000000000  0.000000000
  0.000000000  0.000000000  0.000000000
  0.000000000  0.000000000  0.000000000
  0.000000000  0.000000000  0.000000000
  0.000000000  0.000000000  0.000000000
  0.000000000  0.000000000  0.000000000
  0.000000000  0.000000000  0.000000000
  0.000000000  0.000000000  0.000000000
  0.000000000  0.000000000  0.000000000
  0.000000000  0.000000000  0.000000000
  0.000000000  0.000000000  0.000000000
  0.000000000  0.000000000  0.000000000
  0.000000000  0.000000000  0.000000000
  0.000000000  0.000000000  0.000000000
  0.000000000  0.000000000  0.000000000
  0.000000000  0.000000000  0.000000000
  0.000000000  0.000000000  0.000000000
  0.000000000  0.000000000  0.000000000
  0.000000000  0.000000000  0.000000000
  0.000000000  0.000000000  0.000000000
  0.000000000  0.000000000  0.000000000
  0.000000000  0.000000000  0.000000000
  0.000000000  0.000000000  0.000000000
   1.06000000000000     
   1.06000000000000     
   1.06000000000000     
   1.06000000000000     
   1.06000000000000     
   1.06000000000000     
   1.06000000000000     
   1.06000000000000     
   1.06000000000000     
   1.06000000000000     
   1.06000000000000     
   1.06000000000000     
   1.06000000000000     
   1.06000000000000     
   1.06000000000000     
   1.06000000000000     
   1.06000000000000     
   1.06000000000000     
   1.06000000000000     
   1.06000000000000     
   1.06000000000000     
   1.06000000000000     
   1.06000000000000     
   1.06000000000000     
   1.06000000000000     
   1.06000000000000     
   1.06000000000000     
   1.06000000000000     
   1.06000000000000     
   1.06000000000000     
   1.06000000000000     
   1.06000000000000     
   1.06000000000000     
   1.06000000000000     
   1.06000000000000     
   1.06000000000000     
   1.06000000000000     
   1.06000000000000     
   1.06000000000000     
   1.06000000000000     
   1.06000000000000     
   1.06000000000000     
   1.06000000000000     
   1.06000000000000     
   1.06000000000000     
   1.06000000000000     
   1.06000000000000     
   1.06000000000000     
   1.06000000000000     
   1.06000000000000     
   1.06000000000000     
   1.06000000000000     
   1.06000000000000     
   1.06000000000000     
   1.06000000000000     
   1.06000000000000     
   1.06000000000000     
   1.06000000000000     
   1.06000000000000     
   1.06000000000000     
   1.06000000000000     
   1.06000000000000     
   1.06000000000000     
   1.06000000000000     
   1.06000000000000     
   1.06000000000000     
   1.06000000000000     
   1.06000000000000     
   1.06000000000000     
   1.06000000000000     
   1.06000000000000     
   1.06000000000000     
   1.06000000000000     
   1.06000000000000     
   1.06000000000000     
   1.06000000000000     
   1.06000000000000     
   1.06000000000000     
   1.06000000000000     
   1.06000000000000     
   1.06000000000000     
   1.06000000000000     
   1.06000000000000     
   1.06000000000000     
   1.06000000000000     
   1.06000000000000     
   1.06000000000000     
   1.06000000000000     
   1.06000000000000     
   1.06000000000000     
   1.06000000000000     
   1.06000000000000     
   1.06000000000000     
   1.06000000000000     
   1.06000000000000     
   1.06000000000000     
   1.06000000000000     
   1.06000000000000     
   1.06000000000000     
   1.06000000000000     
   1.06000000000000     
   1.06000000000000     
   1.06000000000000     
   1.06000000000000     
   1.06000000000000     
   1.06000000000000     
   1.06000000000000     
   1.06000000000000     
   1.06000000000000     
   1.06000000000000     
   1.06000000000000     
   1.06000000000000     
   1.06000000000000     
   1.06000000000000     
   1.06000000000000     
   1.06000000000000     
   1.06000000000000     
   1.06000000000000     
   1.06000000000000     
   1.06000000000000     
   1.06000000000000     
   1.06000000000000     
   1.06000000000000     
   1.06000000000000     
   1.06000000000000     
   1.06000000000000     
  3.000000000000000E-002
  3.000000000000000E-002
  3.000000000000000E-002
  3.000000000000000E-002
  3.000000000000000E-002
  3.000000000000000E-002
  3.000000000000000E-002
  3.000000000000000E-002
  3.000000000000000E-002
  3.000000000000000E-002
  3.000000000000000E-002
  3.000000000000000E-002
  3.000000000000000E-002
  3.000000000000000E-002
  3.000000000000000E-002
  3.000000000000000E-002
  3.000000000000000E-002
  3.000000000000000E-002
  3.000000000000000E-002
  3.000000000000000E-002
  3.000000000000000E-002
  3.000000000000000E-002
  3.000000000000000E-002
  3.000000000000000E-002
  3.000000000000000E-002
  3.000000000000000E-002
  3.000000000000000E-002
  3.000000000000000E-002
  3.000000000000000E-002
  3.000000000000000E-002
  3.000000000000000E-002
  3.000000000000000E-002
  3.000000000000000E-002
  3.000000000000000E-002
  3.000000000000000E-002
  3.000000000000000E-002
  3.000000000000000E-002
  3.000000000000000E-002
  3.000000000000000E-002
  3.000000000000000E-002
  3.000000000000000E-002
  3.000000000000000E-002
  3.000000000000000E-002
  3.000000000000000E-002
  3.000000000000000E-002
  3.000000000000000E-002
  3.000000000000000E-002
  3.000000000000000E-002
  3.000000000000000E-002
  3.000000000000000E-002
  3.000000000000000E-002
  3.000000000000000E-002
  3.000000000000000E-002
  3.000000000000000E-002
  3.000000000000000E-002
  3.000000000000000E-002
  3.000000000000000E-002
  3.000000000000000E-002
  3.000000000000000E-002
  3.000000000000000E-002
  3.000000000000000E-002
  3.000000000000000E-002
  3.000000000000000E-002
  3.000000000000000E-002
  3.000000000000000E-002
  3.000000000000000E-002
  3.000000000000000E-002
  3.000000000000000E-002
  3.000000000000000E-002
  3.000000000000000E-002
  3.000000000000000E-002
  3.000000000000000E-002
  3.000000000000000E-002
  3.000000000000000E-002
  3.000000000000000E-002
  3.000000000000000E-002
  3.000000000000000E-002
  3.000000000000000E-002
  3.000000000000000E-002
  3.000000000000000E-002
  3.000000000000000E-002
  3.000000000000000E-002
  3.000000000000000E-002
  3.000000000000000E-002
  3.000000000000000E-002
  3.000000000000000E-002
  3.000000000000000E-002
  3.000000000000000E-002
  3.000000000000000E-002
  3.000000000000000E-002
  3.000000000000000E-002
  3.000000000000000E-002
  3.000000000000000E-002
  3.000000000000000E-002
  3.000000000000000E-002
  3.000000000000000E-002
  3.000000000000000E-002
  3.000000000000000E-002
  3.000000000000000E-002
  3.000000000000000E-002
  3.000000000000000E-002
  3.000000000000000E-002
  3.000000000000000E-002
  3.000000000000000E-002
  3.000000000000000E-002
  3.000000000000000E-002
  3.000000000000000E-002
  3.000000000000000E-002
  3.000000000000000E-002
  3.000000000000000E-002
  3.000000000000000E-002
  3.000000000000000E-002
  3.000000000000000E-002
  3.000000000000000E-002
  3.000000000000000E-002
  3.000000000000000E-002
  3.000000000000000E-002
  3.000000000000000E-002
  3.000000000000000E-002
  3.000000000000000E-002
  3.000000000000000E-002
  3.000000000000000E-002
  3.000000000000000E-002
  3.000000000000000E-002
  3.000000000000000E-002
  3.000000000000000E-002
