           3
 2 1 2
   9   2  24
  0.000000000  0.000000000  0.000000000  0.250000000  0.250000000  0.500000000  0.500000000  0.750000000  0.750000000  1.000000000  1.000000000  1.000000000
  0.000000000  0.000000000  1.000000000  1.000000000
  0.629175476  0.629175476  0.629175476  0.629636748  0.630098020  0.630559293  0.631020565  0.631481837  0.631943110  0.632404382  0.632865655  0.633326927  0.633788199  0.634249472  0.634710744  0.635172016  0.635633289  0.636094561  0.636555833  0.637017106  0.637478378  0.637939650  0.638400923  0.638862195  0.639323467  0.639323467  0.639323467
 -0.131174733970E+02  0.442926068000E+00  0.317182282320E+02  0.100000000000E+01
 -0.131174733970E+02  0.442926068000E+00  0.317182282320E+02  0.707107299788E+00
 -0.131174733970E+02  0.442926068000E+00  0.317182282320E+02  0.100000000000E+01
 -0.131174733970E+02  0.442926068000E+00  0.317182282320E+02  0.707106603266E+00
 -0.131174733970E+02  0.442926068000E+00  0.317182282320E+02  0.100000000000E+01
 -0.131174733970E+02  0.442926068000E+00  0.317182282320E+02  0.707106164871E+00
 -0.131174733970E+02  0.442926068000E+00  0.317182282320E+02  0.100000000000E+01
 -0.131174733970E+02  0.442926068000E+00  0.317182282320E+02  0.707107040285E+00
 -0.131174733970E+02  0.442926068000E+00  0.317182282320E+02  0.100000000000E+01
 -0.131960408820E+02  0.579109395000E+00  0.313469241940E+02  0.100000000000E+01
 -0.130491170850E+02  0.103058619000E+00  0.310667074170E+02  0.707107299788E+00
 -0.128693327690E+02 -0.329889267000E+00  0.313822747940E+02  0.100000000000E+01
 -0.126533543330E+02 -0.742167852000E+00  0.322360596870E+02  0.707106603266E+00
 -0.129866817850E+02  0.216220312000E+00  0.323363397640E+02  0.100000000000E+01
 -0.127662535600E+02  0.792324193000E+00  0.323804360650E+02  0.707106164871E+00
 -0.128719272000E+02  0.989292398000E+00  0.318666614550E+02  0.100000000000E+01
 -0.130184490640E+02  0.959648433000E+00  0.314695026330E+02  0.707107040285E+00
 -0.131960408820E+02  0.579109395000E+00  0.313469241940E+02  0.100000000000E+01
 -0.128318599270E+02  0.503242995000E+00  0.316779936290E+02  0.100000000000E+01
 -0.128318599270E+02  0.503242995000E+00  0.316779936290E+02  0.707106754505E+00
 -0.128318599270E+02  0.503242995000E+00  0.316779936290E+02  0.100000000000E+01
 -0.128318599270E+02  0.503242995000E+00  0.316779936290E+02  0.707106888753E+00
 -0.128318599270E+02  0.503242995000E+00  0.316779936290E+02  0.100000000000E+01
 -0.128318599270E+02  0.503242995000E+00  0.316779936290E+02  0.707107019215E+00
 -0.128318599270E+02  0.503242995000E+00  0.316779936290E+02  0.100000000000E+01
 -0.128318599270E+02  0.503242995000E+00  0.316779936290E+02  0.707106712559E+00
 -0.128318599270E+02  0.503242995000E+00  0.316779936290E+02  0.100000000000E+01
 -0.129092312310E+02  0.624630785000E+00  0.313270060610E+02  0.100000000000E+01
 -0.127667885750E+02  0.163896205000E+00  0.310451149020E+02  0.707106754505E+00
 -0.125818203340E+02 -0.260645542000E+00  0.313586871460E+02  0.100000000000E+01
 -0.123670059890E+02 -0.639213848000E+00  0.321706487340E+02  0.707106888753E+00
 -0.126874004430E+02  0.276601975000E+00  0.323333166260E+02  0.100000000000E+01
 -0.125475965020E+02  0.839695479000E+00  0.323051941360E+02  0.707107019215E+00
 -0.126659856270E+02  0.980237297000E+00  0.318063953610E+02  0.100000000000E+01
 -0.127822222310E+02  0.934112045000E+00  0.314725158210E+02  0.707106712559E+00
 -0.129092312310E+02  0.624630785000E+00  0.313270060610E+02  0.100000000000E+01
 -0.125479041010E+02  0.570401440000E+00  0.316368693700E+02  0.100000000000E+01
 -0.125479041010E+02  0.570401440000E+00  0.316368693700E+02  0.707106748267E+00
 -0.125479041010E+02  0.570401440000E+00  0.316368693700E+02  0.100000000000E+01
 -0.125479041010E+02  0.570401440000E+00  0.316368693700E+02  0.707106818798E+00
 -0.125479041010E+02  0.570401440000E+00  0.316368693700E+02  0.100000000000E+01
 -0.125479041010E+02  0.570401440000E+00  0.316368693700E+02  0.707106808661E+00
 -0.125479041010E+02  0.570401440000E+00  0.316368693700E+02  0.100000000000E+01
 -0.125479041010E+02  0.570401440000E+00  0.316368693700E+02  0.707106799007E+00
 -0.125479041010E+02  0.570401440000E+00  0.316368693700E+02  0.100000000000E+01
 -0.126299032700E+02  0.687600451000E+00  0.312764015490E+02  0.100000000000E+01
 -0.124831051480E+02  0.238174728000E+00  0.310676815540E+02  0.707106748267E+00
 -0.123007534380E+02 -0.171076215000E+00  0.313395708030E+02  0.100000000000E+01
 -0.120445963900E+02 -0.619486923000E+00  0.321723185710E+02  0.707106818798E+00
 -0.124066111470E+02  0.368455853000E+00  0.322579915300E+02  0.100000000000E+01
 -0.123029657020E+02  0.927787269000E+00  0.322757333990E+02  0.707106808661E+00
 -0.124071191790E+02  0.112795514400E+01  0.317861212070E+02  0.100000000000E+01
 -0.125294943200E+02  0.108853478500E+01  0.313808177550E+02  0.707106799007E+00
 -0.126299032700E+02  0.687600451000E+00  0.312764015490E+02  0.100000000000E+01
 -0.122656650620E+02  0.644089342000E+00  0.315951088690E+02  0.100000000000E+01
 -0.122656650620E+02  0.644089342000E+00  0.315951088690E+02  0.707107318337E+00
 -0.122656650620E+02  0.644089342000E+00  0.315951088690E+02  0.100000000000E+01
 -0.122656650620E+02  0.644089342000E+00  0.315951088690E+02  0.707106614429E+00
 -0.122656650620E+02  0.644089342000E+00  0.315951088690E+02  0.100000000000E+01
 -0.122656650620E+02  0.644089342000E+00  0.315951088690E+02  0.707106282403E+00
 -0.122656650620E+02  0.644089342000E+00  0.315951088690E+02  0.100000000000E+01
 -0.122656650620E+02  0.644089342000E+00  0.315951088690E+02  0.707107009137E+00
 -0.122656650620E+02  0.644089342000E+00  0.315951088690E+02  0.100000000000E+01
 -0.123609842500E+02  0.769052201000E+00  0.311850621730E+02  0.100000000000E+01
 -0.121999878610E+02  0.310432869000E+00  0.310573522670E+02  0.707107318337E+00
 -0.120179829040E+02 -0.867658860000E-01  0.313148013580E+02  0.100000000000E+01
 -0.117258976480E+02 -0.609244442000E+00  0.321088682130E+02  0.707106614429E+00
 -0.121293626850E+02  0.465397814000E+00  0.321814561520E+02  0.100000000000E+01
 -0.120551522850E+02  0.104344115000E+01  0.322613838500E+02  0.707106282403E+00
 -0.121613873990E+02  0.128795306500E+01  0.317670873270E+02  0.100000000000E+01
 -0.122939386550E+02  0.131611008600E+01  0.312484768830E+02  0.707107009137E+00
 -0.123609842500E+02  0.769052201000E+00  0.311850621730E+02  0.100000000000E+01
 -0.119851668790E+02  0.723959595000E+00  0.315529822330E+02  0.100000000000E+01
 -0.119851668790E+02  0.723959595000E+00  0.315529822330E+02  0.707106735324E+00
 -0.119851668790E+02  0.723959595000E+00  0.315529822330E+02  0.100000000000E+01
 -0.119851668790E+02  0.723959595000E+00  0.315529822330E+02  0.707106878239E+00
 -0.119851668790E+02  0.723959595000E+00  0.315529822330E+02  0.100000000000E+01
 -0.119851668790E+02  0.723959595000E+00  0.315529822330E+02  0.707106872030E+00
 -0.119851668790E+02  0.723959595000E+00  0.315529822330E+02  0.100000000000E+01
 -0.119851668790E+02  0.723959595000E+00  0.315529822330E+02  0.707106787685E+00
 -0.119851668790E+02  0.723959595000E+00  0.315529822330E+02  0.100000000000E+01
 -0.120887375690E+02  0.849302710000E+00  0.311128989290E+02  0.100000000000E+01
 -0.119145908320E+02  0.392339617000E+00  0.310825526600E+02  0.707106735324E+00
 -0.117303304030E+02 -0.171773220000E-01  0.312819200320E+02  0.100000000000E+01
 -0.113785974110E+02 -0.646299270000E+00  0.321399338150E+02  0.707106878239E+00
 -0.118492793980E+02  0.559507041000E+00  0.321303803540E+02  0.100000000000E+01
 -0.118009511690E+02  0.118438585400E+01  0.323044221490E+02  0.707106872030E+00
 -0.119327199330E+02  0.142650867200E+01  0.317407369520E+02  0.100000000000E+01
 -0.120694483390E+02  0.142225968400E+01  0.311675406060E+02  0.707106787685E+00
 -0.120887375690E+02  0.849302710000E+00  0.311128989290E+02  0.100000000000E+01
 -0.117063974000E+02  0.809631992000E+00  0.315107762820E+02  0.100000000000E+01
 -0.117063974000E+02  0.809631992000E+00  0.315107762820E+02  0.707106662877E+00
 -0.117063974000E+02  0.809631992000E+00  0.315107762820E+02  0.100000000000E+01
 -0.117063974000E+02  0.809631992000E+00  0.315107762820E+02  0.707106931835E+00
 -0.117063974000E+02  0.809631992000E+00  0.315107762820E+02  0.100000000000E+01
 -0.117063974000E+02  0.809631992000E+00  0.315107762820E+02  0.707106990552E+00
 -0.117063974000E+02  0.809631992000E+00  0.315107762820E+02  0.100000000000E+01
 -0.117063974000E+02  0.809631992000E+00  0.315107762820E+02  0.707106657452E+00
 -0.117063974000E+02  0.809631992000E+00  0.315107762820E+02  0.100000000000E+01
 -0.118166886040E+02  0.933615179000E+00  0.310436564330E+02  0.100000000000E+01
 -0.116425903550E+02  0.503148019000E+00  0.310787245240E+02  0.707106662877E+00
 -0.114607563420E+02  0.103715293000E+00  0.312654137270E+02  0.100000000000E+01
 -0.110200234550E+02 -0.729077071000E+00  0.321228569250E+02  0.707106931835E+00
 -0.115698619480E+02  0.656147375000E+00  0.320890465130E+02  0.100000000000E+01
 -0.115679921300E+02  0.130495831400E+01  0.323031634530E+02  0.707106990552E+00
 -0.117138041870E+02  0.150583368900E+01  0.316973115660E+02  0.100000000000E+01
 -0.118257180740E+02  0.145846556300E+01  0.311684615760E+02  0.707106657452E+00
 -0.118166886040E+02  0.933615179000E+00  0.310436564330E+02  0.100000000000E+01
 -0.114293071470E+02  0.900694895000E+00  0.314687949100E+02  0.100000000000E+01
 -0.114293071470E+02  0.900694895000E+00  0.314687949100E+02  0.707106231056E+00
 -0.114293071470E+02  0.900694895000E+00  0.314687949100E+02  0.100000000000E+01
 -0.114293071470E+02  0.900694895000E+00  0.314687949100E+02  0.707107063581E+00
 -0.114293071470E+02  0.900694895000E+00  0.314687949100E+02  0.100000000000E+01
 -0.114293071470E+02  0.900694895000E+00  0.314687949100E+02  0.707107300155E+00
 -0.114293071470E+02  0.900694895000E+00  0.314687949100E+02  0.100000000000E+01
 -0.114293071470E+02  0.900694895000E+00  0.314687949100E+02  0.707106538187E+00
 -0.114293071470E+02  0.900694895000E+00  0.314687949100E+02  0.100000000000E+01
 -0.115343215100E+02  0.101104097500E+01  0.310214372280E+02  0.100000000000E+01
 -0.113717233440E+02  0.614871789000E+00  0.310626698480E+02  0.707106231056E+00
 -0.112024613560E+02  0.254546322000E+00  0.312561652740E+02  0.100000000000E+01
 -0.107058248730E+02 -0.724432329000E+00  0.320501782570E+02  0.707107063581E+00
 -0.112950072500E+02  0.759576829000E+00  0.320409082780E+02  0.100000000000E+01
 -0.113428392650E+02  0.140724732900E+01  0.322842210190E+02  0.707107300155E+00
 -0.114934895400E+02  0.157630861700E+01  0.316505099680E+02  0.100000000000E+01
 -0.115877938070E+02  0.152088498000E+01  0.311331441030E+02  0.707106538187E+00
 -0.115343215100E+02  0.101104097500E+01  0.310214372280E+02  0.100000000000E+01
 -0.111538089310E+02  0.996706228000E+00  0.314273599770E+02  0.100000000000E+01
 -0.111538089310E+02  0.996706228000E+00  0.314273599770E+02  0.707106304487E+00
 -0.111538089310E+02  0.996706228000E+00  0.314273599770E+02  0.100000000000E+01
 -0.111538089310E+02  0.996706228000E+00  0.314273599770E+02  0.707107185581E+00
 -0.111538089310E+02  0.996706228000E+00  0.314273599770E+02  0.100000000000E+01
 -0.111538089310E+02  0.996706228000E+00  0.314273599770E+02  0.707107068344E+00
 -0.111538089310E+02  0.996706228000E+00  0.314273599770E+02  0.100000000000E+01
 -0.111538089310E+02  0.996706228000E+00  0.314273599770E+02  0.707106618895E+00
 -0.111538089310E+02  0.996706228000E+00  0.314273599770E+02  0.100000000000E+01
 -0.112551953320E+02  0.109694923800E+01  0.309889134020E+02  0.100000000000E+01
 -0.111203418010E+02  0.764801002000E+00  0.310112696540E+02  0.707106304487E+00
 -0.109992418270E+02  0.558751335000E+00  0.312914879650E+02  0.100000000000E+01
 -0.108927903840E+02  0.442243157000E+00  0.317200821230E+02  0.707107185581E+00
 -0.110237848530E+02  0.868149302000E+00  0.319896483510E+02  0.100000000000E+01
 -0.111181619830E+02  0.152021775300E+01  0.322919810620E+02  0.707107068344E+00
 -0.112715531410E+02  0.165300112600E+01  0.316046376390E+02  0.100000000000E+01
 -0.113685281690E+02  0.164025771500E+01  0.310471515380E+02  0.707106618895E+00
 -0.112551953320E+02  0.109694923800E+01  0.309889134020E+02  0.100000000000E+01
 -0.108797781840E+02  0.109719350800E+01  0.313868128360E+02  0.100000000000E+01
 -0.108797781840E+02  0.109719350800E+01  0.313868128360E+02  0.707107444609E+00
 -0.108797781840E+02  0.109719350800E+01  0.313868128360E+02  0.100000000000E+01
 -0.108797781840E+02  0.109719350800E+01  0.313868128360E+02  0.707106484538E+00
 -0.108797781840E+02  0.109719350800E+01  0.313868128360E+02  0.100000000000E+01
 -0.108797781840E+02  0.109719350800E+01  0.313868128360E+02  0.707106376706E+00
 -0.108797781840E+02  0.109719350800E+01  0.313868128360E+02  0.100000000000E+01
 -0.108797781840E+02  0.109719350800E+01  0.313868128360E+02  0.707106852395E+00
 -0.108797781840E+02  0.109719350800E+01  0.313868128360E+02  0.100000000000E+01
 -0.109860041380E+02  0.119674190500E+01  0.309159506890E+02  0.100000000000E+01
 -0.108425545930E+02  0.835387931000E+00  0.309217368420E+02  0.707107444609E+00
 -0.107524767820E+02  0.736890939000E+00  0.312819188180E+02  0.100000000000E+01
 -0.106855729720E+02  0.705589442000E+00  0.316656539230E+02  0.707106484538E+00
 -0.107574875280E+02  0.982590717000E+00  0.319288803600E+02  0.100000000000E+01
 -0.108925586230E+02  0.159701791600E+01  0.322676531490E+02  0.707106376706E+00
 -0.110524400570E+02  0.174927843300E+01  0.315636270320E+02  0.100000000000E+01
 -0.111353121370E+02  0.172716139600E+01  0.310045397400E+02  0.707106852395E+00
 -0.109860041380E+02  0.119674190500E+01  0.309159506890E+02  0.100000000000E+01
 -0.106070531110E+02  0.120165299200E+01  0.313475164340E+02  0.100000000000E+01
 -0.106070531110E+02  0.120165299200E+01  0.313475164340E+02  0.707106224914E+00
 -0.106070531110E+02  0.120165299200E+01  0.313475164340E+02  0.100000000000E+01
 -0.106070531110E+02  0.120165299200E+01  0.313475164340E+02  0.707107257076E+00
 -0.106070531110E+02  0.120165299200E+01  0.313475164340E+02  0.100000000000E+01
 -0.106070531110E+02  0.120165299200E+01  0.313475164340E+02  0.707107158823E+00
 -0.106070531110E+02  0.120165299200E+01  0.313475164340E+02  0.100000000000E+01
 -0.106070531110E+02  0.120165299200E+01  0.313475164340E+02  0.707106483933E+00
 -0.106070531110E+02  0.120165299200E+01  0.313475164340E+02  0.100000000000E+01
 -0.107042570360E+02  0.128871618100E+01  0.309012606490E+02  0.100000000000E+01
 -0.105640803830E+02  0.922228793000E+00  0.308805210230E+02  0.707106224914E+00
 -0.104749961180E+02  0.826502182000E+00  0.312455614900E+02  0.100000000000E+01
 -0.104094411330E+02  0.799847579000E+00  0.316349144370E+02  0.707107257076E+00
 -0.104863089320E+02  0.109350602000E+01  0.319018418640E+02  0.100000000000E+01
 -0.106768806740E+02  0.168060250000E+01  0.321750125820E+02  0.707107158823E+00
 -0.108224400790E+02  0.181353186000E+01  0.315138086110E+02  0.100000000000E+01
 -0.108766520070E+02  0.176402149700E+01  0.309945479590E+02  0.707106483933E+00
 -0.107042570360E+02  0.128871618100E+01  0.309012606490E+02  0.100000000000E+01
 -0.103354359500E+02  0.130954724700E+01  0.313098582640E+02  0.100000000000E+01
 -0.103354359500E+02  0.130954724700E+01  0.313098582640E+02  0.707106718866E+00
 -0.103354359500E+02  0.130954724700E+01  0.313098582640E+02  0.100000000000E+01
 -0.103354359500E+02  0.130954724700E+01  0.313098582640E+02  0.707106789628E+00
 -0.103354359500E+02  0.130954724700E+01  0.313098582640E+02  0.100000000000E+01
 -0.103354359500E+02  0.130954724700E+01  0.313098582640E+02  0.707106803596E+00
 -0.103354359500E+02  0.130954724700E+01  0.313098582640E+02  0.100000000000E+01
 -0.103354359500E+02  0.130954724700E+01  0.313098582640E+02  0.707106812656E+00
 -0.103354359500E+02  0.130954724700E+01  0.313098582640E+02  0.100000000000E+01
 -0.104256794270E+02  0.138756537200E+01  0.308757950880E+02  0.100000000000E+01
 -0.102831389820E+02  0.102709413000E+01  0.308541110970E+02  0.707106718866E+00
 -0.101812008910E+02  0.891406918000E+00  0.312026360930E+02  0.100000000000E+01
 -0.101003983420E+02  0.839113739000E+00  0.316436495100E+02  0.707106789628E+00
 -0.102154442020E+02  0.120581114800E+01  0.318870073160E+02  0.100000000000E+01
 -0.104229059980E+02  0.181087007300E+01  0.321582881930E+02  0.707106803596E+00
 -0.105399664290E+02  0.186404196100E+01  0.314520452970E+02  0.100000000000E+01
 -0.105829418700E+02  0.181340489100E+01  0.309836058180E+02  0.707106812656E+00
 -0.104256794270E+02  0.138756537200E+01  0.308757950880E+02  0.100000000000E+01
 -0.100646940260E+02  0.142030142800E+01  0.312742540080E+02  0.100000000000E+01
 -0.100646940260E+02  0.142030142800E+01  0.312742540080E+02  0.707106844806E+00
 -0.100646940260E+02  0.142030142800E+01  0.312742540080E+02  0.100000000000E+01
 -0.100646940260E+02  0.142030142800E+01  0.312742540080E+02  0.707106570292E+00
 -0.100646940260E+02  0.142030142800E+01  0.312742540080E+02  0.100000000000E+01
 -0.100646940260E+02  0.142030142800E+01  0.312742540080E+02  0.707106742399E+00
 -0.100646940260E+02  0.142030142800E+01  0.312742540080E+02  0.100000000000E+01
 -0.100646940260E+02  0.142030142800E+01  0.312742540080E+02  0.707106967250E+00
 -0.100646940260E+02  0.142030142800E+01  0.312742540080E+02  0.100000000000E+01
 -0.101495889030E+02  0.149200245000E+01  0.308407637710E+02  0.100000000000E+01
 -0.100011816240E+02  0.112400586200E+01  0.308093628620E+02  0.707106844806E+00
 -0.989407528000E+01  0.975428949000E+00  0.311672561930E+02  0.100000000000E+01
 -0.980578988800E+01  0.908270652000E+00  0.316421498150E+02  0.707106570292E+00
 -0.994421415800E+01  0.131854509100E+01  0.318894525790E+02  0.100000000000E+01
 -0.101737474280E+02  0.192661169500E+01  0.320645579270E+02  0.707106742399E+00
 -0.102592658170E+02  0.192762721700E+01  0.313962724300E+02  0.100000000000E+01
 -0.102963694240E+02  0.188403625500E+01  0.309631178030E+02  0.707106967250E+00
 -0.101495889030E+02  0.149200245000E+01  0.308407637710E+02  0.100000000000E+01
 -0.979456155600E+01  0.153329769100E+01  0.312411520570E+02  0.100000000000E+01
 -0.979456155600E+01  0.153329769100E+01  0.312411520570E+02  0.707107051217E+00
 -0.979456155600E+01  0.153329769100E+01  0.312411520570E+02  0.100000000000E+01
 -0.979456155600E+01  0.153329769100E+01  0.312411520570E+02  0.707106706886E+00
 -0.979456155600E+01  0.153329769100E+01  0.312411520570E+02  0.100000000000E+01
 -0.979456155600E+01  0.153329769100E+01  0.312411520570E+02  0.707106573096E+00
 -0.979456155600E+01  0.153329769100E+01  0.312411520570E+02  0.100000000000E+01
 -0.979456155600E+01  0.153329769100E+01  0.312411520570E+02  0.707106793547E+00
 -0.979456155600E+01  0.153329769100E+01  0.312411520570E+02  0.100000000000E+01
 -0.987358081100E+01  0.159949511900E+01  0.308060462740E+02  0.100000000000E+01
 -0.971974539100E+01  0.122729228900E+01  0.307786042800E+02  0.707107051217E+00
 -0.962428977100E+01  0.110295740900E+01  0.311447563470E+02  0.100000000000E+01
 -0.953081225900E+01  0.101509074000E+01  0.316251246950E+02  0.707106706886E+00
 -0.969025444200E+01  0.144591592200E+01  0.318154982830E+02  0.100000000000E+01
 -0.990454445700E+01  0.198740153400E+01  0.319364338350E+02  0.707106573096E+00
 -0.999578846700E+01  0.204187398200E+01  0.313550720190E+02  0.100000000000E+01
 -0.100359508390E+02  0.200988522900E+01  0.308980411810E+02  0.707106793547E+00
 -0.987358081100E+01  0.159949511900E+01  0.308060462740E+02  0.100000000000E+01
 -0.952474248400E+01  0.164786748800E+01  0.312110388880E+02  0.100000000000E+01
 -0.952474248400E+01  0.164786748800E+01  0.312110388880E+02  0.707107121305E+00
 -0.952474248400E+01  0.164786748800E+01  0.312110388880E+02  0.100000000000E+01
 -0.952474248400E+01  0.164786748800E+01  0.312110388880E+02  0.707106763126E+00
 -0.952474248400E+01  0.164786748800E+01  0.312110388880E+02  0.100000000000E+01
 -0.952474248400E+01  0.164786748800E+01  0.312110388880E+02  0.707106485964E+00
 -0.952474248400E+01  0.164786748800E+01  0.312110388880E+02  0.100000000000E+01
 -0.952474248400E+01  0.164786748800E+01  0.312110388880E+02  0.707106754352E+00
 -0.952474248400E+01  0.164786748800E+01  0.312110388880E+02  0.100000000000E+01
 -0.960130499600E+01  0.171275185400E+01  0.307475351260E+02  0.100000000000E+01
 -0.944201625000E+01  0.133677629400E+01  0.307366026230E+02  0.707107121305E+00
 -0.934874115700E+01  0.121321140000E+01  0.311211200790E+02  0.100000000000E+01
 -0.929271245900E+01  0.119177965600E+01  0.315657376820E+02  0.707106763126E+00
 -0.943499268300E+01  0.157180784300E+01  0.317543722120E+02  0.100000000000E+01
 -0.963926034800E+01  0.207553573100E+01  0.318557523610E+02  0.707106485964E+00
 -0.973532138400E+01  0.216791880800E+01  0.313186230640E+02  0.100000000000E+01
 -0.976792775800E+01  0.212932620900E+01  0.308532168440E+02  0.707106754352E+00
 -0.960130499600E+01  0.171275185400E+01  0.307475351260E+02  0.100000000000E+01
 -0.925488213100E+01  0.176319091200E+01  0.311843707540E+02  0.100000000000E+01
 -0.925488213100E+01  0.176319091200E+01  0.311843707540E+02  0.707107420808E+00
 -0.925488213100E+01  0.176319091200E+01  0.311843707540E+02  0.100000000000E+01
 -0.925488213100E+01  0.176319091200E+01  0.311843707540E+02  0.707106477242E+00
 -0.925488213100E+01  0.176319091200E+01  0.311843707540E+02  0.100000000000E+01
 -0.925488213100E+01  0.176319091200E+01  0.311843707540E+02  0.707106240134E+00
 -0.925488213100E+01  0.176319091200E+01  0.311843707540E+02  0.100000000000E+01
 -0.925488213100E+01  0.176319091200E+01  0.311843707540E+02  0.707106986562E+00
 -0.925488213100E+01  0.176319091200E+01  0.311843707540E+02  0.100000000000E+01
 -0.932623824800E+01  0.182560546900E+01  0.306994095200E+02  0.100000000000E+01
 -0.915567849000E+01  0.142269390300E+01  0.306839829670E+02  0.707107420808E+00
 -0.908032735800E+01  0.133685257200E+01  0.311038165060E+02  0.100000000000E+01
 -0.902689209200E+01  0.130811249000E+01  0.315503049740E+02  0.707106477242E+00
 -0.917467670600E+01  0.169303636200E+01  0.317294697220E+02  0.100000000000E+01
 -0.939073021900E+01  0.222949700800E+01  0.318697452770E+02  0.707106240134E+00
 -0.946936893300E+01  0.228706183200E+01  0.312833517620E+02  0.100000000000E+01
 -0.949670559000E+01  0.224935979300E+01  0.308123288560E+02  0.707106986562E+00
 -0.932623824800E+01  0.182560546900E+01  0.306994095200E+02  0.100000000000E+01
 -0.898443172300E+01  0.187788315500E+01  0.311611880370E+02  0.100000000000E+01
 -0.898443172300E+01  0.187788315500E+01  0.311611880370E+02  0.707106739142E+00
 -0.898443172300E+01  0.187788315500E+01  0.311611880370E+02  0.100000000000E+01
 -0.898443172300E+01  0.187788315500E+01  0.311611880370E+02  0.707106937060E+00
 -0.898443172300E+01  0.187788315500E+01  0.311611880370E+02  0.100000000000E+01
 -0.898443172300E+01  0.187788315500E+01  0.311611880370E+02  0.707106780600E+00
 -0.898443172300E+01  0.187788315500E+01  0.311611880370E+02  0.100000000000E+01
 -0.898443172300E+01  0.187788315500E+01  0.311611880370E+02  0.707106611775E+00
 -0.898443172300E+01  0.187788315500E+01  0.311611880370E+02  0.100000000000E+01
 -0.904900182500E+01  0.193686720700E+01  0.306599094230E+02  0.100000000000E+01
 -0.890158422200E+01  0.151866209500E+01  0.306583968900E+02  0.707106739142E+00
 -0.884011097300E+01  0.145182699000E+01  0.310924651830E+02  0.100000000000E+01
 -0.880624547700E+01  0.145822536000E+01  0.315062598920E+02  0.707106937060E+00
 -0.891714770300E+01  0.181642085700E+01  0.316835290450E+02  0.100000000000E+01
 -0.915464868500E+01  0.234563761700E+01  0.318417497340E+02  0.707106780600E+00
 -0.923302340500E+01  0.242094447400E+01  0.312571101320E+02  0.100000000000E+01
 -0.925173770100E+01  0.238174698900E+01  0.307509189760E+02  0.707106611775E+00
 -0.904900182500E+01  0.193686720700E+01  0.306599094230E+02  0.100000000000E+01
 -0.871280442600E+01  0.199038267900E+01  0.311412593490E+02  0.100000000000E+01
 -0.871280442600E+01  0.199038267900E+01  0.311412593490E+02  0.707106131082E+00
 -0.871280442600E+01  0.199038267900E+01  0.311412593490E+02  0.100000000000E+01
 -0.871280442600E+01  0.199038267900E+01  0.311412593490E+02  0.707107187461E+00
 -0.871280442600E+01  0.199038267900E+01  0.311412593490E+02  0.100000000000E+01
 -0.871280442600E+01  0.199038267900E+01  0.311412593490E+02  0.707107377574E+00
 -0.871280442600E+01  0.199038267900E+01  0.311412593490E+02  0.100000000000E+01
 -0.871280442600E+01  0.199038267900E+01  0.311412593490E+02  0.707106531509E+00
 -0.871280442600E+01  0.199038267900E+01  0.311412593490E+02  0.100000000000E+01
 -0.877266760800E+01  0.204783067300E+01  0.306017584980E+02  0.100000000000E+01
 -0.864892226800E+01  0.160940530900E+01  0.306359482820E+02  0.707106131082E+00
 -0.859555314700E+01  0.154759499000E+01  0.310811003420E+02  0.100000000000E+01
 -0.857263737900E+01  0.158266667300E+01  0.314805953810E+02  0.707107187461E+00
 -0.865512807700E+01  0.193503260600E+01  0.316610597740E+02  0.100000000000E+01
 -0.891515495400E+01  0.246387492300E+01  0.318263234950E+02  0.707107377574E+00
 -0.898564626700E+01  0.253581800500E+01  0.312296143230E+02  0.100000000000E+01
 -0.898318145800E+01  0.247600802200E+01  0.307358636370E+02  0.707106531509E+00
 -0.877266760800E+01  0.204783067300E+01  0.306017584980E+02  0.100000000000E+01
 -0.843951428800E+01  0.209926878300E+01  0.311242208100E+02  0.100000000000E+01
 -0.843951428800E+01  0.209926878300E+01  0.311242208100E+02  0.707107600451E+00
 -0.843951428800E+01  0.209926878300E+01  0.311242208100E+02  0.100000000000E+01
 -0.843951428800E+01  0.209926878300E+01  0.311242208100E+02  0.707106257507E+00
 -0.843951428800E+01  0.209926878300E+01  0.311242208100E+02  0.100000000000E+01
 -0.843951428800E+01  0.209926878300E+01  0.311242208100E+02  0.707106061307E+00
 -0.843951428800E+01  0.209926878300E+01  0.311242208100E+02  0.100000000000E+01
 -0.843951428800E+01  0.209926878300E+01  0.311242208100E+02  0.707107150211E+00
 -0.843951428800E+01  0.209926878300E+01  0.311242208100E+02  0.100000000000E+01
 -0.848799202600E+01  0.214802424900E+01  0.306099380280E+02  0.100000000000E+01
 -0.839839366200E+01  0.169247908100E+01  0.306088537780E+02  0.707107600451E+00
 -0.835695878300E+01  0.166097070700E+01  0.310748859470E+02  0.100000000000E+01
 -0.833436656900E+01  0.169736298600E+01  0.314684915770E+02  0.707106257507E+00
 -0.839037004000E+01  0.204984304200E+01  0.316455698810E+02  0.100000000000E+01
 -0.867407580100E+01  0.258523916800E+01  0.318166060440E+02  0.707106061307E+00
 -0.871570789200E+01  0.261327563900E+01  0.311989842820E+02  0.100000000000E+01
 -0.869513638300E+01  0.253925279500E+01  0.307388322150E+02  0.707107150211E+00
 -0.848799202600E+01  0.214802424900E+01  0.306099380280E+02  0.100000000000E+01
 -0.816423557300E+01  0.220339318300E+01  0.311096240520E+02  0.100000000000E+01
 -0.816423557300E+01  0.220339318300E+01  0.311096240520E+02  0.707106026358E+00
 -0.816423557300E+01  0.220339318300E+01  0.311096240520E+02  0.100000000000E+01
 -0.816423557300E+01  0.220339318300E+01  0.311096240520E+02  0.707107453542E+00
 -0.816423557300E+01  0.220339318300E+01  0.311096240520E+02  0.100000000000E+01
 -0.816423557300E+01  0.220339318300E+01  0.311096240520E+02  0.707107215755E+00
 -0.816423557300E+01  0.220339318300E+01  0.311096240520E+02  0.100000000000E+01
 -0.816423557300E+01  0.220339318300E+01  0.311096240520E+02  0.707106192453E+00
 -0.816423557300E+01  0.220339318300E+01  0.311096240520E+02  0.100000000000E+01
 -0.820006084100E+01  0.224065190600E+01  0.306574590880E+02  0.100000000000E+01
 -0.815152141700E+01  0.182313455000E+01  0.306557333670E+02  0.707106026358E+00
 -0.811951053800E+01  0.179754302800E+01  0.310726389960E+02  0.100000000000E+01
 -0.810039513900E+01  0.184824867000E+01  0.314320474700E+02  0.707107453542E+00
 -0.812406472300E+01  0.216161606600E+01  0.316166259670E+02  0.100000000000E+01
 -0.841704743200E+01  0.268362139200E+01  0.318308888600E+02  0.707107215755E+00
 -0.844957005200E+01  0.270372741500E+01  0.311734601300E+02  0.100000000000E+01
 -0.842367586400E+01  0.263323287100E+01  0.307159932620E+02  0.707106192453E+00
 -0.820006084100E+01  0.224065190600E+01  0.306574590880E+02  0.100000000000E+01
 -0.788681954500E+01  0.230195090600E+01  0.310969907530E+02  0.100000000000E+01
 -0.788681954500E+01  0.230195090600E+01  0.310969907530E+02  0.707106899678E+00
 -0.788681954500E+01  0.230195090600E+01  0.310969907530E+02  0.100000000000E+01
 -0.788681954500E+01  0.230195090600E+01  0.310969907530E+02  0.707106650605E+00
 -0.788681954500E+01  0.230195090600E+01  0.310969907530E+02  0.100000000000E+01
 -0.788681954500E+01  0.230195090600E+01  0.310969907530E+02  0.707106588305E+00
 -0.788681954500E+01  0.230195090600E+01  0.310969907530E+02  0.100000000000E+01
 -0.788681954500E+01  0.230195090600E+01  0.310969907530E+02  0.707106849822E+00
 -0.788681954500E+01  0.230195090600E+01  0.310969907530E+02  0.100000000000E+01
 -0.791696369200E+01  0.233347923900E+01  0.306413007920E+02  0.100000000000E+01
 -0.790053537100E+01  0.195216979700E+01  0.306866096730E+02  0.707106899678E+00
 -0.787480233600E+01  0.191403143700E+01  0.310693562570E+02  0.100000000000E+01
 -0.785162486700E+01  0.193493855800E+01  0.314449033840E+02  0.707106650605E+00
 -0.785253270600E+01  0.226609011000E+01  0.316152997490E+02  0.100000000000E+01
 -0.815618606500E+01  0.277625894500E+01  0.317854617780E+02  0.707106588305E+00
 -0.820198546000E+01  0.282662963700E+01  0.311541405720E+02  0.100000000000E+01
 -0.818495026300E+01  0.277687933600E+01  0.306222701400E+02  0.707106849822E+00
 -0.791696369200E+01  0.233347923900E+01  0.306413007920E+02  0.100000000000E+01
 -0.760727303100E+01  0.239448500100E+01  0.310858597420E+02  0.100000000000E+01
 -0.760727303100E+01  0.239448500100E+01  0.310858597420E+02  0.707107176362E+00
 -0.760727303100E+01  0.239448500100E+01  0.310858597420E+02  0.100000000000E+01
 -0.760727303100E+01  0.239448500100E+01  0.310858597420E+02  0.707106429524E+00
 -0.760727303100E+01  0.239448500100E+01  0.310858597420E+02  0.100000000000E+01
 -0.760727303100E+01  0.239448500100E+01  0.310858597420E+02  0.707106533757E+00
 -0.760727303100E+01  0.239448500100E+01  0.310858597420E+02  0.100000000000E+01
 -0.760727303100E+01  0.239448500100E+01  0.310858597420E+02  0.707107030582E+00
 -0.760727303100E+01  0.239448500100E+01  0.310858597420E+02  0.100000000000E+01
 -0.763436563700E+01  0.242162403900E+01  0.305941435440E+02  0.100000000000E+01
 -0.764729065500E+01  0.203453686600E+01  0.306785762310E+02  0.707107176362E+00
 -0.762752655700E+01  0.198104262900E+01  0.310641562960E+02  0.100000000000E+01
 -0.760373988300E+01  0.200829140100E+01  0.314551410470E+02  0.707106429524E+00
 -0.757859602200E+01  0.236575868500E+01  0.316063338140E+02  0.100000000000E+01
 -0.788549621700E+01  0.285497810700E+01  0.317191152470E+02  0.707106533757E+00
 -0.794312348600E+01  0.292743779700E+01  0.311337789900E+02  0.100000000000E+01
 -0.791019166000E+01  0.285887539200E+01  0.306194249260E+02  0.707107030582E+00
 -0.763436563700E+01  0.242162403900E+01  0.305941435440E+02  0.100000000000E+01
 -0.732571557900E+01  0.248084123600E+01  0.310758186570E+02  0.100000000000E+01
 -0.732571557900E+01  0.248084123600E+01  0.310758186570E+02  0.707106563607E+00
 -0.732571557900E+01  0.248084123600E+01  0.310758186570E+02  0.100000000000E+01
 -0.732571557900E+01  0.248084123600E+01  0.310758186570E+02  0.707107075822E+00
 -0.732571557900E+01  0.248084123600E+01  0.310758186570E+02  0.100000000000E+01
 -0.732571557900E+01  0.248084123600E+01  0.310758186570E+02  0.707106948658E+00
 -0.732571557900E+01  0.248084123600E+01  0.310758186570E+02  0.100000000000E+01
 -0.732571557900E+01  0.248084123600E+01  0.310758186570E+02  0.707106529690E+00
 -0.732571557900E+01  0.248084123600E+01  0.310758186570E+02  0.100000000000E+01
 -0.734658908200E+01  0.249922887600E+01  0.306219147320E+02  0.100000000000E+01
 -0.740162316200E+01  0.206427873900E+01  0.306340556090E+02  0.707106563607E+00
 -0.738418860600E+01  0.203009718100E+01  0.310602482800E+02  0.100000000000E+01
 -0.735809208400E+01  0.206941944500E+01  0.314719110140E+02  0.707107075822E+00
 -0.730120560200E+01  0.245925011200E+01  0.316087984210E+02  0.100000000000E+01
 -0.764201081000E+01  0.297805720000E+01  0.317351021220E+02  0.707106948658E+00
 -0.766314301500E+01  0.299193017000E+01  0.311120404420E+02  0.100000000000E+01
 -0.761525955800E+01  0.290551055000E+01  0.306278751670E+02  0.707106529690E+00
 -0.734658908200E+01  0.249922887600E+01  0.306219147320E+02  0.100000000000E+01
 -0.704233335200E+01  0.256109774600E+01  0.310665192520E+02  0.100000000000E+01
 -0.704233335200E+01  0.256109774600E+01  0.310665192520E+02  0.707106954794E+00
 -0.704233335200E+01  0.256109774600E+01  0.310665192520E+02  0.100000000000E+01
 -0.704233335200E+01  0.256109774600E+01  0.310665192520E+02  0.707106390722E+00
 -0.704233335200E+01  0.256109774600E+01  0.310665192520E+02  0.100000000000E+01
 -0.704233335200E+01  0.256109774600E+01  0.310665192520E+02  0.707106506286E+00
 -0.704233335200E+01  0.256109774600E+01  0.310665192520E+02  0.100000000000E+01
 -0.704233335200E+01  0.256109774600E+01  0.310665192520E+02  0.707106978822E+00
 -0.704233335200E+01  0.256109774600E+01  0.310665192520E+02  0.100000000000E+01
 -0.705941321700E+01  0.257226787400E+01  0.306243968130E+02  0.100000000000E+01
 -0.715966218900E+01  0.210034900900E+01  0.306073130820E+02  0.707106954794E+00
 -0.715378392200E+01  0.203436373800E+01  0.310575166720E+02  0.100000000000E+01
 -0.711824344000E+01  0.211274447100E+01  0.314900801290E+02  0.707106390722E+00
 -0.702279830100E+01  0.254832248000E+01  0.315721826870E+02  0.100000000000E+01
 -0.739115277400E+01  0.308492494100E+01  0.317410046140E+02  0.707106506286E+00
 -0.740170744600E+01  0.308042217700E+01  0.310935226880E+02  0.100000000000E+01
 -0.732678609100E+01  0.295886660800E+01  0.306518303470E+02  0.707106978822E+00
 -0.705941321700E+01  0.257226787400E+01  0.306243968130E+02  0.100000000000E+01
 -0.675734049800E+01  0.263549168400E+01  0.310576798960E+02  0.100000000000E+01
 -0.675734049800E+01  0.263549168400E+01  0.310576798960E+02  0.707106711723E+00
 -0.675734049800E+01  0.263549168400E+01  0.310576798960E+02  0.100000000000E+01
 -0.675734049800E+01  0.263549168400E+01  0.310576798960E+02  0.707106918089E+00
 -0.675734049800E+01  0.263549168400E+01  0.310576798960E+02  0.100000000000E+01
 -0.675734049800E+01  0.263549168400E+01  0.310576798960E+02  0.707106824102E+00
 -0.675734049800E+01  0.263549168400E+01  0.310576798960E+02  0.100000000000E+01
 -0.675734049800E+01  0.263549168400E+01  0.310576798960E+02  0.707106599019E+00
 -0.675734049800E+01  0.263549168400E+01  0.310576798960E+02  0.100000000000E+01
 -0.676471874600E+01  0.264890674000E+01  0.306277253120E+02  0.100000000000E+01
 -0.691750101100E+01  0.213671339400E+01  0.305765187020E+02  0.707106711723E+00
 -0.694168127500E+01  0.201343586700E+01  0.310414345830E+02  0.100000000000E+01
 -0.689239686200E+01  0.213807804700E+01  0.315126664250E+02  0.707106918089E+00
 -0.674941613700E+01  0.262108379700E+01  0.315194506810E+02  0.100000000000E+01
 -0.714663646900E+01  0.316638145000E+01  0.317652482290E+02  0.707106824102E+00
 -0.717553640200E+01  0.321135122000E+01  0.310828241770E+02  0.100000000000E+01
 -0.706899571700E+01  0.306813561900E+01  0.306147206400E+02  0.707106599019E+00
 -0.676471874600E+01  0.264890674000E+01  0.306277253120E+02  0.100000000000E+01
           1
           2
           3
           4
           5
           6
           7
           8
           9
          10
          11
          12
          13
          14
          15
          16
          17
          18
          19
          20
          21
          22
          23
          24
          25
          26
          27
          28
          29
          30
          31
          32
          33
          34
          35
          36
          37
          38
          39
          40
          41
          42
          43
          44
          45
          46
          47
          48
          49
          50
          51
          52
          53
          54
          55
          56
          57
          58
          59
          60
          61
          62
          63
          64
          65
          66
          67
          68
          69
          70
          71
          72
          73
          74
          75
          76
          77
          78
          79
          80
          81
          82
          83
          84
          85
          86
          87
          88
          89
          90
          91
          92
          93
          94
          95
          96
          97
          98
          99
         100
         101
         102
         103
         104
         105
         106
         107
         108
         109
         110
         111
         112
         113
         114
         115
         116
         117
         118
         119
         120
         121
         122
         123
         124
         125
         126
         127
         128
         129
         130
         131
         132
         133
         134
         135
         136
         137
         138
         139
         140
         141
         142
         143
         144
         145
         146
         147
         148
         149
         150
         151
         152
         153
         154
         155
         156
         157
         158
         159
         160
         161
         162
         163
         164
         165
         166
         167
         168
         169
         170
         171
         172
         173
         174
         175
         176
         177
         178
         179
         180
         181
         182
         183
         184
         185
         186
         187
         188
         189
         190
         191
         192
         193
         194
         195
         196
         197
         198
         199
         200
         201
         202
         203
         204
         205
         206
         207
         208
         209
         210
         211
         212
         213
         214
         215
         216
         217
         218
         219
         220
         221
         222
         223
         224
         225
         226
         227
         228
         229
         230
         231
         232
         233
         234
         235
         236
         237
         238
         239
         240
         241
         242
         243
         244
         245
         246
         247
         248
         249
         250
         251
         252
         253
         254
         255
         256
         257
         258
         259
         260
         261
         262
         263
         264
         265
         266
         267
         268
         269
         270
         271
         272
         273
         274
         275
         276
         277
         278
         279
         280
         281
         282
         283
         284
         285
         286
         287
         288
         289
         290
         291
         292
         293
         294
         295
         296
         297
         298
         299
         300
         301
         302
         303
         304
         305
         306
         307
         308
         309
         310
         311
         312
         313
         314
         315
         316
         317
         318
         319
         320
         321
         322
         323
         324
         325
         326
         327
         328
         329
         330
         331
         332
         333
         334
         335
         336
         337
         338
         339
         340
         341
         342
         343
         344
         345
         346
         347
         348
         349
         350
         351
         352
         353
         354
         355
         356
         357
         358
         359
         360
         361
         362
         363
         364
         365
         366
         367
         368
         369
         370
         371
         372
         373
         374
         375
         376
         377
         378
         379
         380
         381
         382
         383
         384
         385
         386
         387
         388
         389
         390
         391
         392
         393
         394
         395
         396
         397
         398
         399
         400
         401
         402
         403
         404
         405
         406
         407
         408
         409
         410
         411
         412
         413
         414
         415
         416
         417
         418
         419
         420
         421
         422
         423
         424
         425
         426
         427
         428
         429
         430
         431
         432
 1 0 0
 0 0 0
 0 0 0
 0 0 0
 0 0 0
 0 0 0
 0 0 0
 0 0 0
 0 0 0
 0 0 0
 0 0 0
 0 0 0
 0 0 0
 0 0 0
 0 0 0
 0 0 0
 0 0 0
 0 0 0
 0 0 0
 0 0 0
 0 0 0
 0 0 0
 0 0 0
 0 0 0
 0 0 0
 0 0 0
 0 0 0
 0 0 0
 0 0 0
 0 0 0
 0 0 0
 0 0 0
 0 0 0
 0 0 0
 0 0 0
 0 0 0
 0 0 0
 0 0 0
 0 0 0
 0 0 0
 0 0 0
 0 0 0
 0 0 0
 0 0 0
 0 0 0
 0 0 0
 0 0 0
 0 0 0
 0 0 0
 0 0 0
 0 0 0
 0 0 0
 0 0 0
 0 0 0
 0 0 0
 0 0 0
 0 0 0
 0 0 0
 0 0 0
 0 0 0
 0 0 0
 0 0 0
 0 0 0
 0 0 0
 0 0 0
 0 0 0
 0 0 0
 0 0 0
 0 0 0
 0 0 0
 0 0 0
 0 0 0
 0 0 0
 0 0 0
 0 0 0
 0 0 0
 0 0 0
 0 0 0
 0 0 0
 0 0 0
 0 0 0
 0 0 0
 0 0 0
 0 0 0
 0 0 0
 0 0 0
 0 0 0
 0 0 0
 0 0 0
 0 0 0
 0 0 0
 0 0 0
 0 0 0
 0 0 0
 0 0 0
 0 0 0
 0 0 0
 0 0 0
 0 0 0
 0 0 0
 0 0 0
 0 0 0
 0 0 0
 0 0 0
 0 0 0
 0 0 0
 0 0 0
 0 0 0
 0 0 0
 0 0 0
 0 0 0
 0 0 0
 0 0 0
 0 0 0
 0 0 0
 0 0 0
 0 0 0
 0 0 0
 0 0 0
 0 0 0
 0 0 0
 0 0 0
 0 0 0
 0 0 0
 0 0 0
 0 0 0
 0 0 0
 0 0 0
 0 0 0
 0 0 0
 0 0 0
 0 0 0
 0 0 0
 0 0 0
 0 0 0
 0 0 0
 0 0 0
 0 0 0
 0 0 0
 0 0 0
 0 0 0
 0 0 0
 0 0 0
 0 0 0
 0 0 0
 0 0 0
 0 0 0
 0 0 0
 0 0 0
 0 0 0
 0 0 0
 0 0 0
 0 0 0
 0 0 0
 0 0 0
 0 0 0
 0 0 0
 0 0 0
 0 0 0
 0 0 0
 0 0 0
 0 0 0
 0 0 0
 0 0 0
 0 0 0
 0 0 0
 0 0 0
 0 0 0
 0 0 0
 0 0 0
 0 0 0
 0 0 0
 0 0 0
 0 0 0
 0 0 0
 0 0 0
 0 0 0
 0 0 0
 0 0 0
 0 0 0
 0 0 0
 0 0 0
 0 0 0
 0 0 0
 0 0 0
 0 0 0
 0 0 0
 0 0 0
 0 0 0
 0 0 0
 0 0 0
 0 0 0
 0 0 0
 0 0 0
 0 0 0
 0 0 0
 0 0 0
 0 0 0
 0 0 0
 0 0 0
 0 0 0
 0 0 0
 0 0 0
 0 0 0
 0 0 0
 0 0 0
 0 0 0
 0 0 0
 0 0 0
 0 0 0
 0 0 0
 0 0 0
 0 0 0
 0 0 0
 0 0 0
 0 0 0
 0 0 0
 0 0 0
 0 0 0
 0 0 0
 0 0 0
 0 0 0
 0 0 0
 0 0 0
 0 0 0
 0 0 0
 0 0 0
 0 0 0
 0 0 0
 0 0 0
 0 0 0
 0 0 0
 0 0 0
 0 0 0
 0 0 0
 0 0 0
 0 0 0
 0 0 0
 0 0 0
 0 0 0
 0 0 0
 0 0 0
 0 0 0
 0 0 0
 0 0 0
 0 0 0
 0 0 0
 0 0 0
 0 0 0
 0 0 0
 0 0 0
 0 0 0
 0 0 0
 0 0 0
 0 0 0
 0 0 0
 0 0 0
 0 0 0
 0 0 0
 0 0 0
 0 0 0
 0 0 0
 0 0 0
 0 0 0
 0 0 0
 0 0 0
 0 0 0
 0 0 0
 0 0 0
 0 0 0
 0 0 0
 0 0 0
 0 0 0
 0 0 0
 0 0 0
 0 0 0
 0 0 0
 0 0 0
 0 0 0
 0 0 0
 0 0 0
 0 0 0
 0 0 0
 0 0 0
 0 0 0
 0 0 0
 0 0 0
 0 0 0
 0 0 0
 0 0 0
 0 0 0
 0 0 0
 0 0 0
 0 0 0
 0 0 0
 0 0 0
 0 0 0
 0 0 0
 0 0 0
 0 0 0
 0 0 0
 0 0 0
 0 0 0
 0 0 0
 0 0 0
 0 0 0
 0 0 0
 0 0 0
 0 0 0
 0 0 0
 0 0 0
 0 0 0
 0 0 0
 0 0 0
 0 0 0
 0 0 0
 0 0 0
 0 0 0
 0 0 0
 0 0 0
 0 0 0
 0 0 0
 0 0 0
 0 0 0
 0 0 0
 0 0 0
 0 0 0
 0 0 0
 0 0 0
 0 0 0
 0 0 0
 0 0 0
 0 0 0
 0 0 0
 0 0 0
 0 0 0
 0 0 0
 0 0 0
 0 0 0
 0 0 0
 0 0 0
 0 0 0
 0 0 0
 0 0 0
 0 0 0
 0 0 0
 0 0 0
 0 0 0
 0 0 0
 0 0 0
 0 0 0
 0 0 0
 0 0 0
 0 0 0
 0 0 0
 0 0 0
 0 0 0
 0 0 0
 0 0 0
 0 0 0
 0 0 0
 0 0 0
 0 0 0
 0 0 0
 0 0 0
 0 0 0
 0 0 0
 0 0 0
 0 0 0
 0 0 0
 0 0 0
 0 0 0
 0 0 0
 0 0 0
 0 0 0
 0 0 0
 0 0 0
 0 0 0
 0 0 0
 0 0 0
 0 0 0
 0 0 0
 0 0 0
 0 0 0
 0 0 0
 0 0 0
 0 0 0
 0 0 0
 0 0 0
 0 0 0
 0 0 0
 0 0 0
 0 0 0
 0 0 0
 0 0 0
 0 0 0
 0 0 0
 0 0 0
 0 0 0
 0 0 0
 0 0 0
 0 0 0
 0 0 0
 0 0 0
 0 0 0
 0 0 0
 0 0 0
 0 0 0
 0 0 0
 0 0 0
 0 0 0
 0 0 0
 0 0 0
 0 0 0
 0 0 0
 0 0 0
 0 0 0
 0 0 0
 0 0 0
 0 0 0
 0 0 0
 0 0 0
 0 0 0
 0 0 0
 0 0 0
 0 0 0
 0 0 0
 0 0 0
 0 0 0
 0 0 0
 0 0 0
 0 0 0
 0 0 0
  0.000000000  0.000000000  0.000000000
  0.000000000  0.000000000  0.000000000
  0.000000000  0.000000000  0.000000000
  0.000000000  0.000000000  0.000000000
  0.000000000  0.000000000  0.000000000
  0.000000000  0.000000000  0.000000000
  0.000000000  0.000000000  0.000000000
  0.000000000  0.000000000  0.000000000
  0.000000000  0.000000000  0.000000000
  0.000000000  0.000000000  0.000000000
  0.000000000  0.000000000  0.000000000
  0.000000000  0.000000000  0.000000000
  0.000000000  0.000000000  0.000000000
  0.000000000  0.000000000  0.000000000
  0.000000000  0.000000000  0.000000000
  0.000000000  0.000000000  0.000000000
  0.000000000  0.000000000  0.000000000
  0.000000000  0.000000000  0.000000000
  0.000000000  0.000000000  0.000000000
  0.000000000  0.000000000  0.000000000
  0.000000000  0.000000000  0.000000000
  0.000000000  0.000000000  0.000000000
  0.000000000  0.000000000  0.000000000
  0.000000000  0.000000000  0.000000000
  0.000000000  0.000000000  0.000000000
  0.000000000  0.000000000  0.000000000
  0.000000000  0.000000000  0.000000000
  0.000000000  0.000000000  0.000000000
  0.000000000  0.000000000  0.000000000
  0.000000000  0.000000000  0.000000000
  0.000000000  0.000000000  0.000000000
  0.000000000  0.000000000  0.000000000
  0.000000000  0.000000000  0.000000000
  0.000000000  0.000000000  0.000000000
  0.000000000  0.000000000  0.000000000
  0.000000000  0.000000000  0.000000000
  0.000000000  0.000000000  0.000000000
  0.000000000  0.000000000  0.000000000
  0.000000000  0.000000000  0.000000000
  0.000000000  0.000000000  0.000000000
  0.000000000  0.000000000  0.000000000
  0.000000000  0.000000000  0.000000000
  0.000000000  0.000000000  0.000000000
  0.000000000  0.000000000  0.000000000
  0.000000000  0.000000000  0.000000000
  0.000000000  0.000000000  0.000000000
  0.000000000  0.000000000  0.000000000
  0.000000000  0.000000000  0.000000000
  0.000000000  0.000000000  0.000000000
  0.000000000  0.000000000  0.000000000
  0.000000000  0.000000000  0.000000000
  0.000000000  0.000000000  0.000000000
  0.000000000  0.000000000  0.000000000
  0.000000000  0.000000000  0.000000000
  0.000000000  0.000000000  0.000000000
  0.000000000  0.000000000  0.000000000
  0.000000000  0.000000000  0.000000000
  0.000000000  0.000000000  0.000000000
  0.000000000  0.000000000  0.000000000
  0.000000000  0.000000000  0.000000000
  0.000000000  0.000000000  0.000000000
  0.000000000  0.000000000  0.000000000
  0.000000000  0.000000000  0.000000000
  0.000000000  0.000000000  0.000000000
  0.000000000  0.000000000  0.000000000
  0.000000000  0.000000000  0.000000000
  0.000000000  0.000000000  0.000000000
  0.000000000  0.000000000  0.000000000
  0.000000000  0.000000000  0.000000000
  0.000000000  0.000000000  0.000000000
  0.000000000  0.000000000  0.000000000
  0.000000000  0.000000000  0.000000000
  0.000000000  0.000000000  0.000000000
  0.000000000  0.000000000  0.000000000
  0.000000000  0.000000000  0.000000000
  0.000000000  0.000000000  0.000000000
  0.000000000  0.000000000  0.000000000
  0.000000000  0.000000000  0.000000000
  0.000000000  0.000000000  0.000000000
  0.000000000  0.000000000  0.000000000
  0.000000000  0.000000000  0.000000000
  0.000000000  0.000000000  0.000000000
  0.000000000  0.000000000  0.000000000
  0.000000000  0.000000000  0.000000000
  0.000000000  0.000000000  0.000000000
  0.000000000  0.000000000  0.000000000
  0.000000000  0.000000000  0.000000000
  0.000000000  0.000000000  0.000000000
  0.000000000  0.000000000  0.000000000
  0.000000000  0.000000000  0.000000000
  0.000000000  0.000000000  0.000000000
  0.000000000  0.000000000  0.000000000
  0.000000000  0.000000000  0.000000000
  0.000000000  0.000000000  0.000000000
  0.000000000  0.000000000  0.000000000
  0.000000000  0.000000000  0.000000000
  0.000000000  0.000000000  0.000000000
  0.000000000  0.000000000  0.000000000
  0.000000000  0.000000000  0.000000000
  0.000000000  0.000000000  0.000000000
  0.000000000  0.000000000  0.000000000
  0.000000000  0.000000000  0.000000000
  0.000000000  0.000000000  0.000000000
  0.000000000  0.000000000  0.000000000
  0.000000000  0.000000000  0.000000000
  0.000000000  0.000000000  0.000000000
  0.000000000  0.000000000  0.000000000
  0.000000000  0.000000000  0.000000000
  0.000000000  0.000000000  0.000000000
  0.000000000  0.000000000  0.000000000
  0.000000000  0.000000000  0.000000000
  0.000000000  0.000000000  0.000000000
  0.000000000  0.000000000  0.000000000
  0.000000000  0.000000000  0.000000000
  0.000000000  0.000000000  0.000000000
  0.000000000  0.000000000  0.000000000
  0.000000000  0.000000000  0.000000000
  0.000000000  0.000000000  0.000000000
  0.000000000  0.000000000  0.000000000
  0.000000000  0.000000000  0.000000000
  0.000000000  0.000000000  0.000000000
  0.000000000  0.000000000  0.000000000
  0.000000000  0.000000000  0.000000000
  0.000000000  0.000000000  0.000000000
  0.000000000  0.000000000  0.000000000
  0.000000000  0.000000000  0.000000000
  0.000000000  0.000000000  0.000000000
  0.000000000  0.000000000  0.000000000
  0.000000000  0.000000000  0.000000000
  0.000000000  0.000000000  0.000000000
  0.000000000  0.000000000  0.000000000
  0.000000000  0.000000000  0.000000000
  0.000000000  0.000000000  0.000000000
  0.000000000  0.000000000  0.000000000
  0.000000000  0.000000000  0.000000000
  0.000000000  0.000000000  0.000000000
  0.000000000  0.000000000  0.000000000
  0.000000000  0.000000000  0.000000000
  0.000000000  0.000000000  0.000000000
  0.000000000  0.000000000  0.000000000
  0.000000000  0.000000000  0.000000000
  0.000000000  0.000000000  0.000000000
  0.000000000  0.000000000  0.000000000
  0.000000000  0.000000000  0.000000000
  0.000000000  0.000000000  0.000000000
  0.000000000  0.000000000  0.000000000
  0.000000000  0.000000000  0.000000000
  0.000000000  0.000000000  0.000000000
  0.000000000  0.000000000  0.000000000
  0.000000000  0.000000000  0.000000000
  0.000000000  0.000000000  0.000000000
  0.000000000  0.000000000  0.000000000
  0.000000000  0.000000000  0.000000000
  0.000000000  0.000000000  0.000000000
  0.000000000  0.000000000  0.000000000
  0.000000000  0.000000000  0.000000000
  0.000000000  0.000000000  0.000000000
  0.000000000  0.000000000  0.000000000
  0.000000000  0.000000000  0.000000000
  0.000000000  0.000000000  0.000000000
  0.000000000  0.000000000  0.000000000
  0.000000000  0.000000000  0.000000000
  0.000000000  0.000000000  0.000000000
  0.000000000  0.000000000  0.000000000
  0.000000000  0.000000000  0.000000000
  0.000000000  0.000000000  0.000000000
  0.000000000  0.000000000  0.000000000
  0.000000000  0.000000000  0.000000000
  0.000000000  0.000000000  0.000000000
  0.000000000  0.000000000  0.000000000
  0.000000000  0.000000000  0.000000000
  0.000000000  0.000000000  0.000000000
  0.000000000  0.000000000  0.000000000
  0.000000000  0.000000000  0.000000000
  0.000000000  0.000000000  0.000000000
  0.000000000  0.000000000  0.000000000
  0.000000000  0.000000000  0.000000000
  0.000000000  0.000000000  0.000000000
  0.000000000  0.000000000  0.000000000
  0.000000000  0.000000000  0.000000000
  0.000000000  0.000000000  0.000000000
  0.000000000  0.000000000  0.000000000
  0.000000000  0.000000000  0.000000000
  0.000000000  0.000000000  0.000000000
  0.000000000  0.000000000  0.000000000
  0.000000000  0.000000000  0.000000000
  0.000000000  0.000000000  0.000000000
  0.000000000  0.000000000  0.000000000
  0.000000000  0.000000000  0.000000000
  0.000000000  0.000000000  0.000000000
  0.000000000  0.000000000  0.000000000
  0.000000000  0.000000000  0.000000000
  0.000000000  0.000000000  0.000000000
  0.000000000  0.000000000  0.000000000
  0.000000000  0.000000000  0.000000000
  0.000000000  0.000000000  0.000000000
  0.000000000  0.000000000  0.000000000
  0.000000000  0.000000000  0.000000000
  0.000000000  0.000000000  0.000000000
  0.000000000  0.000000000  0.000000000
  0.000000000  0.000000000  0.000000000
  0.000000000  0.000000000  0.000000000
  0.000000000  0.000000000  0.000000000
  0.000000000  0.000000000  0.000000000
  0.000000000  0.000000000  0.000000000
  0.000000000  0.000000000  0.000000000
  0.000000000  0.000000000  0.000000000
  0.000000000  0.000000000  0.000000000
  0.000000000  0.000000000  0.000000000
  0.000000000  0.000000000  0.000000000
  0.000000000  0.000000000  0.000000000
  0.000000000  0.000000000  0.000000000
  0.000000000  0.000000000  0.000000000
  0.000000000  0.000000000  0.000000000
  0.000000000  0.000000000  0.000000000
  0.000000000  0.000000000  0.000000000
  0.000000000  0.000000000  0.000000000
  0.000000000  0.000000000  0.000000000
  0.000000000  0.000000000  0.000000000
  0.000000000  0.000000000  0.000000000
  0.000000000  0.000000000  0.000000000
  0.000000000  0.000000000  0.000000000
  0.000000000  0.000000000  0.000000000
  0.000000000  0.000000000  0.000000000
  0.000000000  0.000000000  0.000000000
  0.000000000  0.000000000  0.000000000
  0.000000000  0.000000000  0.000000000
  0.000000000  0.000000000  0.000000000
  0.000000000  0.000000000  0.000000000
  0.000000000  0.000000000  0.000000000
  0.000000000  0.000000000  0.000000000
  0.000000000  0.000000000  0.000000000
  0.000000000  0.000000000  0.000000000
  0.000000000  0.000000000  0.000000000
  0.000000000  0.000000000  0.000000000
  0.000000000  0.000000000  0.000000000
  0.000000000  0.000000000  0.000000000
  0.000000000  0.000000000  0.000000000
  0.000000000  0.000000000  0.000000000
  0.000000000  0.000000000  0.000000000
  0.000000000  0.000000000  0.000000000
  0.000000000  0.000000000  0.000000000
  0.000000000  0.000000000  0.000000000
  0.000000000  0.000000000  0.000000000
  0.000000000  0.000000000  0.000000000
  0.000000000  0.000000000  0.000000000
  0.000000000  0.000000000  0.000000000
  0.000000000  0.000000000  0.000000000
  0.000000000  0.000000000  0.000000000
  0.000000000  0.000000000  0.000000000
  0.000000000  0.000000000  0.000000000
  0.000000000  0.000000000  0.000000000
  0.000000000  0.000000000  0.000000000
  0.000000000  0.000000000  0.000000000
  0.000000000  0.000000000  0.000000000
  0.000000000  0.000000000  0.000000000
  0.000000000  0.000000000  0.000000000
  0.000000000  0.000000000  0.000000000
  0.000000000  0.000000000  0.000000000
  0.000000000  0.000000000  0.000000000
  0.000000000  0.000000000  0.000000000
  0.000000000  0.000000000  0.000000000
  0.000000000  0.000000000  0.000000000
  0.000000000  0.000000000  0.000000000
  0.000000000  0.000000000  0.000000000
  0.000000000  0.000000000  0.000000000
  0.000000000  0.000000000  0.000000000
  0.000000000  0.000000000  0.000000000
  0.000000000  0.000000000  0.000000000
  0.000000000  0.000000000  0.000000000
  0.000000000  0.000000000  0.000000000
  0.000000000  0.000000000  0.000000000
  0.000000000  0.000000000  0.000000000
  0.000000000  0.000000000  0.000000000
  0.000000000  0.000000000  0.000000000
  0.000000000  0.000000000  0.000000000
  0.000000000  0.000000000  0.000000000
  0.000000000  0.000000000  0.000000000
  0.000000000  0.000000000  0.000000000
  0.000000000  0.000000000  0.000000000
  0.000000000  0.000000000  0.000000000
  0.000000000  0.000000000  0.000000000
  0.000000000  0.000000000  0.000000000
  0.000000000  0.000000000  0.000000000
  0.000000000  0.000000000  0.000000000
  0.000000000  0.000000000  0.000000000
  0.000000000  0.000000000  0.000000000
  0.000000000  0.000000000  0.000000000
  0.000000000  0.000000000  0.000000000
  0.000000000  0.000000000  0.000000000
  0.000000000  0.000000000  0.000000000
  0.000000000  0.000000000  0.000000000
  0.000000000  0.000000000  0.000000000
  0.000000000  0.000000000  0.000000000
  0.000000000  0.000000000  0.000000000
  0.000000000  0.000000000  0.000000000
  0.000000000  0.000000000  0.000000000
  0.000000000  0.000000000  0.000000000
  0.000000000  0.000000000  0.000000000
  0.000000000  0.000000000  0.000000000
  0.000000000  0.000000000  0.000000000
  0.000000000  0.000000000  0.000000000
  0.000000000  0.000000000  0.000000000
  0.000000000  0.000000000  0.000000000
  0.000000000  0.000000000  0.000000000
  0.000000000  0.000000000  0.000000000
  0.000000000  0.000000000  0.000000000
  0.000000000  0.000000000  0.000000000
  0.000000000  0.000000000  0.000000000
  0.000000000  0.000000000  0.000000000
  0.000000000  0.000000000  0.000000000
  0.000000000  0.000000000  0.000000000
  0.000000000  0.000000000  0.000000000
  0.000000000  0.000000000  0.000000000
  0.000000000  0.000000000  0.000000000
  0.000000000  0.000000000  0.000000000
  0.000000000  0.000000000  0.000000000
  0.000000000  0.000000000  0.000000000
  0.000000000  0.000000000  0.000000000
  0.000000000  0.000000000  0.000000000
  0.000000000  0.000000000  0.000000000
  0.000000000  0.000000000  0.000000000
  0.000000000  0.000000000  0.000000000
  0.000000000  0.000000000  0.000000000
  0.000000000  0.000000000  0.000000000
  0.000000000  0.000000000  0.000000000
  0.000000000  0.000000000  0.000000000
  0.000000000  0.000000000  0.000000000
  0.000000000  0.000000000  0.000000000
  0.000000000  0.000000000  0.000000000
  0.000000000  0.000000000  0.000000000
  0.000000000  0.000000000  0.000000000
  0.000000000  0.000000000  0.000000000
  0.000000000  0.000000000  0.000000000
  0.000000000  0.000000000  0.000000000
  0.000000000  0.000000000  0.000000000
  0.000000000  0.000000000  0.000000000
  0.000000000  0.000000000  0.000000000
  0.000000000  0.000000000  0.000000000
  0.000000000  0.000000000  0.000000000
  0.000000000  0.000000000  0.000000000
  0.000000000  0.000000000  0.000000000
  0.000000000  0.000000000  0.000000000
  0.000000000  0.000000000  0.000000000
  0.000000000  0.000000000  0.000000000
  0.000000000  0.000000000  0.000000000
  0.000000000  0.000000000  0.000000000
  0.000000000  0.000000000  0.000000000
  0.000000000  0.000000000  0.000000000
  0.000000000  0.000000000  0.000000000
  0.000000000  0.000000000  0.000000000
  0.000000000  0.000000000  0.000000000
  0.000000000  0.000000000  0.000000000
  0.000000000  0.000000000  0.000000000
  0.000000000  0.000000000  0.000000000
  0.000000000  0.000000000  0.000000000
  0.000000000  0.000000000  0.000000000
  0.000000000  0.000000000  0.000000000
  0.000000000  0.000000000  0.000000000
  0.000000000  0.000000000  0.000000000
  0.000000000  0.000000000  0.000000000
  0.000000000  0.000000000  0.000000000
  0.000000000  0.000000000  0.000000000
  0.000000000  0.000000000  0.000000000
  0.000000000  0.000000000  0.000000000
  0.000000000  0.000000000  0.000000000
  0.000000000  0.000000000  0.000000000
  0.000000000  0.000000000  0.000000000
  0.000000000  0.000000000  0.000000000
  0.000000000  0.000000000  0.000000000
  0.000000000  0.000000000  0.000000000
  0.000000000  0.000000000  0.000000000
  0.000000000  0.000000000  0.000000000
  0.000000000  0.000000000  0.000000000
  0.000000000  0.000000000  0.000000000
  0.000000000  0.000000000  0.000000000
  0.000000000  0.000000000  0.000000000
  0.000000000  0.000000000  0.000000000
  0.000000000  0.000000000  0.000000000
  0.000000000  0.000000000  0.000000000
  0.000000000  0.000000000  0.000000000
  0.000000000  0.000000000  0.000000000
  0.000000000  0.000000000  0.000000000
  0.000000000  0.000000000  0.000000000
  0.000000000  0.000000000  0.000000000
  0.000000000  0.000000000  0.000000000
  0.000000000  0.000000000  0.000000000
  0.000000000  0.000000000  0.000000000
  0.000000000  0.000000000  0.000000000
  0.000000000  0.000000000  0.000000000
  0.000000000  0.000000000  0.000000000
  0.000000000  0.000000000  0.000000000
  0.000000000  0.000000000  0.000000000
  0.000000000  0.000000000  0.000000000
  0.000000000  0.000000000  0.000000000
  0.000000000  0.000000000  0.000000000
  0.000000000  0.000000000  0.000000000
  0.000000000  0.000000000  0.000000000
  0.000000000  0.000000000  0.000000000
  0.000000000  0.000000000  0.000000000
  0.000000000  0.000000000  0.000000000
  0.000000000  0.000000000  0.000000000
  0.000000000  0.000000000  0.000000000
  0.000000000  0.000000000  0.000000000
  0.000000000  0.000000000  0.000000000
  0.000000000  0.000000000  0.000000000
  0.000000000  0.000000000  0.000000000
  0.000000000  0.000000000  0.000000000
  0.000000000  0.000000000  0.000000000
  0.000000000  0.000000000  0.000000000
  0.000000000  0.000000000  0.000000000
  0.000000000  0.000000000  0.000000000
  0.000000000  0.000000000  0.000000000
  0.000000000  0.000000000  0.000000000
  0.000000000  0.000000000  0.000000000
  0.000000000  0.000000000  0.000000000
  0.000000000  0.000000000  0.000000000
  0.000000000  0.000000000  0.000000000
  0.000000000  0.000000000  0.000000000
  0.000000000  0.000000000  0.000000000
  0.000000000  0.000000000  0.000000000
  0.000000000  0.000000000  0.000000000
  0.000000000  0.000000000  0.000000000
  0.000000000  0.000000000  0.000000000
  0.000000000  0.000000000  0.000000000
  0.000000000  0.000000000  0.000000000
  0.000000000  0.000000000  0.000000000
  0.000000000  0.000000000  0.000000000
  0.000000000  0.000000000  0.000000000
  0.000000000  0.000000000  0.000000000
  0.000000000  0.000000000  0.000000000
  0.000000000  0.000000000  0.000000000
 0 0 0
 0 0 0
 0 0 0
 0 0 0
 0 0 0
 0 0 0
 0 0 0
 0 0 0
 0 0 0
 0 0 0
 0 0 0
 0 0 0
 0 0 0
 0 0 0
 0 0 0
 0 0 0
 0 0 0
 0 0 0
 0 0 0
 0 0 0
 0 0 0
 0 0 0
 0 0 0
 0 0 0
 0 0 0
 0 0 0
 0 0 0
 0 0 0
 0 0 0
 0 0 0
 0 0 0
 0 0 0
 0 0 0
 0 0 0
 0 0 0
 0 0 0
 0 0 0
 0 0 0
 0 0 0
 0 0 0
 0 0 0
 0 0 0
 0 0 0
 0 0 0
 0 0 0
 0 0 0
 0 0 0
 0 0 0
 0 0 0
 0 0 0
 0 0 0
 0 0 0
 0 0 0
 0 0 0
 0 0 0
 0 0 0
 0 0 0
 0 0 0
 0 0 0
 0 0 0
 0 0 0
 0 0 0
 0 0 0
 0 0 0
 0 0 0
 0 0 0
 0 0 0
 0 0 0
 0 0 0
 0 0 0
 0 0 0
 0 0 0
 0 0 0
 0 0 0
 0 0 0
 0 0 0
 0 0 0
 0 0 0
 0 0 0
 0 0 0
 0 0 0
 0 0 0
 0 0 0
 0 0 0
 0 0 0
 0 0 0
 0 0 0
 0 0 0
 0 0 0
 0 0 0
 0 0 0
 0 0 0
 0 0 0
 0 0 0
 0 0 0
 0 0 0
 0 0 0
 0 0 0
 0 0 0
 0 0 0
 0 0 0
 0 0 0
 0 0 0
 0 0 0
 0 0 0
 0 0 0
 0 0 0
 0 0 0
 0 0 0
 0 0 0
 0 0 0
 0 0 0
 0 0 0
 0 0 0
 0 0 0
 0 0 0
 0 0 0
 0 0 0
 0 0 0
 0 0 0
 0 0 0
 0 0 0
 0 0 0
 0 0 0
 0 0 0
 0 0 0
 0 0 0
 0 0 0
 0 0 0
 0 0 0
 0 0 0
 0 0 0
 0 0 0
 0 0 0
 0 0 0
 0 0 0
 0 0 0
 0 0 0
 0 0 0
 0 0 0
 0 0 0
 0 0 0
 0 0 0
 0 0 0
 0 0 0
 0 0 0
 0 0 0
 0 0 0
 0 0 0
 0 0 0
 0 0 0
 0 0 0
 0 0 0
 0 0 0
 0 0 0
 0 0 0
 0 0 0
 0 0 0
 0 0 0
 0 0 0
 0 0 0
 0 0 0
 0 0 0
 0 0 0
 0 0 0
 0 0 0
 0 0 0
 0 0 0
 0 0 0
 0 0 0
 0 0 0
 0 0 0
 0 0 0
 0 0 0
 0 0 0
 0 0 0
 0 0 0
 0 0 0
 0 0 0
 0 0 0
 0 0 0
 0 0 0
 0 0 0
 0 0 0
 0 0 0
 0 0 0
 0 0 0
 0 0 0
 0 0 0
 0 0 0
 0 0 0
 0 0 0
 0 0 0
 0 0 0
 0 0 0
 0 0 0
 0 0 0
 0 0 0
 0 0 0
 0 0 0
 0 0 0
 0 0 0
 0 0 0
 0 0 0
 0 0 0
 0 0 0
 0 0 0
 0 0 0
 0 0 0
 0 0 0
 0 0 0
 0 0 0
 0 0 0
 0 0 0
 0 0 0
 0 0 0
 0 0 0
 0 0 0
 0 0 0
 0 0 0
 0 0 0
 0 0 0
 0 0 0
 0 0 0
 0 0 0
 0 0 0
 0 0 0
 0 0 0
 0 0 0
 0 0 0
 0 0 0
 0 0 0
 0 0 0
 0 0 0
 0 0 0
 0 0 0
 0 0 0
 0 0 0
 0 0 0
 0 0 0
 0 0 0
 0 0 0
 0 0 0
 0 0 0
 0 0 0
 0 0 0
 0 0 0
 0 0 0
 0 0 0
 0 0 0
 0 0 0
 0 0 0
 0 0 0
 0 0 0
 0 0 0
 0 0 0
 0 0 0
 0 0 0
 0 0 0
 0 0 0
 0 0 0
 0 0 0
 0 0 0
 0 0 0
 0 0 0
 0 0 0
 0 0 0
 0 0 0
 0 0 0
 0 0 0
 0 0 0
 0 0 0
 0 0 0
 0 0 0
 0 0 0
 0 0 0
 0 0 0
 0 0 0
 0 0 0
 0 0 0
 0 0 0
 0 0 0
 0 0 0
 0 0 0
 0 0 0
 0 0 0
 0 0 0
 0 0 0
 0 0 0
 0 0 0
 0 0 0
 0 0 0
 0 0 0
 0 0 0
 0 0 0
 0 0 0
 0 0 0
 0 0 0
 0 0 0
 0 0 0
 0 0 0
 0 0 0
 0 0 0
 0 0 0
 0 0 0
 0 0 0
 0 0 0
 0 0 0
 0 0 0
 0 0 0
 0 0 0
 0 0 0
 0 0 0
 0 0 0
 0 0 0
 0 0 0
 0 0 0
 0 0 0
 0 0 0
 0 0 0
 0 0 0
 0 0 0
  0.000000000  0.000000000  0.000000000
  0.000000000  0.000000000  0.000000000
  0.000000000  0.000000000  0.000000000
  0.000000000  0.000000000  0.000000000
  0.000000000  0.000000000  0.000000000
  0.000000000  0.000000000  0.000000000
  0.000000000  0.000000000  0.000000000
  0.000000000  0.000000000  0.000000000
  0.000000000  0.000000000  0.000000000
  0.000000000  0.000000000  0.000000000
  0.000000000  0.000000000  0.000000000
  0.000000000  0.000000000  0.000000000
  0.000000000  0.000000000  0.000000000
  0.000000000  0.000000000  0.000000000
  0.000000000  0.000000000  0.000000000
  0.000000000  0.000000000  0.000000000
  0.000000000  0.000000000  0.000000000
  0.000000000  0.000000000  0.000000000
  0.000000000  0.000000000  0.000000000
  0.000000000  0.000000000  0.000000000
  0.000000000  0.000000000  0.000000000
  0.000000000  0.000000000  0.000000000
  0.000000000  0.000000000  0.000000000
  0.000000000  0.000000000  0.000000000
  0.000000000  0.000000000  0.000000000
  0.000000000  0.000000000  0.000000000
  0.000000000  0.000000000  0.000000000
  0.000000000  0.000000000  0.000000000
  0.000000000  0.000000000  0.000000000
  0.000000000  0.000000000  0.000000000
  0.000000000  0.000000000  0.000000000
  0.000000000  0.000000000  0.000000000
  0.000000000  0.000000000  0.000000000
  0.000000000  0.000000000  0.000000000
  0.000000000  0.000000000  0.000000000
  0.000000000  0.000000000  0.000000000
  0.000000000  0.000000000  0.000000000
  0.000000000  0.000000000  0.000000000
  0.000000000  0.000000000  0.000000000
  0.000000000  0.000000000  0.000000000
  0.000000000  0.000000000  0.000000000
  0.000000000  0.000000000  0.000000000
  0.000000000  0.000000000  0.000000000
  0.000000000  0.000000000  0.000000000
  0.000000000  0.000000000  0.000000000
  0.000000000  0.000000000  0.000000000
  0.000000000  0.000000000  0.000000000
  0.000000000  0.000000000  0.000000000
  0.000000000  0.000000000  0.000000000
  0.000000000  0.000000000  0.000000000
  0.000000000  0.000000000  0.000000000
  0.000000000  0.000000000  0.000000000
  0.000000000  0.000000000  0.000000000
  0.000000000  0.000000000  0.000000000
  0.000000000  0.000000000  0.000000000
  0.000000000  0.000000000  0.000000000
  0.000000000  0.000000000  0.000000000
  0.000000000  0.000000000  0.000000000
  0.000000000  0.000000000  0.000000000
  0.000000000  0.000000000  0.000000000
  0.000000000  0.000000000  0.000000000
  0.000000000  0.000000000  0.000000000
  0.000000000  0.000000000  0.000000000
  0.000000000  0.000000000  0.000000000
  0.000000000  0.000000000  0.000000000
  0.000000000  0.000000000  0.000000000
  0.000000000  0.000000000  0.000000000
  0.000000000  0.000000000  0.000000000
  0.000000000  0.000000000  0.000000000
  0.000000000  0.000000000  0.000000000
  0.000000000  0.000000000  0.000000000
  0.000000000  0.000000000  0.000000000
  0.000000000  0.000000000  0.000000000
  0.000000000  0.000000000  0.000000000
  0.000000000  0.000000000  0.000000000
  0.000000000  0.000000000  0.000000000
  0.000000000  0.000000000  0.000000000
  0.000000000  0.000000000  0.000000000
  0.000000000  0.000000000  0.000000000
  0.000000000  0.000000000  0.000000000
  0.000000000  0.000000000  0.000000000
  0.000000000  0.000000000  0.000000000
  0.000000000  0.000000000  0.000000000
  0.000000000  0.000000000  0.000000000
  0.000000000  0.000000000  0.000000000
  0.000000000  0.000000000  0.000000000
  0.000000000  0.000000000  0.000000000
  0.000000000  0.000000000  0.000000000
  0.000000000  0.000000000  0.000000000
  0.000000000  0.000000000  0.000000000
  0.000000000  0.000000000  0.000000000
  0.000000000  0.000000000  0.000000000
  0.000000000  0.000000000  0.000000000
  0.000000000  0.000000000  0.000000000
  0.000000000  0.000000000  0.000000000
  0.000000000  0.000000000  0.000000000
  0.000000000  0.000000000  0.000000000
  0.000000000  0.000000000  0.000000000
  0.000000000  0.000000000  0.000000000
  0.000000000  0.000000000  0.000000000
  0.000000000  0.000000000  0.000000000
  0.000000000  0.000000000  0.000000000
  0.000000000  0.000000000  0.000000000
  0.000000000  0.000000000  0.000000000
  0.000000000  0.000000000  0.000000000
  0.000000000  0.000000000  0.000000000
  0.000000000  0.000000000  0.000000000
  0.000000000  0.000000000  0.000000000
  0.000000000  0.000000000  0.000000000
  0.000000000  0.000000000  0.000000000
  0.000000000  0.000000000  0.000000000
  0.000000000  0.000000000  0.000000000
  0.000000000  0.000000000  0.000000000
  0.000000000  0.000000000  0.000000000
  0.000000000  0.000000000  0.000000000
  0.000000000  0.000000000  0.000000000
  0.000000000  0.000000000  0.000000000
  0.000000000  0.000000000  0.000000000
  0.000000000  0.000000000  0.000000000
  0.000000000  0.000000000  0.000000000
  0.000000000  0.000000000  0.000000000
  0.000000000  0.000000000  0.000000000
  0.000000000  0.000000000  0.000000000
  0.000000000  0.000000000  0.000000000
  0.000000000  0.000000000  0.000000000
  0.000000000  0.000000000  0.000000000
  0.000000000  0.000000000  0.000000000
  0.000000000  0.000000000  0.000000000
  0.000000000  0.000000000  0.000000000
  0.000000000  0.000000000  0.000000000
  0.000000000  0.000000000  0.000000000
  0.000000000  0.000000000  0.000000000
  0.000000000  0.000000000  0.000000000
  0.000000000  0.000000000  0.000000000
  0.000000000  0.000000000  0.000000000
  0.000000000  0.000000000  0.000000000
  0.000000000  0.000000000  0.000000000
  0.000000000  0.000000000  0.000000000
  0.000000000  0.000000000  0.000000000
  0.000000000  0.000000000  0.000000000
  0.000000000  0.000000000  0.000000000
  0.000000000  0.000000000  0.000000000
  0.000000000  0.000000000  0.000000000
  0.000000000  0.000000000  0.000000000
  0.000000000  0.000000000  0.000000000
  0.000000000  0.000000000  0.000000000
  0.000000000  0.000000000  0.000000000
  0.000000000  0.000000000  0.000000000
  0.000000000  0.000000000  0.000000000
  0.000000000  0.000000000  0.000000000
  0.000000000  0.000000000  0.000000000
  0.000000000  0.000000000  0.000000000
  0.000000000  0.000000000  0.000000000
  0.000000000  0.000000000  0.000000000
  0.000000000  0.000000000  0.000000000
  0.000000000  0.000000000  0.000000000
  0.000000000  0.000000000  0.000000000
  0.000000000  0.000000000  0.000000000
  0.000000000  0.000000000  0.000000000
  0.000000000  0.000000000  0.000000000
  0.000000000  0.000000000  0.000000000
  0.000000000  0.000000000  0.000000000
  0.000000000  0.000000000  0.000000000
  0.000000000  0.000000000  0.000000000
  0.000000000  0.000000000  0.000000000
  0.000000000  0.000000000  0.000000000
  0.000000000  0.000000000  0.000000000
  0.000000000  0.000000000  0.000000000
  0.000000000  0.000000000  0.000000000
  0.000000000  0.000000000  0.000000000
  0.000000000  0.000000000  0.000000000
  0.000000000  0.000000000  0.000000000
  0.000000000  0.000000000  0.000000000
  0.000000000  0.000000000  0.000000000
  0.000000000  0.000000000  0.000000000
  0.000000000  0.000000000  0.000000000
  0.000000000  0.000000000  0.000000000
  0.000000000  0.000000000  0.000000000
  0.000000000  0.000000000  0.000000000
  0.000000000  0.000000000  0.000000000
  0.000000000  0.000000000  0.000000000
  0.000000000  0.000000000  0.000000000
  0.000000000  0.000000000  0.000000000
  0.000000000  0.000000000  0.000000000
  0.000000000  0.000000000  0.000000000
  0.000000000  0.000000000  0.000000000
  0.000000000  0.000000000  0.000000000
  0.000000000  0.000000000  0.000000000
  0.000000000  0.000000000  0.000000000
  0.000000000  0.000000000  0.000000000
  0.000000000  0.000000000  0.000000000
  0.000000000  0.000000000  0.000000000
  0.000000000  0.000000000  0.000000000
  0.000000000  0.000000000  0.000000000
  0.000000000  0.000000000  0.000000000
  0.000000000  0.000000000  0.000000000
  0.000000000  0.000000000  0.000000000
  0.000000000  0.000000000  0.000000000
  0.000000000  0.000000000  0.000000000
  0.000000000  0.000000000  0.000000000
  0.000000000  0.000000000  0.000000000
  0.000000000  0.000000000  0.000000000
  0.000000000  0.000000000  0.000000000
  0.000000000  0.000000000  0.000000000
  0.000000000  0.000000000  0.000000000
  0.000000000  0.000000000  0.000000000
  0.000000000  0.000000000  0.000000000
  0.000000000  0.000000000  0.000000000
  0.000000000  0.000000000  0.000000000
  0.000000000  0.000000000  0.000000000
  0.000000000  0.000000000  0.000000000
  0.000000000  0.000000000  0.000000000
  0.000000000  0.000000000  0.000000000
  0.000000000  0.000000000  0.000000000
  0.000000000  0.000000000  0.000000000
  0.000000000  0.000000000  0.000000000
  0.000000000  0.000000000  0.000000000
  0.000000000  0.000000000  0.000000000
  0.000000000  0.000000000  0.000000000
  0.000000000  0.000000000  0.000000000
  0.000000000  0.000000000  0.000000000
  0.000000000  0.000000000  0.000000000
  0.000000000  0.000000000  0.000000000
  0.000000000  0.000000000  0.000000000
  0.000000000  0.000000000  0.000000000
  0.000000000  0.000000000  0.000000000
  0.000000000  0.000000000  0.000000000
  0.000000000  0.000000000  0.000000000
  0.000000000  0.000000000  0.000000000
  0.000000000  0.000000000  0.000000000
  0.000000000  0.000000000  0.000000000
  0.000000000  0.000000000  0.000000000
  0.000000000  0.000000000  0.000000000
  0.000000000  0.000000000  0.000000000
  0.000000000  0.000000000  0.000000000
  0.000000000  0.000000000  0.000000000
  0.000000000  0.000000000  0.000000000
  0.000000000  0.000000000  0.000000000
  0.000000000  0.000000000  0.000000000
  0.000000000  0.000000000  0.000000000
  0.000000000  0.000000000  0.000000000
  0.000000000  0.000000000  0.000000000
  0.000000000  0.000000000  0.000000000
  0.000000000  0.000000000  0.000000000
  0.000000000  0.000000000  0.000000000
  0.000000000  0.000000000  0.000000000
  0.000000000  0.000000000  0.000000000
  0.000000000  0.000000000  0.000000000
  0.000000000  0.000000000  0.000000000
  0.000000000  0.000000000  0.000000000
  0.000000000  0.000000000  0.000000000
  0.000000000  0.000000000  0.000000000
  0.000000000  0.000000000  0.000000000
  0.000000000  0.000000000  0.000000000
  0.000000000  0.000000000  0.000000000
  0.000000000  0.000000000  0.000000000
  0.000000000  0.000000000  0.000000000
  0.000000000  0.000000000  0.000000000
  0.000000000  0.000000000  0.000000000
  0.000000000  0.000000000  0.000000000
  0.000000000  0.000000000  0.000000000
  0.000000000  0.000000000  0.000000000
  0.000000000  0.000000000  0.000000000
  0.000000000  0.000000000  0.000000000
  0.000000000  0.000000000  0.000000000
  0.000000000  0.000000000  0.000000000
  0.000000000  0.000000000  0.000000000
  0.000000000  0.000000000  0.000000000
  0.000000000  0.000000000  0.000000000
  0.000000000  0.000000000  0.000000000
  0.000000000  0.000000000  0.000000000
  0.000000000  0.000000000  0.000000000
  0.000000000  0.000000000  0.000000000
  0.000000000  0.000000000  0.000000000
  0.000000000  0.000000000  0.000000000
  0.000000000  0.000000000  0.000000000
  0.000000000  0.000000000  0.000000000
  0.000000000  0.000000000  0.000000000
  0.000000000  0.000000000  0.000000000
  0.000000000  0.000000000  0.000000000
  0.000000000  0.000000000  0.000000000
  0.000000000  0.000000000  0.000000000
  0.000000000  0.000000000  0.000000000
  0.000000000  0.000000000  0.000000000
  0.000000000  0.000000000  0.000000000
  0.000000000  0.000000000  0.000000000
  0.000000000  0.000000000  0.000000000
  0.000000000  0.000000000  0.000000000
  0.000000000  0.000000000  0.000000000
  0.000000000  0.000000000  0.000000000
  0.000000000  0.000000000  0.000000000
  0.000000000  0.000000000  0.000000000
  0.000000000  0.000000000  0.000000000
  0.000000000  0.000000000  0.000000000
  0.000000000  0.000000000  0.000000000
  0.000000000  0.000000000  0.000000000
  0.000000000  0.000000000  0.000000000
  0.000000000  0.000000000  0.000000000
  0.000000000  0.000000000  0.000000000
  0.000000000  0.000000000  0.000000000
  0.000000000  0.000000000  0.000000000
  0.000000000  0.000000000  0.000000000
  0.000000000  0.000000000  0.000000000
  0.000000000  0.000000000  0.000000000
  0.000000000  0.000000000  0.000000000
  0.000000000  0.000000000  0.000000000
  0.000000000  0.000000000  0.000000000
  0.000000000  0.000000000  0.000000000
  0.000000000  0.000000000  0.000000000
  0.000000000  0.000000000  0.000000000
  0.000000000  0.000000000  0.000000000
  0.000000000  0.000000000  0.000000000
  0.000000000  0.000000000  0.000000000
  0.000000000  0.000000000  0.000000000
  0.000000000  0.000000000  0.000000000
  0.000000000  0.000000000  0.000000000
  0.000000000  0.000000000  0.000000000
  0.000000000  0.000000000  0.000000000
  0.000000000  0.000000000  0.000000000
  0.000000000  0.000000000  0.000000000
  0.000000000  0.000000000  0.000000000
  0.000000000  0.000000000  0.000000000
  0.000000000  0.000000000  0.000000000
  0.000000000  0.000000000  0.000000000
  0.000000000  0.000000000  0.000000000
  0.000000000  0.000000000  0.000000000
  0.000000000  0.000000000  0.000000000
  0.000000000  0.000000000  0.000000000
  0.000000000  0.000000000  0.000000000
  0.000000000  0.000000000  0.000000000
  0.000000000  0.000000000  0.000000000
  0.000000000  0.000000000  0.000000000
  0.000000000  0.000000000  0.000000000
  0.000000000  0.000000000  0.000000000
  0.000000000  0.000000000  0.000000000
  0.000000000  0.000000000  0.000000000
  0.000000000  0.000000000  0.000000000
  0.000000000  0.000000000  0.000000000
  0.000000000  0.000000000  0.000000000
  0.000000000  0.000000000  0.000000000
  0.000000000  0.000000000  0.000000000
  0.000000000  0.000000000  0.000000000
  0.000000000  0.000000000  0.000000000
  0.000000000  0.000000000  0.000000000
  0.000000000  0.000000000  0.000000000
  0.000000000  0.000000000  0.000000000
  0.000000000  0.000000000  0.000000000
  0.000000000  0.000000000  0.000000000
  0.000000000  0.000000000  0.000000000
  0.000000000  0.000000000  0.000000000
  0.000000000  0.000000000  0.000000000
  0.000000000  0.000000000  0.000000000
  0.000000000  0.000000000  0.000000000
  0.000000000  0.000000000  0.000000000
  0.000000000  0.000000000  0.000000000
  0.000000000  0.000000000  0.000000000
  0.000000000  0.000000000  0.000000000
  0.000000000  0.000000000  0.000000000
  0.000000000  0.000000000  0.000000000
  0.000000000  0.000000000  0.000000000
  0.000000000  0.000000000  0.000000000
  0.000000000  0.000000000  0.000000000
  0.000000000  0.000000000  0.000000000
  0.000000000  0.000000000  0.000000000
  0.000000000  0.000000000  0.000000000
  0.000000000  0.000000000  0.000000000
  0.000000000  0.000000000  0.000000000
  0.000000000  0.000000000  0.000000000
  0.000000000  0.000000000  0.000000000
  0.000000000  0.000000000  0.000000000
  0.000000000  0.000000000  0.000000000
  0.000000000  0.000000000  0.000000000
  0.000000000  0.000000000  0.000000000
  0.000000000  0.000000000  0.000000000
  0.000000000  0.000000000  0.000000000
  0.000000000  0.000000000  0.000000000
  0.000000000  0.000000000  0.000000000
  0.000000000  0.000000000  0.000000000
  0.000000000  0.000000000  0.000000000
  0.000000000  0.000000000  0.000000000
  0.000000000  0.000000000  0.000000000
  0.000000000  0.000000000  0.000000000
  0.000000000  0.000000000  0.000000000
  0.000000000  0.000000000  0.000000000
  0.000000000  0.000000000  0.000000000
  0.000000000  0.000000000  0.000000000
  0.000000000  0.000000000  0.000000000
  0.000000000  0.000000000  0.000000000
  0.000000000  0.000000000  0.000000000
  0.000000000  0.000000000  0.000000000
  0.000000000  0.000000000  0.000000000
  0.000000000  0.000000000  0.000000000
  0.000000000  0.000000000  0.000000000
  0.000000000  0.000000000  0.000000000
  0.000000000  0.000000000  0.000000000
  0.000000000  0.000000000  0.000000000
  0.000000000  0.000000000  0.000000000
  0.000000000  0.000000000  0.000000000
  0.000000000  0.000000000  0.000000000
  0.000000000  0.000000000  0.000000000
  0.000000000  0.000000000  0.000000000
  0.000000000  0.000000000  0.000000000
  0.000000000  0.000000000  0.000000000
  0.000000000  0.000000000  0.000000000
  0.000000000  0.000000000  0.000000000
  0.000000000  0.000000000  0.000000000
  0.000000000  0.000000000  0.000000000
  0.000000000  0.000000000  0.000000000
  0.000000000  0.000000000  0.000000000
  0.000000000  0.000000000  0.000000000
  0.000000000  0.000000000  0.000000000
  0.000000000  0.000000000  0.000000000
  0.000000000  0.000000000  0.000000000
  0.000000000  0.000000000  0.000000000
  0.000000000  0.000000000  0.000000000
  0.000000000  0.000000000  0.000000000
  0.000000000  0.000000000  0.000000000
  0.000000000  0.000000000  0.000000000
  0.000000000  0.000000000  0.000000000
  0.000000000  0.000000000  0.000000000
  0.000000000  0.000000000  0.000000000
  0.000000000  0.000000000  0.000000000
  0.000000000  0.000000000  0.000000000
  0.000000000  0.000000000  0.000000000
  0.000000000  0.000000000  0.000000000
  0.000000000  0.000000000  0.000000000
  0.000000000  0.000000000  0.000000000
  0.000000000  0.000000000  0.000000000
  0.000000000  0.000000000  0.000000000
  0.000000000  0.000000000  0.000000000
  0.000000000  0.000000000  0.000000000
  0.000000000  0.000000000  0.000000000
  0.000000000  0.000000000  0.000000000
  0.000000000  0.000000000  0.000000000
  0.000000000  0.000000000  0.000000000
  0.000000000  0.000000000  0.000000000
  0.000000000  0.000000000  0.000000000
  0.000000000  0.000000000  0.000000000
  0.000000000  0.000000000  0.000000000
  0.000000000  0.000000000  0.000000000
  0.000000000  0.000000000  0.000000000
  0.000000000  0.000000000  0.000000000
  0.000000000  0.000000000  0.000000000
  0.000000000  0.000000000  0.000000000
  0.000000000  0.000000000  0.000000000
  0.000000000  0.000000000  0.000000000
  0.000000000  0.000000000  0.000000000
  0.000000000  0.000000000  0.000000000
  0.000000000  0.000000000  0.000000000
  0.000000000  0.000000000  0.000000000
  0.000000000  0.000000000  0.000000000
  0.000000000  0.000000000  0.000000000
  0.000000000  0.000000000  0.000000000
  0.000000000  0.000000000  0.000000000
  0.000000000  0.000000000  0.000000000
  0.000000000  0.000000000  0.000000000
  0.000000000  0.000000000  0.000000000
  0.000000000  0.000000000  0.000000000
  0.000000000  0.000000000  0.000000000
  0.000000000  0.000000000  0.000000000
  0.000000000  0.000000000  0.000000000
  0.000000000  0.000000000  0.000000000
  0.000000000  0.000000000  0.000000000
  0.000000000  0.000000000  0.000000000
  0.000000000  0.000000000  0.000000000
  0.000000000  0.000000000  0.000000000
  0.000000000  0.000000000  0.000000000
  0.000000000  0.000000000  0.000000000
  0.000000000  0.000000000  0.000000000
  0.000000000  0.000000000  0.000000000
  0.000000000  0.000000000  0.000000000
  0.000000000  0.000000000  0.000000000
  0.000000000  0.000000000  0.000000000
  0.000000000  0.000000000  0.000000000
  0.000000000  0.000000000  0.000000000
  0.000000000  0.000000000  0.000000000
   1.06000000000000     
   1.06000000000000     
   1.06000000000000     
   1.06000000000000     
   1.06000000000000     
   1.06000000000000     
   1.06000000000000     
   1.06000000000000     
   1.06000000000000     
   1.06000000000000     
   1.06000000000000     
   1.06000000000000     
   1.06000000000000     
   1.06000000000000     
   1.06000000000000     
   1.06000000000000     
   1.06000000000000     
   1.06000000000000     
   1.06000000000000     
   1.06000000000000     
   1.06000000000000     
   1.06000000000000     
   1.06000000000000     
   1.06000000000000     
   1.06000000000000     
   1.06000000000000     
   1.06000000000000     
   1.06000000000000     
   1.06000000000000     
   1.06000000000000     
   1.06000000000000     
   1.06000000000000     
   1.06000000000000     
   1.06000000000000     
   1.06000000000000     
   1.06000000000000     
   1.06000000000000     
   1.06000000000000     
   1.06000000000000     
   1.06000000000000     
   1.06000000000000     
   1.06000000000000     
   1.06000000000000     
   1.06000000000000     
   1.06000000000000     
   1.06000000000000     
   1.06000000000000     
   1.06000000000000     
   1.06000000000000     
   1.06000000000000     
   1.06000000000000     
   1.06000000000000     
   1.06000000000000     
   1.06000000000000     
   1.06000000000000     
   1.06000000000000     
   1.06000000000000     
   1.06000000000000     
   1.06000000000000     
   1.06000000000000     
   1.06000000000000     
   1.06000000000000     
   1.06000000000000     
   1.06000000000000     
   1.06000000000000     
   1.06000000000000     
   1.06000000000000     
   1.06000000000000     
   1.06000000000000     
   1.06000000000000     
   1.06000000000000     
   1.06000000000000     
   1.06000000000000     
   1.06000000000000     
   1.06000000000000     
   1.06000000000000     
   1.06000000000000     
   1.06000000000000     
   1.06000000000000     
   1.06000000000000     
   1.06000000000000     
   1.06000000000000     
   1.06000000000000     
   1.06000000000000     
   1.06000000000000     
   1.06000000000000     
   1.06000000000000     
   1.06000000000000     
   1.06000000000000     
   1.06000000000000     
   1.06000000000000     
   1.06000000000000     
   1.06000000000000     
   1.06000000000000     
   1.06000000000000     
   1.06000000000000     
   1.06000000000000     
   1.06000000000000     
   1.06000000000000     
   1.06000000000000     
   1.06000000000000     
   1.06000000000000     
   1.06000000000000     
   1.06000000000000     
   1.06000000000000     
   1.06000000000000     
   1.06000000000000     
   1.06000000000000     
   1.06000000000000     
   1.06000000000000     
   1.06000000000000     
   1.06000000000000     
   1.06000000000000     
   1.06000000000000     
   1.06000000000000     
   1.06000000000000     
   1.06000000000000     
   1.06000000000000     
   1.06000000000000     
   1.06000000000000     
   1.06000000000000     
   1.06000000000000     
   1.06000000000000     
   1.06000000000000     
   1.06000000000000     
   1.06000000000000     
   1.06000000000000     
   1.06000000000000     
   1.06000000000000     
   1.06000000000000     
   1.06000000000000     
   1.06000000000000     
   1.06000000000000     
   1.06000000000000     
   1.06000000000000     
   1.06000000000000     
   1.06000000000000     
   1.06000000000000     
   1.06000000000000     
   1.06000000000000     
   1.06000000000000     
   1.06000000000000     
   1.06000000000000     
   1.06000000000000     
   1.06000000000000     
   1.06000000000000     
   1.06000000000000     
   1.06000000000000     
   1.06000000000000     
   1.06000000000000     
   1.06000000000000     
   1.06000000000000     
   1.06000000000000     
   1.06000000000000     
  3.000000000000000E-002
  3.000000000000000E-002
  3.000000000000000E-002
  3.000000000000000E-002
  3.000000000000000E-002
  3.000000000000000E-002
  3.000000000000000E-002
  3.000000000000000E-002
  3.000000000000000E-002
  3.000000000000000E-002
  3.000000000000000E-002
  3.000000000000000E-002
  3.000000000000000E-002
  3.000000000000000E-002
  3.000000000000000E-002
  3.000000000000000E-002
  3.000000000000000E-002
  3.000000000000000E-002
  3.000000000000000E-002
  3.000000000000000E-002
  3.000000000000000E-002
  3.000000000000000E-002
  3.000000000000000E-002
  3.000000000000000E-002
  3.000000000000000E-002
  3.000000000000000E-002
  3.000000000000000E-002
  3.000000000000000E-002
  3.000000000000000E-002
  3.000000000000000E-002
  3.000000000000000E-002
  3.000000000000000E-002
  3.000000000000000E-002
  3.000000000000000E-002
  3.000000000000000E-002
  3.000000000000000E-002
  3.000000000000000E-002
  3.000000000000000E-002
  3.000000000000000E-002
  3.000000000000000E-002
  3.000000000000000E-002
  3.000000000000000E-002
  3.000000000000000E-002
  3.000000000000000E-002
  3.000000000000000E-002
  3.000000000000000E-002
  3.000000000000000E-002
  3.000000000000000E-002
  3.000000000000000E-002
  3.000000000000000E-002
  3.000000000000000E-002
  3.000000000000000E-002
  3.000000000000000E-002
  3.000000000000000E-002
  3.000000000000000E-002
  3.000000000000000E-002
  3.000000000000000E-002
  3.000000000000000E-002
  3.000000000000000E-002
  3.000000000000000E-002
  3.000000000000000E-002
  3.000000000000000E-002
  3.000000000000000E-002
  3.000000000000000E-002
  3.000000000000000E-002
  3.000000000000000E-002
  3.000000000000000E-002
  3.000000000000000E-002
  3.000000000000000E-002
  3.000000000000000E-002
  3.000000000000000E-002
  3.000000000000000E-002
  3.000000000000000E-002
  3.000000000000000E-002
  3.000000000000000E-002
  3.000000000000000E-002
  3.000000000000000E-002
  3.000000000000000E-002
  3.000000000000000E-002
  3.000000000000000E-002
  3.000000000000000E-002
  3.000000000000000E-002
  3.000000000000000E-002
  3.000000000000000E-002
  3.000000000000000E-002
  3.000000000000000E-002
  3.000000000000000E-002
  3.000000000000000E-002
  3.000000000000000E-002
  3.000000000000000E-002
  3.000000000000000E-002
  3.000000000000000E-002
  3.000000000000000E-002
  3.000000000000000E-002
  3.000000000000000E-002
  3.000000000000000E-002
  3.000000000000000E-002
  3.000000000000000E-002
  3.000000000000000E-002
  3.000000000000000E-002
  3.000000000000000E-002
  3.000000000000000E-002
  3.000000000000000E-002
  3.000000000000000E-002
  3.000000000000000E-002
  3.000000000000000E-002
  3.000000000000000E-002
  3.000000000000000E-002
  3.000000000000000E-002
  3.000000000000000E-002
  3.000000000000000E-002
  3.000000000000000E-002
  3.000000000000000E-002
  3.000000000000000E-002
  3.000000000000000E-002
  3.000000000000000E-002
  3.000000000000000E-002
  3.000000000000000E-002
  3.000000000000000E-002
  3.000000000000000E-002
  3.000000000000000E-002
  3.000000000000000E-002
  3.000000000000000E-002
  3.000000000000000E-002
  3.000000000000000E-002
  3.000000000000000E-002
  3.000000000000000E-002
  3.000000000000000E-002
  3.000000000000000E-002
  3.000000000000000E-002
  3.000000000000000E-002
  3.000000000000000E-002
  3.000000000000000E-002
  3.000000000000000E-002
  3.000000000000000E-002
  3.000000000000000E-002
  3.000000000000000E-002
  3.000000000000000E-002
  3.000000000000000E-002
  3.000000000000000E-002
  3.000000000000000E-002
  3.000000000000000E-002
  3.000000000000000E-002
  3.000000000000000E-002
  3.000000000000000E-002
  3.000000000000000E-002
  3.000000000000000E-002
  3.000000000000000E-002
  3.000000000000000E-002
  3.000000000000000E-002
  3.000000000000000E-002
  3.000000000000000E-002
  3.000000000000000E-002
  3.000000000000000E-002
