           3
 2 1 2
   9   2  25
  0.000000000  0.000000000  0.000000000  0.250000000  0.250000000  0.500000000  0.500000000  0.750000000  0.750000000  1.000000000  1.000000000  1.000000000
  0.000000000  0.000000000  1.000000000  1.000000000
  0.687949260  0.687949260  0.687949260  0.688408861  0.688868462  0.689328063  0.689787664  0.690247265  0.690706866  0.691166467  0.691626069  0.692085670  0.692545271  0.693004872  0.693464473  0.693924074  0.694383675  0.694843276  0.695302877  0.695762478  0.696222079  0.696681680  0.697141281  0.697600882  0.698060483  0.698520085  0.698520085  0.698520085
 -0.189126255080E+02 -0.141306065910E+02  0.260005493760E+02  0.100000000000E+01
 -0.189126255080E+02 -0.141306065910E+02  0.260005493760E+02  0.707106557664E+00
 -0.189126255080E+02 -0.141306065910E+02  0.260005493760E+02  0.100000000000E+01
 -0.189126255080E+02 -0.141306065910E+02  0.260005493760E+02  0.707106571642E+00
 -0.189126255080E+02 -0.141306065910E+02  0.260005493760E+02  0.100000000000E+01
 -0.189126255080E+02 -0.141306065910E+02  0.260005493760E+02  0.707106484893E+00
 -0.189126255080E+02 -0.141306065910E+02  0.260005493760E+02  0.100000000000E+01
 -0.189126255080E+02 -0.141306065910E+02  0.260005493760E+02  0.707106483471E+00
 -0.189126255080E+02 -0.141306065910E+02  0.260005493760E+02  0.100000000000E+01
 -0.186538870310E+02 -0.138054344370E+02  0.252558001160E+02  0.100000000000E+01
 -0.180098316380E+02 -0.145068595580E+02  0.252309354270E+02  0.707106557664E+00
 -0.180918133420E+02 -0.149799409130E+02  0.259148782030E+02  0.100000000000E+01
 -0.185766747990E+02 -0.148083178440E+02  0.263650741130E+02  0.707106571642E+00
 -0.191144455840E+02 -0.143842444550E+02  0.265814616560E+02  0.100000000000E+01
 -0.185696640770E+02 -0.140891826000E+02  0.268392885880E+02  0.707106484893E+00
 -0.181680987930E+02 -0.137434365440E+02  0.264282574920E+02  0.100000000000E+01
 -0.178860491960E+02 -0.133989489290E+02  0.256631859340E+02  0.707106483471E+00
 -0.186538870310E+02 -0.138054344370E+02  0.252558001160E+02  0.100000000000E+01
 -0.186337436180E+02 -0.142354216080E+02  0.260608249030E+02  0.100000000000E+01
 -0.186337436180E+02 -0.142354216080E+02  0.260608249030E+02  0.707106653587E+00
 -0.186337436180E+02 -0.142354216080E+02  0.260608249030E+02  0.100000000000E+01
 -0.186337436180E+02 -0.142354216080E+02  0.260608249030E+02  0.707106732341E+00
 -0.186337436180E+02 -0.142354216080E+02  0.260608249030E+02  0.100000000000E+01
 -0.186337436180E+02 -0.142354216080E+02  0.260608249030E+02  0.707107243288E+00
 -0.186337436180E+02 -0.142354216080E+02  0.260608249030E+02  0.100000000000E+01
 -0.186337436180E+02 -0.142354216080E+02  0.260608249030E+02  0.707107034336E+00
 -0.186337436180E+02 -0.142354216080E+02  0.260608249030E+02  0.100000000000E+01
 -0.183624306870E+02 -0.139444534220E+02  0.253747696200E+02  0.100000000000E+01
 -0.179201052750E+02 -0.146210252650E+02  0.254002962670E+02  0.707106653587E+00
 -0.180842654700E+02 -0.149554005030E+02  0.259727705330E+02  0.100000000000E+01
 -0.184429419210E+02 -0.147667650570E+02  0.263098933550E+02  0.707106732341E+00
 -0.188230226330E+02 -0.144384128570E+02  0.265394473960E+02  0.100000000000E+01
 -0.184087819520E+02 -0.141670828300E+02  0.266845296780E+02  0.707107243288E+00
 -0.180726297900E+02 -0.138926482110E+02  0.264281031230E+02  0.100000000000E+01
 -0.177635516210E+02 -0.135849400290E+02  0.258104219170E+02  0.707107034336E+00
 -0.183624306870E+02 -0.139444534220E+02  0.253747696200E+02  0.100000000000E+01
 -0.183589690960E+02 -0.143463044490E+02  0.261286152480E+02  0.100000000000E+01
 -0.183589690960E+02 -0.143463044490E+02  0.261286152480E+02  0.707107432612E+00
 -0.183589690960E+02 -0.143463044490E+02  0.261286152480E+02  0.100000000000E+01
 -0.183589690960E+02 -0.143463044490E+02  0.261286152480E+02  0.707107081538E+00
 -0.183589690960E+02 -0.143463044490E+02  0.261286152480E+02  0.100000000000E+01
 -0.183589690960E+02 -0.143463044490E+02  0.261286152480E+02  0.707106022583E+00
 -0.183589690960E+02 -0.143463044490E+02  0.261286152480E+02  0.100000000000E+01
 -0.183589690960E+02 -0.143463044490E+02  0.261286152480E+02  0.707106956777E+00
 -0.183589690960E+02 -0.143463044490E+02  0.261286152480E+02  0.100000000000E+01
 -0.181083596080E+02 -0.141096201060E+02  0.255552249390E+02  0.100000000000E+01
 -0.178190344890E+02 -0.147026028140E+02  0.255648664200E+02  0.707107432612E+00
 -0.180163255500E+02 -0.149210171550E+02  0.260411414860E+02  0.100000000000E+01
 -0.182569956650E+02 -0.147500425860E+02  0.262829996740E+02  0.707107081538E+00
 -0.184980107590E+02 -0.144776214100E+02  0.264467401820E+02  0.100000000000E+01
 -0.181989596250E+02 -0.142588231020E+02  0.265948352550E+02  0.707106022583E+00
 -0.179263542220E+02 -0.140376051870E+02  0.264451212400E+02  0.100000000000E+01
 -0.176163432320E+02 -0.137601410420E+02  0.259362200650E+02  0.707106956777E+00
 -0.181083596080E+02 -0.141096201060E+02  0.255552249390E+02  0.100000000000E+01
 -0.180894278200E+02 -0.144642288070E+02  0.262049638090E+02  0.100000000000E+01
 -0.180894278200E+02 -0.144642288070E+02  0.262049638090E+02  0.707106774556E+00
 -0.180894278200E+02 -0.144642288070E+02  0.262049638090E+02  0.100000000000E+01
 -0.180894278200E+02 -0.144642288070E+02  0.262049638090E+02  0.707106380534E+00
 -0.180894278200E+02 -0.144642288070E+02  0.262049638090E+02  0.100000000000E+01
 -0.180894278200E+02 -0.144642288070E+02  0.262049638090E+02  0.707106609171E+00
 -0.180894278200E+02 -0.144642288070E+02  0.262049638090E+02  0.100000000000E+01
 -0.180894278200E+02 -0.144642288070E+02  0.262049638090E+02  0.707106847196E+00
 -0.180894278200E+02 -0.144642288070E+02  0.262049638090E+02  0.100000000000E+01
 -0.178623044440E+02 -0.142779345350E+02  0.257377890030E+02  0.100000000000E+01
 -0.176813979110E+02 -0.147873151230E+02  0.257209419050E+02  0.707106774556E+00
 -0.178825358850E+02 -0.149270047150E+02  0.261210070110E+02  0.100000000000E+01
 -0.180435577280E+02 -0.147754290840E+02  0.262990144460E+02  0.707106380534E+00
 -0.181815998680E+02 -0.145398310580E+02  0.263945539050E+02  0.100000000000E+01
 -0.179760198550E+02 -0.143695318350E+02  0.265891492360E+02  0.707106609171E+00
 -0.177458749880E+02 -0.141797562740E+02  0.264854250550E+02  0.100000000000E+01
 -0.174881551600E+02 -0.139680767780E+02  0.260619003690E+02  0.707106847196E+00
 -0.178623044440E+02 -0.142779345350E+02  0.257377890030E+02  0.100000000000E+01
 -0.178265344080E+02 -0.145902631850E+02  0.262909019800E+02  0.100000000000E+01
 -0.178265344080E+02 -0.145902631850E+02  0.262909019800E+02  0.707107520108E+00
 -0.178265344080E+02 -0.145902631850E+02  0.262909019800E+02  0.100000000000E+01
 -0.178265344080E+02 -0.145902631850E+02  0.262909019800E+02  0.707106940278E+00
 -0.178265344080E+02 -0.145902631850E+02  0.262909019800E+02  0.100000000000E+01
 -0.178265344080E+02 -0.145902631850E+02  0.262909019800E+02  0.707105541440E+00
 -0.178265344080E+02 -0.145902631850E+02  0.262909019800E+02  0.100000000000E+01
 -0.178265344080E+02 -0.145902631850E+02  0.262909019800E+02  0.707106918983E+00
 -0.178265344080E+02 -0.145902631850E+02  0.262909019800E+02  0.100000000000E+01
 -0.176043505570E+02 -0.144343199190E+02  0.258821171650E+02  0.100000000000E+01
 -0.174913855810E+02 -0.149015128260E+02  0.258342947120E+02  0.707107520108E+00
 -0.176830923470E+02 -0.150535567490E+02  0.261921274950E+02  0.100000000000E+01
 -0.178221047770E+02 -0.149093534460E+02  0.263770953560E+02  0.707106940278E+00
 -0.179180975360E+02 -0.146545286130E+02  0.264593636060E+02  0.100000000000E+01
 -0.177503346230E+02 -0.144845491480E+02  0.267150645940E+02  0.707105541440E+00
 -0.175171179650E+02 -0.142943958230E+02  0.265719441260E+02  0.100000000000E+01
 -0.173144094690E+02 -0.141553871530E+02  0.261637062110E+02  0.707106918983E+00
 -0.176043505570E+02 -0.144343199190E+02  0.258821171650E+02  0.100000000000E+01
 -0.175719053330E+02 -0.147254397930E+02  0.263871818810E+02  0.100000000000E+01
 -0.175719053330E+02 -0.147254397930E+02  0.263871818810E+02  0.707106682366E+00
 -0.175719053330E+02 -0.147254397930E+02  0.263871818810E+02  0.100000000000E+01
 -0.175719053330E+02 -0.147254397930E+02  0.263871818810E+02  0.707107241338E+00
 -0.175719053330E+02 -0.147254397930E+02  0.263871818810E+02  0.100000000000E+01
 -0.175719053330E+02 -0.147254397930E+02  0.263871818810E+02  0.707107201050E+00
 -0.175719053330E+02 -0.147254397930E+02  0.263871818810E+02  0.100000000000E+01
 -0.175719053330E+02 -0.147254397930E+02  0.263871818810E+02  0.707106712393E+00
 -0.175719053330E+02 -0.147254397930E+02  0.263871818810E+02  0.100000000000E+01
 -0.173393066850E+02 -0.145875017100E+02  0.260047786290E+02  0.100000000000E+01
 -0.172657963710E+02 -0.150494602780E+02  0.259039475850E+02  0.707106682366E+00
 -0.174880198020E+02 -0.151924774760E+02  0.262697389530E+02  0.100000000000E+01
 -0.176427210550E+02 -0.151074471170E+02  0.265170741660E+02  0.707107241338E+00
 -0.177008666720E+02 -0.148019183380E+02  0.265992015170E+02  0.100000000000E+01
 -0.175426548810E+02 -0.146034663420E+02  0.268862226700E+02  0.707107201050E+00
 -0.172882330720E+02 -0.144135177200E+02  0.266722416000E+02  0.100000000000E+01
 -0.170989936240E+02 -0.143137162060E+02  0.262961562010E+02  0.707106712393E+00
 -0.173393066850E+02 -0.145875017100E+02  0.260047786290E+02  0.100000000000E+01
 -0.173269632080E+02 -0.148704544270E+02  0.264937255050E+02  0.100000000000E+01
 -0.173269632080E+02 -0.148704544270E+02  0.264937255050E+02  0.707107440277E+00
 -0.173269632080E+02 -0.148704544270E+02  0.264937255050E+02  0.100000000000E+01
 -0.173269632080E+02 -0.148704544270E+02  0.264937255050E+02  0.707107079273E+00
 -0.173269632080E+02 -0.148704544270E+02  0.264937255050E+02  0.100000000000E+01
 -0.173269632080E+02 -0.148704544270E+02  0.264937255050E+02  0.707105738422E+00
 -0.173269632080E+02 -0.148704544270E+02  0.264937255050E+02  0.100000000000E+01
 -0.173269632080E+02 -0.148704544270E+02  0.264937255050E+02  0.707106485256E+00
 -0.173269632080E+02 -0.148704544270E+02  0.264937255050E+02  0.100000000000E+01
 -0.170953039990E+02 -0.147545660840E+02  0.261505773410E+02  0.100000000000E+01
 -0.170879694320E+02 -0.151655155650E+02  0.260508020390E+02  0.707107440277E+00
 -0.173043197950E+02 -0.152862228560E+02  0.263685973180E+02  0.100000000000E+01
 -0.174706550770E+02 -0.152580827290E+02  0.266388608210E+02  0.707107079273E+00
 -0.175031879130E+02 -0.149586118680E+02  0.267547588730E+02  0.100000000000E+01
 -0.173305952610E+02 -0.147265127110E+02  0.269951065000E+02  0.707105738422E+00
 -0.170883098570E+02 -0.145700191490E+02  0.267563040930E+02  0.100000000000E+01
 -0.168468542350E+02 -0.144428615360E+02  0.264203168490E+02  0.707106485256E+00
 -0.170953039990E+02 -0.147545660840E+02  0.261505773410E+02  0.100000000000E+01
 -0.170919337960E+02 -0.150251309010E+02  0.266087068920E+02  0.100000000000E+01
 -0.170919337960E+02 -0.150251309010E+02  0.266087068920E+02  0.707106302785E+00
 -0.170919337960E+02 -0.150251309010E+02  0.266087068920E+02  0.100000000000E+01
 -0.170919337960E+02 -0.150251309010E+02  0.266087068920E+02  0.707107564317E+00
 -0.170919337960E+02 -0.150251309010E+02  0.266087068920E+02  0.100000000000E+01
 -0.170919337960E+02 -0.150251309010E+02  0.266087068920E+02  0.707107261278E+00
 -0.170919337960E+02 -0.150251309010E+02  0.266087068920E+02  0.100000000000E+01
 -0.170919337960E+02 -0.150251309010E+02  0.266087068920E+02  0.707106060779E+00
 -0.170919337960E+02 -0.150251309010E+02  0.266087068920E+02  0.100000000000E+01
 -0.168588329100E+02 -0.149238347350E+02  0.262895029820E+02  0.100000000000E+01
 -0.169017332890E+02 -0.153098555800E+02  0.261749490850E+02  0.707106302785E+00
 -0.171175382390E+02 -0.154073483440E+02  0.264687168940E+02  0.100000000000E+01
 -0.172870095450E+02 -0.154088813140E+02  0.267348048750E+02  0.707107564317E+00
 -0.172748341500E+02 -0.151046122310E+02  0.268591670940E+02  0.100000000000E+01
 -0.171144652290E+02 -0.148869179030E+02  0.270173125030E+02  0.707107261278E+00
 -0.169037372620E+02 -0.147549339320E+02  0.268318840660E+02  0.100000000000E+01
 -0.166952493960E+02 -0.146678481880E+02  0.265374141220E+02  0.707106060779E+00
 -0.168588329100E+02 -0.149238347350E+02  0.262895029820E+02  0.100000000000E+01
 -0.168642098560E+02 -0.151877043280E+02  0.267274860140E+02  0.100000000000E+01
 -0.168642098560E+02 -0.151877043280E+02  0.267274860140E+02  0.707106927071E+00
 -0.168642098560E+02 -0.151877043280E+02  0.267274860140E+02  0.100000000000E+01
 -0.168642098560E+02 -0.151877043280E+02  0.267274860140E+02  0.707106548315E+00
 -0.168642098560E+02 -0.151877043280E+02  0.267274860140E+02  0.100000000000E+01
 -0.168642098560E+02 -0.151877043280E+02  0.267274860140E+02  0.707106493353E+00
 -0.168642098560E+02 -0.151877043280E+02  0.267274860140E+02  0.100000000000E+01
 -0.168642098560E+02 -0.151877043280E+02  0.267274860140E+02  0.707106801652E+00
 -0.168642098560E+02 -0.151877043280E+02  0.267274860140E+02  0.100000000000E+01
 -0.166533109710E+02 -0.151009627760E+02  0.264468043990E+02  0.100000000000E+01
 -0.167240156190E+02 -0.154092035050E+02  0.263306310730E+02  0.707106927071E+00
 -0.169252527390E+02 -0.155164293200E+02  0.265800305190E+02  0.100000000000E+01
 -0.170754177530E+02 -0.155161801120E+02  0.268265905770E+02  0.707106548315E+00
 -0.170353778940E+02 -0.152581041700E+02  0.269552893160E+02  0.100000000000E+01
 -0.169010577870E+02 -0.150291379470E+02  0.271424222850E+02  0.707106493353E+00
 -0.166796513390E+02 -0.148849099080E+02  0.269597350500E+02  0.100000000000E+01
 -0.165092560030E+02 -0.148502195420E+02  0.266584157180E+02  0.707106801652E+00
 -0.166533109710E+02 -0.151009627760E+02  0.264468043990E+02  0.100000000000E+01
 -0.166399177820E+02 -0.153556275670E+02  0.268453604880E+02  0.100000000000E+01
 -0.166399177820E+02 -0.153556275670E+02  0.268453604880E+02  0.707108070818E+00
 -0.166399177820E+02 -0.153556275670E+02  0.268453604880E+02  0.100000000000E+01
 -0.166399177820E+02 -0.153556275670E+02  0.268453604880E+02  0.707106660647E+00
 -0.166399177820E+02 -0.153556275670E+02  0.268453604880E+02  0.100000000000E+01
 -0.166399177820E+02 -0.153556275670E+02  0.268453604880E+02  0.707105762000E+00
 -0.166399177820E+02 -0.153556275670E+02  0.268453604880E+02  0.100000000000E+01
 -0.166399177820E+02 -0.153556275670E+02  0.268453604880E+02  0.707106725572E+00
 -0.166399177820E+02 -0.153556275670E+02  0.268453604880E+02  0.100000000000E+01
 -0.164318365850E+02 -0.152721454670E+02  0.265717859110E+02  0.100000000000E+01
 -0.165387210180E+02 -0.155350983550E+02  0.264737277760E+02  0.707108070818E+00
 -0.167246229610E+02 -0.156285994490E+02  0.266976339100E+02  0.100000000000E+01
 -0.168792912160E+02 -0.156607313090E+02  0.269334223300E+02  0.707106660647E+00
 -0.168301848950E+02 -0.154319637600E+02  0.270955137110E+02  0.100000000000E+01
 -0.167080863350E+02 -0.151482913850E+02  0.273512443110E+02  0.707105762000E+00
 -0.164331859850E+02 -0.149632959740E+02  0.271223222400E+02  0.100000000000E+01
 -0.162827521940E+02 -0.149811413970E+02  0.267858376890E+02  0.707106725572E+00
 -0.164318365850E+02 -0.152721454670E+02  0.265717859110E+02  0.100000000000E+01
 -0.164187788010E+02 -0.155278297340E+02  0.269630216430E+02  0.100000000000E+01
 -0.164187788010E+02 -0.155278297340E+02  0.269630216430E+02  0.707106155275E+00
 -0.164187788010E+02 -0.155278297340E+02  0.269630216430E+02  0.100000000000E+01
 -0.164187788010E+02 -0.155278297340E+02  0.269630216430E+02  0.707107825620E+00
 -0.164187788010E+02 -0.155278297340E+02  0.269630216430E+02  0.100000000000E+01
 -0.164187788010E+02 -0.155278297340E+02  0.269630216430E+02  0.707107121049E+00
 -0.164187788010E+02 -0.155278297340E+02  0.269630216430E+02  0.100000000000E+01
 -0.164187788010E+02 -0.155278297340E+02  0.269630216430E+02  0.707106022802E+00
 -0.164187788010E+02 -0.155278297340E+02  0.269630216430E+02  0.100000000000E+01
 -0.162070675910E+02 -0.154462387850E+02  0.266899115210E+02  0.100000000000E+01
 -0.163460927350E+02 -0.156949038030E+02  0.265821087920E+02  0.707106155275E+00
 -0.165409290900E+02 -0.158019245020E+02  0.267864481110E+02  0.100000000000E+01
 -0.167362952020E+02 -0.158717313210E+02  0.270465460280E+02  0.707107825620E+00
 -0.166484323710E+02 -0.156163358170E+02  0.272592773020E+02  0.100000000000E+01
 -0.165217943890E+02 -0.152577434540E+02  0.275518876930E+02  0.707107121049E+00
 -0.162093239550E+02 -0.150578287030E+02  0.272658014270E+02  0.100000000000E+01
 -0.160197966660E+02 -0.150753826160E+02  0.268879615940E+02  0.707106022802E+00
 -0.162070675910E+02 -0.154462387850E+02  0.266899115210E+02  0.100000000000E+01
 -0.162009543720E+02 -0.157029740440E+02  0.270825088540E+02  0.100000000000E+01
 -0.162009543720E+02 -0.157029740440E+02  0.270825088540E+02  0.707107886854E+00
 -0.162009543720E+02 -0.157029740440E+02  0.270825088540E+02  0.100000000000E+01
 -0.162009543720E+02 -0.157029740440E+02  0.270825088540E+02  0.707106912657E+00
 -0.162009543720E+02 -0.157029740440E+02  0.270825088540E+02  0.100000000000E+01
 -0.162009543720E+02 -0.157029740440E+02  0.270825088540E+02  0.707105891776E+00
 -0.162009543720E+02 -0.157029740440E+02  0.270825088540E+02  0.100000000000E+01
 -0.162009543720E+02 -0.157029740440E+02  0.270825088540E+02  0.707106433458E+00
 -0.162009543720E+02 -0.157029740440E+02  0.270825088540E+02  0.100000000000E+01
 -0.159979933170E+02 -0.156292590660E+02  0.268276461780E+02  0.100000000000E+01
 -0.161361771530E+02 -0.158576761590E+02  0.267424229440E+02  0.707107886854E+00
 -0.163268938810E+02 -0.159824052960E+02  0.269013938440E+02  0.100000000000E+01
 -0.164906860840E+02 -0.160075117850E+02  0.271569855760E+02  0.707106912657E+00
 -0.164252969630E+02 -0.157844552570E+02  0.273642190460E+02  0.100000000000E+01
 -0.163171834580E+02 -0.154319139360E+02  0.276832543480E+02  0.707105891776E+00
 -0.159943757990E+02 -0.152446232110E+02  0.273795900890E+02  0.100000000000E+01
 -0.158077856310E+02 -0.152645651690E+02  0.270179509330E+02  0.707106433458E+00
 -0.159979933170E+02 -0.156292590660E+02  0.268276461780E+02  0.100000000000E+01
 -0.159864019230E+02 -0.158790536590E+02  0.272064512640E+02  0.100000000000E+01
 -0.159864019230E+02 -0.158790536590E+02  0.272064512640E+02  0.707106936928E+00
 -0.159864019230E+02 -0.158790536590E+02  0.272064512640E+02  0.100000000000E+01
 -0.159864019230E+02 -0.158790536590E+02  0.272064512640E+02  0.707106922048E+00
 -0.159864019230E+02 -0.158790536590E+02  0.272064512640E+02  0.100000000000E+01
 -0.159864019230E+02 -0.158790536590E+02  0.272064512640E+02  0.707106586502E+00
 -0.159864019230E+02 -0.158790536590E+02  0.272064512640E+02  0.100000000000E+01
 -0.159864019230E+02 -0.158790536590E+02  0.272064512640E+02  0.707106679272E+00
 -0.159864019230E+02 -0.158790536590E+02  0.272064512640E+02  0.100000000000E+01
 -0.158138009470E+02 -0.158212273720E+02  0.269972442290E+02  0.100000000000E+01
 -0.159231806200E+02 -0.160192494030E+02  0.269068155850E+02  0.707106936928E+00
 -0.160811797690E+02 -0.160933963610E+02  0.270690112180E+02  0.100000000000E+01
 -0.162189308180E+02 -0.161134162170E+02  0.272720883780E+02  0.707106922048E+00
 -0.161977788580E+02 -0.159498721750E+02  0.274626593120E+02  0.100000000000E+01
 -0.161076688720E+02 -0.156166665890E+02  0.277721764890E+02  0.707106586502E+00
 -0.158231979430E+02 -0.155099666340E+02  0.274431169950E+02  0.100000000000E+01
 -0.156810875850E+02 -0.155486770510E+02  0.271515782410E+02  0.707106679272E+00
 -0.158138009470E+02 -0.158212273720E+02  0.269972442290E+02  0.100000000000E+01
 -0.157748259850E+02 -0.160533857890E+02  0.273377465820E+02  0.100000000000E+01
 -0.157748259850E+02 -0.160533857890E+02  0.273377465820E+02  0.707109200336E+00
 -0.157748259850E+02 -0.160533857890E+02  0.273377465820E+02  0.100000000000E+01
 -0.157748259850E+02 -0.160533857890E+02  0.273377465820E+02  0.707107441405E+00
 -0.157748259850E+02 -0.160533857890E+02  0.273377465820E+02  0.100000000000E+01
 -0.157748259850E+02 -0.160533857890E+02  0.273377465820E+02  0.707105100013E+00
 -0.157748259850E+02 -0.160533857890E+02  0.273377465820E+02  0.100000000000E+01
 -0.157748259850E+02 -0.160533857890E+02  0.273377465820E+02  0.707105382984E+00
 -0.157748259850E+02 -0.160533857890E+02  0.273377465820E+02  0.100000000000E+01
 -0.156292443290E+02 -0.160090069860E+02  0.271682341980E+02  0.100000000000E+01
 -0.157102184530E+02 -0.161999707870E+02  0.270513062950E+02  0.707109200336E+00
 -0.158614355050E+02 -0.162604102060E+02  0.272091621340E+02  0.100000000000E+01
 -0.159990659430E+02 -0.162772924190E+02  0.274012643320E+02  0.707107441405E+00
 -0.159786153930E+02 -0.161155105620E+02  0.275750326160E+02  0.100000000000E+01
 -0.158974941060E+02 -0.158139762330E+02  0.278321815630E+02  0.707105100013E+00
 -0.156500859160E+02 -0.157552190080E+02  0.275229394600E+02  0.100000000000E+01
 -0.155259253020E+02 -0.157862215850E+02  0.272909124340E+02  0.707105382984E+00
 -0.156292443290E+02 -0.160090069860E+02  0.271682341980E+02  0.100000000000E+01
 -0.155641182960E+02 -0.162221550130E+02  0.274774289280E+02  0.100000000000E+01
 -0.155641182960E+02 -0.162221550130E+02  0.274774289280E+02  0.707107191919E+00
 -0.155641182960E+02 -0.162221550130E+02  0.274774289280E+02  0.100000000000E+01
 -0.155641182960E+02 -0.162221550130E+02  0.274774289280E+02  0.707106160641E+00
 -0.155641182960E+02 -0.162221550130E+02  0.274774289280E+02  0.100000000000E+01
 -0.155641182960E+02 -0.162221550130E+02  0.274774289280E+02  0.707106378165E+00
 -0.155641182960E+02 -0.162221550130E+02  0.274774289280E+02  0.100000000000E+01
 -0.155641182960E+02 -0.162221550130E+02  0.274774289280E+02  0.707107394027E+00
 -0.155641182960E+02 -0.162221550130E+02  0.274774289280E+02  0.100000000000E+01
 -0.154629216860E+02 -0.161926948420E+02  0.273618788330E+02  0.100000000000E+01
 -0.155111646890E+02 -0.163409046830E+02  0.272630558720E+02  0.707107191919E+00
 -0.156376397000E+02 -0.164159350020E+02  0.273636345480E+02  0.100000000000E+01
 -0.158048048020E+02 -0.164709543710E+02  0.275472184960E+02  0.707106160641E+00
 -0.157752713580E+02 -0.162836242090E+02  0.277185296320E+02  0.100000000000E+01
 -0.156710791090E+02 -0.159795616070E+02  0.279135703640E+02  0.707106378165E+00
 -0.154767752630E+02 -0.159919441070E+02  0.276126152760E+02  0.100000000000E+01
 -0.154057142540E+02 -0.160410718260E+02  0.274513876130E+02  0.707107394027E+00
 -0.154629216860E+02 -0.161926948420E+02  0.273618788330E+02  0.100000000000E+01
 -0.153503818210E+02 -0.163811646030E+02  0.276237832540E+02  0.100000000000E+01
 -0.153503818210E+02 -0.163811646030E+02  0.276237832540E+02  0.707107063768E+00
 -0.153503818210E+02 -0.163811646030E+02  0.276237832540E+02  0.100000000000E+01
 -0.153503818210E+02 -0.163811646030E+02  0.276237832540E+02  0.707106646976E+00
 -0.153503818210E+02 -0.163811646030E+02  0.276237832540E+02  0.100000000000E+01
 -0.153503818210E+02 -0.163811646030E+02  0.276237832540E+02  0.707106616573E+00
 -0.153503818210E+02 -0.163811646030E+02  0.276237832540E+02  0.100000000000E+01
 -0.153503818210E+02 -0.163811646030E+02  0.276237832540E+02  0.707106797429E+00
 -0.153503818210E+02 -0.163811646030E+02  0.276237832540E+02  0.100000000000E+01
 -0.152771705130E+02 -0.163595458640E+02  0.275396358720E+02  0.100000000000E+01
 -0.153196947550E+02 -0.164636108520E+02  0.274944435030E+02  0.707107063768E+00
 -0.154033595960E+02 -0.165407685400E+02  0.275366857700E+02  0.100000000000E+01
 -0.155996210510E+02 -0.166643976550E+02  0.276947510500E+02  0.707106646976E+00
 -0.155692043280E+02 -0.164457809980E+02  0.278752920690E+02  0.100000000000E+01
 -0.154607493690E+02 -0.161241654890E+02  0.280483300610E+02  0.707106616573E+00
 -0.152772180650E+02 -0.161607468500E+02  0.277440670530E+02  0.100000000000E+01
 -0.152288154140E+02 -0.162249318200E+02  0.276077603420E+02  0.707106797429E+00
 -0.152771705130E+02 -0.163595458640E+02  0.275396358720E+02  0.100000000000E+01
 -0.151307566960E+02 -0.165276825920E+02  0.277743829910E+02  0.100000000000E+01
 -0.151307566960E+02 -0.165276825920E+02  0.277743829910E+02  0.707106764003E+00
 -0.151307566960E+02 -0.165276825920E+02  0.277743829910E+02  0.100000000000E+01
 -0.151307566960E+02 -0.165276825920E+02  0.277743829910E+02  0.707107873650E+00
 -0.151307566960E+02 -0.165276825920E+02  0.277743829910E+02  0.100000000000E+01
 -0.151307566960E+02 -0.165276825920E+02  0.277743829910E+02  0.707106963760E+00
 -0.151307566960E+02 -0.165276825920E+02  0.277743829910E+02  0.100000000000E+01
 -0.151307566960E+02 -0.165276825920E+02  0.277743829910E+02  0.707105523361E+00
 -0.151307566960E+02 -0.165276825920E+02  0.277743829910E+02  0.100000000000E+01
 -0.150613747870E+02 -0.165060290120E+02  0.276924052110E+02  0.100000000000E+01
 -0.150996517620E+02 -0.165927713940E+02  0.276687811310E+02  0.707106764003E+00
 -0.151655892780E+02 -0.166505491790E+02  0.277124485040E+02  0.100000000000E+01
 -0.153023370830E+02 -0.167250689080E+02  0.278447146050E+02  0.707107873650E+00
 -0.153260500850E+02 -0.165886350840E+02  0.280051342750E+02  0.100000000000E+01
 -0.152696840280E+02 -0.162426170660E+02  0.282408540740E+02  0.707106963760E+00
 -0.150566085510E+02 -0.162661418720E+02  0.279062229910E+02  0.100000000000E+01
 -0.150146848460E+02 -0.163556998450E+02  0.277622042270E+02  0.707105523361E+00
 -0.150613747870E+02 -0.165060290120E+02  0.276924052110E+02  0.100000000000E+01
 -0.149039873190E+02 -0.166607709050E+02  0.279268492100E+02  0.100000000000E+01
 -0.149039873190E+02 -0.166607709050E+02  0.279268492100E+02  0.707105927609E+00
 -0.149039873190E+02 -0.166607709050E+02  0.279268492100E+02  0.100000000000E+01
 -0.149039873190E+02 -0.166607709050E+02  0.279268492100E+02  0.707105594388E+00
 -0.149039873190E+02 -0.166607709050E+02  0.279268492100E+02  0.100000000000E+01
 -0.149039873190E+02 -0.166607709050E+02  0.279268492100E+02  0.707107249818E+00
 -0.149039873190E+02 -0.166607709050E+02  0.279268492100E+02  0.100000000000E+01
 -0.149039873190E+02 -0.166607709050E+02  0.279268492100E+02  0.707108352928E+00
 -0.149039873190E+02 -0.166607709050E+02  0.279268492100E+02  0.100000000000E+01
 -0.148081413680E+02 -0.166285791140E+02  0.278088998200E+02  0.100000000000E+01
 -0.148505375860E+02 -0.167566247450E+02  0.277668507980E+02  0.707105927609E+00
 -0.149419748450E+02 -0.168196555680E+02  0.278526168200E+02  0.100000000000E+01
 -0.150608838830E+02 -0.168628477600E+02  0.279962541210E+02  0.707105594388E+00
 -0.150609160120E+02 -0.167134776490E+02  0.281199694810E+02  0.100000000000E+01
 -0.150625769780E+02 -0.163444024710E+02  0.284280410940E+02  0.707107249818E+00
 -0.148451970410E+02 -0.164148806410E+02  0.280417312480E+02  0.100000000000E+01
 -0.147636050580E+02 -0.164615060270E+02  0.278800318410E+02  0.707108352928E+00
 -0.148081413680E+02 -0.166285791140E+02  0.278088998200E+02  0.100000000000E+01
 -0.146703867160E+02 -0.167812097390E+02  0.280795387060E+02  0.100000000000E+01
 -0.146703867160E+02 -0.167812097390E+02  0.280795387060E+02  0.707108254424E+00
 -0.146703867160E+02 -0.167812097390E+02  0.280795387060E+02  0.100000000000E+01
 -0.146703867160E+02 -0.167812097390E+02  0.280795387060E+02  0.707106190560E+00
 -0.146703867160E+02 -0.167812097390E+02  0.280795387060E+02  0.100000000000E+01
 -0.146703867160E+02 -0.167812097390E+02  0.280795387060E+02  0.707105904093E+00
 -0.146703867160E+02 -0.167812097390E+02  0.280795387060E+02  0.100000000000E+01
 -0.146703867160E+02 -0.167812097390E+02  0.280795387060E+02  0.707106775668E+00
 -0.146703867160E+02 -0.167812097390E+02  0.280795387060E+02  0.100000000000E+01
 -0.145676401090E+02 -0.167445809160E+02  0.279484234300E+02  0.100000000000E+01
 -0.145971802810E+02 -0.168980116390E+02  0.278784142260E+02  0.707108254424E+00
 -0.147017824050E+02 -0.169353240900E+02  0.280118810710E+02  0.100000000000E+01
 -0.148058579510E+02 -0.169636785050E+02  0.281512862810E+02  0.707106190560E+00
 -0.148178202500E+02 -0.168337701440E+02  0.282676794840E+02  0.100000000000E+01
 -0.147893705560E+02 -0.165602630690E+02  0.284298764780E+02  0.707105904093E+00
 -0.146141402390E+02 -0.165051144370E+02  0.282007464090E+02  0.100000000000E+01
 -0.145379747370E+02 -0.165707584140E+02  0.280336087850E+02  0.707106775668E+00
 -0.145676401090E+02 -0.167445809160E+02  0.279484234300E+02  0.100000000000E+01
 -0.144328796370E+02 -0.168926770760E+02  0.282330416190E+02  0.100000000000E+01
 -0.144328796370E+02 -0.168926770760E+02  0.282330416190E+02  0.707106965058E+00
 -0.144328796370E+02 -0.168926770760E+02  0.282330416190E+02  0.100000000000E+01
 -0.144328796370E+02 -0.168926770760E+02  0.282330416190E+02  0.707106983008E+00
 -0.144328796370E+02 -0.168926770760E+02  0.282330416190E+02  0.100000000000E+01
 -0.144328796370E+02 -0.168926770760E+02  0.282330416190E+02  0.707106718670E+00
 -0.144328796370E+02 -0.168926770760E+02  0.282330416190E+02  0.100000000000E+01
 -0.144328796370E+02 -0.168926770760E+02  0.282330416190E+02  0.707106458011E+00
 -0.144328796370E+02 -0.168926770760E+02  0.282330416190E+02  0.100000000000E+01
 -0.143288393620E+02 -0.168549527700E+02  0.280988090250E+02  0.100000000000E+01
 -0.143652252950E+02 -0.170069718300E+02  0.280483094390E+02  0.707106965058E+00
 -0.144631718790E+02 -0.170596402940E+02  0.281626399300E+02  0.100000000000E+01
 -0.145912355760E+02 -0.171181908250E+02  0.283193640320E+02  0.707106983008E+00
 -0.145988859140E+02 -0.169528705910E+02  0.284472236420E+02  0.100000000000E+01
 -0.145701413630E+02 -0.166528773780E+02  0.286133933650E+02  0.707106718670E+00
 -0.143776562960E+02 -0.165883034270E+02  0.283613844380E+02  0.100000000000E+01
 -0.142858404650E+02 -0.166553794710E+02  0.281724728840E+02  0.707106458011E+00
 -0.143288393620E+02 -0.168549527700E+02  0.280988090250E+02  0.100000000000E+01
 -0.141942797920E+02 -0.169989132670E+02  0.283885554330E+02  0.100000000000E+01
 -0.141942797920E+02 -0.169989132670E+02  0.283885554330E+02  0.707106049453E+00
 -0.141942797920E+02 -0.169989132670E+02  0.283885554330E+02  0.100000000000E+01
 -0.141942797920E+02 -0.169989132670E+02  0.283885554330E+02  0.707106114286E+00
 -0.141942797920E+02 -0.169989132670E+02  0.283885554330E+02  0.100000000000E+01
 -0.141942797920E+02 -0.169989132670E+02  0.283885554330E+02  0.707107177587E+00
 -0.141942797920E+02 -0.169989132670E+02  0.283885554330E+02  0.100000000000E+01
 -0.141942797920E+02 -0.169989132670E+02  0.283885554330E+02  0.707107783418E+00
 -0.141942797920E+02 -0.169989132670E+02  0.283885554330E+02  0.100000000000E+01
 -0.140891868280E+02 -0.169611870370E+02  0.282538832030E+02  0.100000000000E+01
 -0.141315345650E+02 -0.171050922210E+02  0.282223334910E+02  0.707106049453E+00
 -0.142243268860E+02 -0.171777418660E+02  0.283150124600E+02  0.100000000000E+01
 -0.143875853830E+02 -0.172779158550E+02  0.284965049770E+02  0.707106114286E+00
 -0.144073306160E+02 -0.170753929180E+02  0.286615718350E+02  0.100000000000E+01
 -0.143654981330E+02 -0.167257187810E+02  0.288311077160E+02  0.707107177587E+00
 -0.141386524230E+02 -0.166678416800E+02  0.285247078400E+02  0.100000000000E+01
 -0.140188927790E+02 -0.167203560140E+02  0.283075597720E+02  0.707107783418E+00
 -0.140891868280E+02 -0.169611870370E+02  0.282538832030E+02  0.100000000000E+01
 -0.139563798730E+02 -0.171025197740E+02  0.285468917850E+02  0.100000000000E+01
 -0.139563798730E+02 -0.171025197740E+02  0.285468917850E+02  0.707106262137E+00
 -0.139563798730E+02 -0.171025197740E+02  0.285468917850E+02  0.100000000000E+01
 -0.139563798730E+02 -0.171025197740E+02  0.285468917850E+02  0.707107449188E+00
 -0.139563798730E+02 -0.171025197740E+02  0.285468917850E+02  0.100000000000E+01
 -0.139563798730E+02 -0.171025197740E+02  0.285468917850E+02  0.707107076286E+00
 -0.139563798730E+02 -0.171025197740E+02  0.285468917850E+02  0.100000000000E+01
 -0.139563798730E+02 -0.171025197740E+02  0.285468917850E+02  0.707106337136E+00
 -0.139563798730E+02 -0.171025197740E+02  0.285468917850E+02  0.100000000000E+01
 -0.138499162980E+02 -0.170653351660E+02  0.284129964620E+02  0.100000000000E+01
 -0.138806144810E+02 -0.172167378840E+02  0.283610509300E+02  0.707106262137E+00
 -0.139849030580E+02 -0.172800350280E+02  0.284749141730E+02  0.100000000000E+01
 -0.141835193950E+02 -0.174461615120E+02  0.286624276750E+02  0.707107449188E+00
 -0.141959937510E+02 -0.171862105620E+02  0.288482465770E+02  0.100000000000E+01
 -0.141340081310E+02 -0.168063893330E+02  0.290008375270E+02  0.707107076286E+00
 -0.139067376000E+02 -0.167935692490E+02  0.286721640630E+02  0.100000000000E+01
 -0.137992221090E+02 -0.168497766610E+02  0.284765940720E+02  0.707106337136E+00
 -0.138499162980E+02 -0.170653351660E+02  0.284129964620E+02  0.100000000000E+01
 -0.137203914690E+02 -0.172053251560E+02  0.287085744920E+02  0.100000000000E+01
 -0.137203914690E+02 -0.172053251560E+02  0.287085744920E+02  0.707108345146E+00
 -0.137203914690E+02 -0.172053251560E+02  0.287085744920E+02  0.100000000000E+01
 -0.137203914690E+02 -0.172053251560E+02  0.287085744920E+02  0.707107487188E+00
 -0.137203914690E+02 -0.172053251560E+02  0.287085744920E+02  0.100000000000E+01
 -0.137203914690E+02 -0.172053251560E+02  0.287085744920E+02  0.707105853676E+00
 -0.137203914690E+02 -0.172053251560E+02  0.287085744920E+02  0.100000000000E+01
 -0.137203914690E+02 -0.172053251560E+02  0.287085744920E+02  0.707105438734E+00
 -0.137203914690E+02 -0.172053251560E+02  0.287085744920E+02  0.100000000000E+01
 -0.135870185370E+02 -0.171605308250E+02  0.285452625470E+02  0.100000000000E+01
 -0.136390132000E+02 -0.173286739040E+02  0.285141075530E+02  0.707108345146E+00
 -0.137520464920E+02 -0.174061833980E+02  0.286276285300E+02  0.100000000000E+01
 -0.139402471430E+02 -0.175208784980E+02  0.288256767600E+02  0.707107487188E+00
 -0.139614106540E+02 -0.172862760620E+02  0.290036967400E+02  0.100000000000E+01
 -0.138950385760E+02 -0.169222134200E+02  0.291374983260E+02  0.707105853676E+00
 -0.136683899420E+02 -0.168753694610E+02  0.288415472210E+02  0.100000000000E+01
 -0.135268547660E+02 -0.169044185060E+02  0.286200462320E+02  0.707105438734E+00
 -0.135870185370E+02 -0.171605308250E+02  0.285452625470E+02  0.100000000000E+01
 -0.134871770000E+02 -0.173086302160E+02  0.288739203290E+02  0.100000000000E+01
 -0.134871770000E+02 -0.173086302160E+02  0.288739203290E+02  0.707106448228E+00
 -0.134871770000E+02 -0.173086302160E+02  0.288739203290E+02  0.100000000000E+01
 -0.134871770000E+02 -0.173086302160E+02  0.288739203290E+02  0.707106477246E+00
 -0.134871770000E+02 -0.173086302160E+02  0.288739203290E+02  0.100000000000E+01
 -0.134871770000E+02 -0.173086302160E+02  0.288739203290E+02  0.707107064678E+00
 -0.134871770000E+02 -0.173086302160E+02  0.288739203290E+02  0.100000000000E+01
 -0.134871770000E+02 -0.173086302160E+02  0.288739203290E+02  0.707107134594E+00
 -0.134871770000E+02 -0.173086302160E+02  0.288739203290E+02  0.100000000000E+01
 -0.133241555000E+02 -0.172564139010E+02  0.286806030440E+02  0.100000000000E+01
 -0.133851004560E+02 -0.174645433640E+02  0.286357118400E+02  0.707106448228E+00
 -0.135280423130E+02 -0.175679732970E+02  0.287694092610E+02  0.100000000000E+01
 -0.137012846660E+02 -0.176142410990E+02  0.289805758190E+02  0.707106477246E+00
 -0.136893973020E+02 -0.173734016100E+02  0.291137215970E+02  0.100000000000E+01
 -0.136276899660E+02 -0.170676226170E+02  0.292182161190E+02  0.707107064678E+00
 -0.134337070610E+02 -0.169692955510E+02  0.290106668180E+02  0.100000000000E+01
 -0.132868576470E+02 -0.170039808900E+02  0.287857620050E+02  0.707107134594E+00
 -0.133241555000E+02 -0.172564139010E+02  0.286806030440E+02  0.100000000000E+01
 -0.132573742810E+02 -0.174133664590E+02  0.290430968030E+02  0.100000000000E+01
 -0.132573742810E+02 -0.174133664590E+02  0.290430968030E+02  0.707107268357E+00
 -0.132573742810E+02 -0.174133664590E+02  0.290430968030E+02  0.100000000000E+01
 -0.132573742810E+02 -0.174133664590E+02  0.290430968030E+02  0.707106029538E+00
 -0.132573742810E+02 -0.174133664590E+02  0.290430968030E+02  0.100000000000E+01
 -0.132573742810E+02 -0.174133664590E+02  0.290430968030E+02  0.707106345695E+00
 -0.132573742810E+02 -0.174133664590E+02  0.290430968030E+02  0.100000000000E+01
 -0.132573742810E+02 -0.174133664590E+02  0.290430968030E+02  0.707107481155E+00
 -0.132573742810E+02 -0.174133664590E+02  0.290430968030E+02  0.100000000000E+01
 -0.130963217330E+02 -0.173644723170E+02  0.288587795860E+02  0.100000000000E+01
 -0.131317273120E+02 -0.175831286420E+02  0.287708849980E+02  0.707107268357E+00
 -0.132992071220E+02 -0.176752234780E+02  0.289370803470E+02  0.100000000000E+01
 -0.134651743230E+02 -0.177154867340E+02  0.291332749210E+02  0.707106029538E+00
 -0.134444142850E+02 -0.174701501610E+02  0.292571560400E+02  0.100000000000E+01
 -0.133911017970E+02 -0.172145379890E+02  0.293440250550E+02  0.707106345695E+00
 -0.132124786210E+02 -0.171323430530E+02  0.291568724320E+02  0.100000000000E+01
 -0.130171219030E+02 -0.170727512890E+02  0.289334701720E+02  0.707107481155E+00
 -0.130963217330E+02 -0.173644723170E+02  0.288587795860E+02  0.100000000000E+01
           1
           2
           3
           4
           5
           6
           7
           8
           9
          10
          11
          12
          13
          14
          15
          16
          17
          18
          19
          20
          21
          22
          23
          24
          25
          26
          27
          28
          29
          30
          31
          32
          33
          34
          35
          36
          37
          38
          39
          40
          41
          42
          43
          44
          45
          46
          47
          48
          49
          50
          51
          52
          53
          54
          55
          56
          57
          58
          59
          60
          61
          62
          63
          64
          65
          66
          67
          68
          69
          70
          71
          72
          73
          74
          75
          76
          77
          78
          79
          80
          81
          82
          83
          84
          85
          86
          87
          88
          89
          90
          91
          92
          93
          94
          95
          96
          97
          98
          99
         100
         101
         102
         103
         104
         105
         106
         107
         108
         109
         110
         111
         112
         113
         114
         115
         116
         117
         118
         119
         120
         121
         122
         123
         124
         125
         126
         127
         128
         129
         130
         131
         132
         133
         134
         135
         136
         137
         138
         139
         140
         141
         142
         143
         144
         145
         146
         147
         148
         149
         150
         151
         152
         153
         154
         155
         156
         157
         158
         159
         160
         161
         162
         163
         164
         165
         166
         167
         168
         169
         170
         171
         172
         173
         174
         175
         176
         177
         178
         179
         180
         181
         182
         183
         184
         185
         186
         187
         188
         189
         190
         191
         192
         193
         194
         195
         196
         197
         198
         199
         200
         201
         202
         203
         204
         205
         206
         207
         208
         209
         210
         211
         212
         213
         214
         215
         216
         217
         218
         219
         220
         221
         222
         223
         224
         225
         226
         227
         228
         229
         230
         231
         232
         233
         234
         235
         236
         237
         238
         239
         240
         241
         242
         243
         244
         245
         246
         247
         248
         249
         250
         251
         252
         253
         254
         255
         256
         257
         258
         259
         260
         261
         262
         263
         264
         265
         266
         267
         268
         269
         270
         271
         272
         273
         274
         275
         276
         277
         278
         279
         280
         281
         282
         283
         284
         285
         286
         287
         288
         289
         290
         291
         292
         293
         294
         295
         296
         297
         298
         299
         300
         301
         302
         303
         304
         305
         306
         307
         308
         309
         310
         311
         312
         313
         314
         315
         316
         317
         318
         319
         320
         321
         322
         323
         324
         325
         326
         327
         328
         329
         330
         331
         332
         333
         334
         335
         336
         337
         338
         339
         340
         341
         342
         343
         344
         345
         346
         347
         348
         349
         350
         351
         352
         353
         354
         355
         356
         357
         358
         359
         360
         361
         362
         363
         364
         365
         366
         367
         368
         369
         370
         371
         372
         373
         374
         375
         376
         377
         378
         379
         380
         381
         382
         383
         384
         385
         386
         387
         388
         389
         390
         391
         392
         393
         394
         395
         396
         397
         398
         399
         400
         401
         402
         403
         404
         405
         406
         407
         408
         409
         410
         411
         412
         413
         414
         415
         416
         417
         418
         419
         420
         421
         422
         423
         424
         425
         426
         427
         428
         429
         430
         431
         432
         433
         434
         435
         436
         437
         438
         439
         440
         441
         442
         443
         444
         445
         446
         447
         448
         449
         450
 1 0 0
 0 0 0
 0 0 0
 0 0 0
 0 0 0
 0 0 0
 0 0 0
 0 0 0
 0 0 0
 0 0 0
 0 0 0
 0 0 0
 0 0 0
 0 0 0
 0 0 0
 0 0 0
 0 0 0
 0 0 0
 0 0 0
 0 0 0
 0 0 0
 0 0 0
 0 0 0
 0 0 0
 0 0 0
 0 0 0
 0 0 0
 0 0 0
 0 0 0
 0 0 0
 0 0 0
 0 0 0
 0 0 0
 0 0 0
 0 0 0
 0 0 0
 0 0 0
 0 0 0
 0 0 0
 0 0 0
 0 0 0
 0 0 0
 0 0 0
 0 0 0
 0 0 0
 0 0 0
 0 0 0
 0 0 0
 0 0 0
 0 0 0
 0 0 0
 0 0 0
 0 0 0
 0 0 0
 0 0 0
 0 0 0
 0 0 0
 0 0 0
 0 0 0
 0 0 0
 0 0 0
 0 0 0
 0 0 0
 0 0 0
 0 0 0
 0 0 0
 0 0 0
 0 0 0
 0 0 0
 0 0 0
 0 0 0
 0 0 0
 0 0 0
 0 0 0
 0 0 0
 0 0 0
 0 0 0
 0 0 0
 0 0 0
 0 0 0
 0 0 0
 0 0 0
 0 0 0
 0 0 0
 0 0 0
 0 0 0
 0 0 0
 0 0 0
 0 0 0
 0 0 0
 0 0 0
 0 0 0
 0 0 0
 0 0 0
 0 0 0
 0 0 0
 0 0 0
 0 0 0
 0 0 0
 0 0 0
 0 0 0
 0 0 0
 0 0 0
 0 0 0
 0 0 0
 0 0 0
 0 0 0
 0 0 0
 0 0 0
 0 0 0
 0 0 0
 0 0 0
 0 0 0
 0 0 0
 0 0 0
 0 0 0
 0 0 0
 0 0 0
 0 0 0
 0 0 0
 0 0 0
 0 0 0
 0 0 0
 0 0 0
 0 0 0
 0 0 0
 0 0 0
 0 0 0
 0 0 0
 0 0 0
 0 0 0
 0 0 0
 0 0 0
 0 0 0
 0 0 0
 0 0 0
 0 0 0
 0 0 0
 0 0 0
 0 0 0
 0 0 0
 0 0 0
 0 0 0
 0 0 0
 0 0 0
 0 0 0
 0 0 0
 0 0 0
 0 0 0
 0 0 0
 0 0 0
 0 0 0
 0 0 0
 0 0 0
 0 0 0
 0 0 0
 0 0 0
 0 0 0
 0 0 0
 0 0 0
 0 0 0
 0 0 0
 0 0 0
 0 0 0
 0 0 0
 0 0 0
 0 0 0
 0 0 0
 0 0 0
 0 0 0
 0 0 0
 0 0 0
 0 0 0
 0 0 0
 0 0 0
 0 0 0
 0 0 0
 0 0 0
 0 0 0
 0 0 0
 0 0 0
 0 0 0
 0 0 0
 0 0 0
 0 0 0
 0 0 0
 0 0 0
 0 0 0
 0 0 0
 0 0 0
 0 0 0
 0 0 0
 0 0 0
 0 0 0
 0 0 0
 0 0 0
 0 0 0
 0 0 0
 0 0 0
 0 0 0
 0 0 0
 0 0 0
 0 0 0
 0 0 0
 0 0 0
 0 0 0
 0 0 0
 0 0 0
 0 0 0
 0 0 0
 0 0 0
 0 0 0
 0 0 0
 0 0 0
 0 0 0
 0 0 0
 0 0 0
 0 0 0
 0 0 0
 0 0 0
 0 0 0
 0 0 0
 0 0 0
 0 0 0
 0 0 0
 0 0 0
 0 0 0
 0 0 0
 0 0 0
 0 0 0
 0 0 0
 0 0 0
 0 0 0
 0 0 0
 0 0 0
 0 0 0
 0 0 0
 0 0 0
 0 0 0
 0 0 0
 0 0 0
 0 0 0
 0 0 0
 0 0 0
 0 0 0
 0 0 0
 0 0 0
 0 0 0
 0 0 0
 0 0 0
 0 0 0
 0 0 0
 0 0 0
 0 0 0
 0 0 0
 0 0 0
 0 0 0
 0 0 0
 0 0 0
 0 0 0
 0 0 0
 0 0 0
 0 0 0
 0 0 0
 0 0 0
 0 0 0
 0 0 0
 0 0 0
 0 0 0
 0 0 0
 0 0 0
 0 0 0
 0 0 0
 0 0 0
 0 0 0
 0 0 0
 0 0 0
 0 0 0
 0 0 0
 0 0 0
 0 0 0
 0 0 0
 0 0 0
 0 0 0
 0 0 0
 0 0 0
 0 0 0
 0 0 0
 0 0 0
 0 0 0
 0 0 0
 0 0 0
 0 0 0
 0 0 0
 0 0 0
 0 0 0
 0 0 0
 0 0 0
 0 0 0
 0 0 0
 0 0 0
 0 0 0
 0 0 0
 0 0 0
 0 0 0
 0 0 0
 0 0 0
 0 0 0
 0 0 0
 0 0 0
 0 0 0
 0 0 0
 0 0 0
 0 0 0
 0 0 0
 0 0 0
 0 0 0
 0 0 0
 0 0 0
 0 0 0
 0 0 0
 0 0 0
 0 0 0
 0 0 0
 0 0 0
 0 0 0
 0 0 0
 0 0 0
 0 0 0
 0 0 0
 0 0 0
 0 0 0
 0 0 0
 0 0 0
 0 0 0
 0 0 0
 0 0 0
 0 0 0
 0 0 0
 0 0 0
 0 0 0
 0 0 0
 0 0 0
 0 0 0
 0 0 0
 0 0 0
 0 0 0
 0 0 0
 0 0 0
 0 0 0
 0 0 0
 0 0 0
 0 0 0
 0 0 0
 0 0 0
 0 0 0
 0 0 0
 0 0 0
 0 0 0
 0 0 0
 0 0 0
 0 0 0
 0 0 0
 0 0 0
 0 0 0
 0 0 0
 0 0 0
 0 0 0
 0 0 0
 0 0 0
 0 0 0
 0 0 0
 0 0 0
 0 0 0
 0 0 0
 0 0 0
 0 0 0
 0 0 0
 0 0 0
 0 0 0
 0 0 0
 0 0 0
 0 0 0
 0 0 0
 0 0 0
 0 0 0
 0 0 0
 0 0 0
 0 0 0
 0 0 0
 0 0 0
 0 0 0
 0 0 0
 0 0 0
 0 0 0
 0 0 0
 0 0 0
 0 0 0
 0 0 0
 0 0 0
 0 0 0
 0 0 0
 0 0 0
 0 0 0
 0 0 0
 0 0 0
 0 0 0
 0 0 0
 0 0 0
 0 0 0
 0 0 0
 0 0 0
 0 0 0
 0 0 0
 0 0 0
 0 0 0
 0 0 0
 0 0 0
 0 0 0
 0 0 0
 0 0 0
 0 0 0
 0 0 0
 0 0 0
 0 0 0
 0 0 0
 0 0 0
 0 0 0
 0 0 0
 0 0 0
 0 0 0
 0 0 0
 0 0 0
 0 0 0
 0 0 0
 0 0 0
 0 0 0
 0 0 0
 0 0 0
 0 0 0
 0 0 0
 0 0 0
 0 0 0
 0 0 0
 0 0 0
 0 0 0
 0 0 0
 0 0 0
 0 0 0
 0 0 0
 0 0 0
  0.000000000  0.000000000  0.000000000
  0.000000000  0.000000000  0.000000000
  0.000000000  0.000000000  0.000000000
  0.000000000  0.000000000  0.000000000
  0.000000000  0.000000000  0.000000000
  0.000000000  0.000000000  0.000000000
  0.000000000  0.000000000  0.000000000
  0.000000000  0.000000000  0.000000000
  0.000000000  0.000000000  0.000000000
  0.000000000  0.000000000  0.000000000
  0.000000000  0.000000000  0.000000000
  0.000000000  0.000000000  0.000000000
  0.000000000  0.000000000  0.000000000
  0.000000000  0.000000000  0.000000000
  0.000000000  0.000000000  0.000000000
  0.000000000  0.000000000  0.000000000
  0.000000000  0.000000000  0.000000000
  0.000000000  0.000000000  0.000000000
  0.000000000  0.000000000  0.000000000
  0.000000000  0.000000000  0.000000000
  0.000000000  0.000000000  0.000000000
  0.000000000  0.000000000  0.000000000
  0.000000000  0.000000000  0.000000000
  0.000000000  0.000000000  0.000000000
  0.000000000  0.000000000  0.000000000
  0.000000000  0.000000000  0.000000000
  0.000000000  0.000000000  0.000000000
  0.000000000  0.000000000  0.000000000
  0.000000000  0.000000000  0.000000000
  0.000000000  0.000000000  0.000000000
  0.000000000  0.000000000  0.000000000
  0.000000000  0.000000000  0.000000000
  0.000000000  0.000000000  0.000000000
  0.000000000  0.000000000  0.000000000
  0.000000000  0.000000000  0.000000000
  0.000000000  0.000000000  0.000000000
  0.000000000  0.000000000  0.000000000
  0.000000000  0.000000000  0.000000000
  0.000000000  0.000000000  0.000000000
  0.000000000  0.000000000  0.000000000
  0.000000000  0.000000000  0.000000000
  0.000000000  0.000000000  0.000000000
  0.000000000  0.000000000  0.000000000
  0.000000000  0.000000000  0.000000000
  0.000000000  0.000000000  0.000000000
  0.000000000  0.000000000  0.000000000
  0.000000000  0.000000000  0.000000000
  0.000000000  0.000000000  0.000000000
  0.000000000  0.000000000  0.000000000
  0.000000000  0.000000000  0.000000000
  0.000000000  0.000000000  0.000000000
  0.000000000  0.000000000  0.000000000
  0.000000000  0.000000000  0.000000000
  0.000000000  0.000000000  0.000000000
  0.000000000  0.000000000  0.000000000
  0.000000000  0.000000000  0.000000000
  0.000000000  0.000000000  0.000000000
  0.000000000  0.000000000  0.000000000
  0.000000000  0.000000000  0.000000000
  0.000000000  0.000000000  0.000000000
  0.000000000  0.000000000  0.000000000
  0.000000000  0.000000000  0.000000000
  0.000000000  0.000000000  0.000000000
  0.000000000  0.000000000  0.000000000
  0.000000000  0.000000000  0.000000000
  0.000000000  0.000000000  0.000000000
  0.000000000  0.000000000  0.000000000
  0.000000000  0.000000000  0.000000000
  0.000000000  0.000000000  0.000000000
  0.000000000  0.000000000  0.000000000
  0.000000000  0.000000000  0.000000000
  0.000000000  0.000000000  0.000000000
  0.000000000  0.000000000  0.000000000
  0.000000000  0.000000000  0.000000000
  0.000000000  0.000000000  0.000000000
  0.000000000  0.000000000  0.000000000
  0.000000000  0.000000000  0.000000000
  0.000000000  0.000000000  0.000000000
  0.000000000  0.000000000  0.000000000
  0.000000000  0.000000000  0.000000000
  0.000000000  0.000000000  0.000000000
  0.000000000  0.000000000  0.000000000
  0.000000000  0.000000000  0.000000000
  0.000000000  0.000000000  0.000000000
  0.000000000  0.000000000  0.000000000
  0.000000000  0.000000000  0.000000000
  0.000000000  0.000000000  0.000000000
  0.000000000  0.000000000  0.000000000
  0.000000000  0.000000000  0.000000000
  0.000000000  0.000000000  0.000000000
  0.000000000  0.000000000  0.000000000
  0.000000000  0.000000000  0.000000000
  0.000000000  0.000000000  0.000000000
  0.000000000  0.000000000  0.000000000
  0.000000000  0.000000000  0.000000000
  0.000000000  0.000000000  0.000000000
  0.000000000  0.000000000  0.000000000
  0.000000000  0.000000000  0.000000000
  0.000000000  0.000000000  0.000000000
  0.000000000  0.000000000  0.000000000
  0.000000000  0.000000000  0.000000000
  0.000000000  0.000000000  0.000000000
  0.000000000  0.000000000  0.000000000
  0.000000000  0.000000000  0.000000000
  0.000000000  0.000000000  0.000000000
  0.000000000  0.000000000  0.000000000
  0.000000000  0.000000000  0.000000000
  0.000000000  0.000000000  0.000000000
  0.000000000  0.000000000  0.000000000
  0.000000000  0.000000000  0.000000000
  0.000000000  0.000000000  0.000000000
  0.000000000  0.000000000  0.000000000
  0.000000000  0.000000000  0.000000000
  0.000000000  0.000000000  0.000000000
  0.000000000  0.000000000  0.000000000
  0.000000000  0.000000000  0.000000000
  0.000000000  0.000000000  0.000000000
  0.000000000  0.000000000  0.000000000
  0.000000000  0.000000000  0.000000000
  0.000000000  0.000000000  0.000000000
  0.000000000  0.000000000  0.000000000
  0.000000000  0.000000000  0.000000000
  0.000000000  0.000000000  0.000000000
  0.000000000  0.000000000  0.000000000
  0.000000000  0.000000000  0.000000000
  0.000000000  0.000000000  0.000000000
  0.000000000  0.000000000  0.000000000
  0.000000000  0.000000000  0.000000000
  0.000000000  0.000000000  0.000000000
  0.000000000  0.000000000  0.000000000
  0.000000000  0.000000000  0.000000000
  0.000000000  0.000000000  0.000000000
  0.000000000  0.000000000  0.000000000
  0.000000000  0.000000000  0.000000000
  0.000000000  0.000000000  0.000000000
  0.000000000  0.000000000  0.000000000
  0.000000000  0.000000000  0.000000000
  0.000000000  0.000000000  0.000000000
  0.000000000  0.000000000  0.000000000
  0.000000000  0.000000000  0.000000000
  0.000000000  0.000000000  0.000000000
  0.000000000  0.000000000  0.000000000
  0.000000000  0.000000000  0.000000000
  0.000000000  0.000000000  0.000000000
  0.000000000  0.000000000  0.000000000
  0.000000000  0.000000000  0.000000000
  0.000000000  0.000000000  0.000000000
  0.000000000  0.000000000  0.000000000
  0.000000000  0.000000000  0.000000000
  0.000000000  0.000000000  0.000000000
  0.000000000  0.000000000  0.000000000
  0.000000000  0.000000000  0.000000000
  0.000000000  0.000000000  0.000000000
  0.000000000  0.000000000  0.000000000
  0.000000000  0.000000000  0.000000000
  0.000000000  0.000000000  0.000000000
  0.000000000  0.000000000  0.000000000
  0.000000000  0.000000000  0.000000000
  0.000000000  0.000000000  0.000000000
  0.000000000  0.000000000  0.000000000
  0.000000000  0.000000000  0.000000000
  0.000000000  0.000000000  0.000000000
  0.000000000  0.000000000  0.000000000
  0.000000000  0.000000000  0.000000000
  0.000000000  0.000000000  0.000000000
  0.000000000  0.000000000  0.000000000
  0.000000000  0.000000000  0.000000000
  0.000000000  0.000000000  0.000000000
  0.000000000  0.000000000  0.000000000
  0.000000000  0.000000000  0.000000000
  0.000000000  0.000000000  0.000000000
  0.000000000  0.000000000  0.000000000
  0.000000000  0.000000000  0.000000000
  0.000000000  0.000000000  0.000000000
  0.000000000  0.000000000  0.000000000
  0.000000000  0.000000000  0.000000000
  0.000000000  0.000000000  0.000000000
  0.000000000  0.000000000  0.000000000
  0.000000000  0.000000000  0.000000000
  0.000000000  0.000000000  0.000000000
  0.000000000  0.000000000  0.000000000
  0.000000000  0.000000000  0.000000000
  0.000000000  0.000000000  0.000000000
  0.000000000  0.000000000  0.000000000
  0.000000000  0.000000000  0.000000000
  0.000000000  0.000000000  0.000000000
  0.000000000  0.000000000  0.000000000
  0.000000000  0.000000000  0.000000000
  0.000000000  0.000000000  0.000000000
  0.000000000  0.000000000  0.000000000
  0.000000000  0.000000000  0.000000000
  0.000000000  0.000000000  0.000000000
  0.000000000  0.000000000  0.000000000
  0.000000000  0.000000000  0.000000000
  0.000000000  0.000000000  0.000000000
  0.000000000  0.000000000  0.000000000
  0.000000000  0.000000000  0.000000000
  0.000000000  0.000000000  0.000000000
  0.000000000  0.000000000  0.000000000
  0.000000000  0.000000000  0.000000000
  0.000000000  0.000000000  0.000000000
  0.000000000  0.000000000  0.000000000
  0.000000000  0.000000000  0.000000000
  0.000000000  0.000000000  0.000000000
  0.000000000  0.000000000  0.000000000
  0.000000000  0.000000000  0.000000000
  0.000000000  0.000000000  0.000000000
  0.000000000  0.000000000  0.000000000
  0.000000000  0.000000000  0.000000000
  0.000000000  0.000000000  0.000000000
  0.000000000  0.000000000  0.000000000
  0.000000000  0.000000000  0.000000000
  0.000000000  0.000000000  0.000000000
  0.000000000  0.000000000  0.000000000
  0.000000000  0.000000000  0.000000000
  0.000000000  0.000000000  0.000000000
  0.000000000  0.000000000  0.000000000
  0.000000000  0.000000000  0.000000000
  0.000000000  0.000000000  0.000000000
  0.000000000  0.000000000  0.000000000
  0.000000000  0.000000000  0.000000000
  0.000000000  0.000000000  0.000000000
  0.000000000  0.000000000  0.000000000
  0.000000000  0.000000000  0.000000000
  0.000000000  0.000000000  0.000000000
  0.000000000  0.000000000  0.000000000
  0.000000000  0.000000000  0.000000000
  0.000000000  0.000000000  0.000000000
  0.000000000  0.000000000  0.000000000
  0.000000000  0.000000000  0.000000000
  0.000000000  0.000000000  0.000000000
  0.000000000  0.000000000  0.000000000
  0.000000000  0.000000000  0.000000000
  0.000000000  0.000000000  0.000000000
  0.000000000  0.000000000  0.000000000
  0.000000000  0.000000000  0.000000000
  0.000000000  0.000000000  0.000000000
  0.000000000  0.000000000  0.000000000
  0.000000000  0.000000000  0.000000000
  0.000000000  0.000000000  0.000000000
  0.000000000  0.000000000  0.000000000
  0.000000000  0.000000000  0.000000000
  0.000000000  0.000000000  0.000000000
  0.000000000  0.000000000  0.000000000
  0.000000000  0.000000000  0.000000000
  0.000000000  0.000000000  0.000000000
  0.000000000  0.000000000  0.000000000
  0.000000000  0.000000000  0.000000000
  0.000000000  0.000000000  0.000000000
  0.000000000  0.000000000  0.000000000
  0.000000000  0.000000000  0.000000000
  0.000000000  0.000000000  0.000000000
  0.000000000  0.000000000  0.000000000
  0.000000000  0.000000000  0.000000000
  0.000000000  0.000000000  0.000000000
  0.000000000  0.000000000  0.000000000
  0.000000000  0.000000000  0.000000000
  0.000000000  0.000000000  0.000000000
  0.000000000  0.000000000  0.000000000
  0.000000000  0.000000000  0.000000000
  0.000000000  0.000000000  0.000000000
  0.000000000  0.000000000  0.000000000
  0.000000000  0.000000000  0.000000000
  0.000000000  0.000000000  0.000000000
  0.000000000  0.000000000  0.000000000
  0.000000000  0.000000000  0.000000000
  0.000000000  0.000000000  0.000000000
  0.000000000  0.000000000  0.000000000
  0.000000000  0.000000000  0.000000000
  0.000000000  0.000000000  0.000000000
  0.000000000  0.000000000  0.000000000
  0.000000000  0.000000000  0.000000000
  0.000000000  0.000000000  0.000000000
  0.000000000  0.000000000  0.000000000
  0.000000000  0.000000000  0.000000000
  0.000000000  0.000000000  0.000000000
  0.000000000  0.000000000  0.000000000
  0.000000000  0.000000000  0.000000000
  0.000000000  0.000000000  0.000000000
  0.000000000  0.000000000  0.000000000
  0.000000000  0.000000000  0.000000000
  0.000000000  0.000000000  0.000000000
  0.000000000  0.000000000  0.000000000
  0.000000000  0.000000000  0.000000000
  0.000000000  0.000000000  0.000000000
  0.000000000  0.000000000  0.000000000
  0.000000000  0.000000000  0.000000000
  0.000000000  0.000000000  0.000000000
  0.000000000  0.000000000  0.000000000
  0.000000000  0.000000000  0.000000000
  0.000000000  0.000000000  0.000000000
  0.000000000  0.000000000  0.000000000
  0.000000000  0.000000000  0.000000000
  0.000000000  0.000000000  0.000000000
  0.000000000  0.000000000  0.000000000
  0.000000000  0.000000000  0.000000000
  0.000000000  0.000000000  0.000000000
  0.000000000  0.000000000  0.000000000
  0.000000000  0.000000000  0.000000000
  0.000000000  0.000000000  0.000000000
  0.000000000  0.000000000  0.000000000
  0.000000000  0.000000000  0.000000000
  0.000000000  0.000000000  0.000000000
  0.000000000  0.000000000  0.000000000
  0.000000000  0.000000000  0.000000000
  0.000000000  0.000000000  0.000000000
  0.000000000  0.000000000  0.000000000
  0.000000000  0.000000000  0.000000000
  0.000000000  0.000000000  0.000000000
  0.000000000  0.000000000  0.000000000
  0.000000000  0.000000000  0.000000000
  0.000000000  0.000000000  0.000000000
  0.000000000  0.000000000  0.000000000
  0.000000000  0.000000000  0.000000000
  0.000000000  0.000000000  0.000000000
  0.000000000  0.000000000  0.000000000
  0.000000000  0.000000000  0.000000000
  0.000000000  0.000000000  0.000000000
  0.000000000  0.000000000  0.000000000
  0.000000000  0.000000000  0.000000000
  0.000000000  0.000000000  0.000000000
  0.000000000  0.000000000  0.000000000
  0.000000000  0.000000000  0.000000000
  0.000000000  0.000000000  0.000000000
  0.000000000  0.000000000  0.000000000
  0.000000000  0.000000000  0.000000000
  0.000000000  0.000000000  0.000000000
  0.000000000  0.000000000  0.000000000
  0.000000000  0.000000000  0.000000000
  0.000000000  0.000000000  0.000000000
  0.000000000  0.000000000  0.000000000
  0.000000000  0.000000000  0.000000000
  0.000000000  0.000000000  0.000000000
  0.000000000  0.000000000  0.000000000
  0.000000000  0.000000000  0.000000000
  0.000000000  0.000000000  0.000000000
  0.000000000  0.000000000  0.000000000
  0.000000000  0.000000000  0.000000000
  0.000000000  0.000000000  0.000000000
  0.000000000  0.000000000  0.000000000
  0.000000000  0.000000000  0.000000000
  0.000000000  0.000000000  0.000000000
  0.000000000  0.000000000  0.000000000
  0.000000000  0.000000000  0.000000000
  0.000000000  0.000000000  0.000000000
  0.000000000  0.000000000  0.000000000
  0.000000000  0.000000000  0.000000000
  0.000000000  0.000000000  0.000000000
  0.000000000  0.000000000  0.000000000
  0.000000000  0.000000000  0.000000000
  0.000000000  0.000000000  0.000000000
  0.000000000  0.000000000  0.000000000
  0.000000000  0.000000000  0.000000000
  0.000000000  0.000000000  0.000000000
  0.000000000  0.000000000  0.000000000
  0.000000000  0.000000000  0.000000000
  0.000000000  0.000000000  0.000000000
  0.000000000  0.000000000  0.000000000
  0.000000000  0.000000000  0.000000000
  0.000000000  0.000000000  0.000000000
  0.000000000  0.000000000  0.000000000
  0.000000000  0.000000000  0.000000000
  0.000000000  0.000000000  0.000000000
  0.000000000  0.000000000  0.000000000
  0.000000000  0.000000000  0.000000000
  0.000000000  0.000000000  0.000000000
  0.000000000  0.000000000  0.000000000
  0.000000000  0.000000000  0.000000000
  0.000000000  0.000000000  0.000000000
  0.000000000  0.000000000  0.000000000
  0.000000000  0.000000000  0.000000000
  0.000000000  0.000000000  0.000000000
  0.000000000  0.000000000  0.000000000
  0.000000000  0.000000000  0.000000000
  0.000000000  0.000000000  0.000000000
  0.000000000  0.000000000  0.000000000
  0.000000000  0.000000000  0.000000000
  0.000000000  0.000000000  0.000000000
  0.000000000  0.000000000  0.000000000
  0.000000000  0.000000000  0.000000000
  0.000000000  0.000000000  0.000000000
  0.000000000  0.000000000  0.000000000
  0.000000000  0.000000000  0.000000000
  0.000000000  0.000000000  0.000000000
  0.000000000  0.000000000  0.000000000
  0.000000000  0.000000000  0.000000000
  0.000000000  0.000000000  0.000000000
  0.000000000  0.000000000  0.000000000
  0.000000000  0.000000000  0.000000000
  0.000000000  0.000000000  0.000000000
  0.000000000  0.000000000  0.000000000
  0.000000000  0.000000000  0.000000000
  0.000000000  0.000000000  0.000000000
  0.000000000  0.000000000  0.000000000
  0.000000000  0.000000000  0.000000000
  0.000000000  0.000000000  0.000000000
  0.000000000  0.000000000  0.000000000
  0.000000000  0.000000000  0.000000000
  0.000000000  0.000000000  0.000000000
  0.000000000  0.000000000  0.000000000
  0.000000000  0.000000000  0.000000000
  0.000000000  0.000000000  0.000000000
  0.000000000  0.000000000  0.000000000
  0.000000000  0.000000000  0.000000000
  0.000000000  0.000000000  0.000000000
  0.000000000  0.000000000  0.000000000
  0.000000000  0.000000000  0.000000000
  0.000000000  0.000000000  0.000000000
  0.000000000  0.000000000  0.000000000
  0.000000000  0.000000000  0.000000000
  0.000000000  0.000000000  0.000000000
  0.000000000  0.000000000  0.000000000
  0.000000000  0.000000000  0.000000000
  0.000000000  0.000000000  0.000000000
  0.000000000  0.000000000  0.000000000
  0.000000000  0.000000000  0.000000000
  0.000000000  0.000000000  0.000000000
  0.000000000  0.000000000  0.000000000
  0.000000000  0.000000000  0.000000000
  0.000000000  0.000000000  0.000000000
  0.000000000  0.000000000  0.000000000
  0.000000000  0.000000000  0.000000000
  0.000000000  0.000000000  0.000000000
  0.000000000  0.000000000  0.000000000
  0.000000000  0.000000000  0.000000000
  0.000000000  0.000000000  0.000000000
  0.000000000  0.000000000  0.000000000
  0.000000000  0.000000000  0.000000000
  0.000000000  0.000000000  0.000000000
  0.000000000  0.000000000  0.000000000
  0.000000000  0.000000000  0.000000000
  0.000000000  0.000000000  0.000000000
  0.000000000  0.000000000  0.000000000
  0.000000000  0.000000000  0.000000000
  0.000000000  0.000000000  0.000000000
  0.000000000  0.000000000  0.000000000
  0.000000000  0.000000000  0.000000000
  0.000000000  0.000000000  0.000000000
  0.000000000  0.000000000  0.000000000
  0.000000000  0.000000000  0.000000000
  0.000000000  0.000000000  0.000000000
  0.000000000  0.000000000  0.000000000
  0.000000000  0.000000000  0.000000000
  0.000000000  0.000000000  0.000000000
  0.000000000  0.000000000  0.000000000
  0.000000000  0.000000000  0.000000000
  0.000000000  0.000000000  0.000000000
  0.000000000  0.000000000  0.000000000
  0.000000000  0.000000000  0.000000000
  0.000000000  0.000000000  0.000000000
 0 0 0
 0 0 0
 0 0 0
 0 0 0
 0 0 0
 0 0 0
 0 0 0
 0 0 0
 0 0 0
 0 0 0
 0 0 0
 0 0 0
 0 0 0
 0 0 0
 0 0 0
 0 0 0
 0 0 0
 0 0 0
 0 0 0
 0 0 0
 0 0 0
 0 0 0
 0 0 0
 0 0 0
 0 0 0
 0 0 0
 0 0 0
 0 0 0
 0 0 0
 0 0 0
 0 0 0
 0 0 0
 0 0 0
 0 0 0
 0 0 0
 0 0 0
 0 0 0
 0 0 0
 0 0 0
 0 0 0
 0 0 0
 0 0 0
 0 0 0
 0 0 0
 0 0 0
 0 0 0
 0 0 0
 0 0 0
 0 0 0
 0 0 0
 0 0 0
 0 0 0
 0 0 0
 0 0 0
 0 0 0
 0 0 0
 0 0 0
 0 0 0
 0 0 0
 0 0 0
 0 0 0
 0 0 0
 0 0 0
 0 0 0
 0 0 0
 0 0 0
 0 0 0
 0 0 0
 0 0 0
 0 0 0
 0 0 0
 0 0 0
 0 0 0
 0 0 0
 0 0 0
 0 0 0
 0 0 0
 0 0 0
 0 0 0
 0 0 0
 0 0 0
 0 0 0
 0 0 0
 0 0 0
 0 0 0
 0 0 0
 0 0 0
 0 0 0
 0 0 0
 0 0 0
 0 0 0
 0 0 0
 0 0 0
 0 0 0
 0 0 0
 0 0 0
 0 0 0
 0 0 0
 0 0 0
 0 0 0
 0 0 0
 0 0 0
 0 0 0
 0 0 0
 0 0 0
 0 0 0
 0 0 0
 0 0 0
 0 0 0
 0 0 0
 0 0 0
 0 0 0
 0 0 0
 0 0 0
 0 0 0
 0 0 0
 0 0 0
 0 0 0
 0 0 0
 0 0 0
 0 0 0
 0 0 0
 0 0 0
 0 0 0
 0 0 0
 0 0 0
 0 0 0
 0 0 0
 0 0 0
 0 0 0
 0 0 0
 0 0 0
 0 0 0
 0 0 0
 0 0 0
 0 0 0
 0 0 0
 0 0 0
 0 0 0
 0 0 0
 0 0 0
 0 0 0
 0 0 0
 0 0 0
 0 0 0
 0 0 0
 0 0 0
 0 0 0
 0 0 0
 0 0 0
 0 0 0
 0 0 0
 0 0 0
 0 0 0
 0 0 0
 0 0 0
 0 0 0
 0 0 0
 0 0 0
 0 0 0
 0 0 0
 0 0 0
 0 0 0
 0 0 0
 0 0 0
 0 0 0
 0 0 0
 0 0 0
 0 0 0
 0 0 0
 0 0 0
 0 0 0
 0 0 0
 0 0 0
 0 0 0
 0 0 0
 0 0 0
 0 0 0
 0 0 0
 0 0 0
 0 0 0
 0 0 0
 0 0 0
 0 0 0
 0 0 0
 0 0 0
 0 0 0
 0 0 0
 0 0 0
 0 0 0
 0 0 0
 0 0 0
 0 0 0
 0 0 0
 0 0 0
 0 0 0
 0 0 0
 0 0 0
 0 0 0
 0 0 0
 0 0 0
 0 0 0
 0 0 0
 0 0 0
 0 0 0
 0 0 0
 0 0 0
 0 0 0
 0 0 0
 0 0 0
 0 0 0
 0 0 0
 0 0 0
 0 0 0
 0 0 0
 0 0 0
 0 0 0
 0 0 0
 0 0 0
 0 0 0
 0 0 0
 0 0 0
 0 0 0
 0 0 0
 0 0 0
 0 0 0
 0 0 0
 0 0 0
 0 0 0
 0 0 0
 0 0 0
 0 0 0
 0 0 0
 0 0 0
 0 0 0
 0 0 0
 0 0 0
 0 0 0
 0 0 0
 0 0 0
 0 0 0
 0 0 0
 0 0 0
 0 0 0
 0 0 0
 0 0 0
 0 0 0
 0 0 0
 0 0 0
 0 0 0
 0 0 0
 0 0 0
 0 0 0
 0 0 0
 0 0 0
 0 0 0
 0 0 0
 0 0 0
 0 0 0
 0 0 0
 0 0 0
 0 0 0
 0 0 0
 0 0 0
 0 0 0
 0 0 0
 0 0 0
 0 0 0
 0 0 0
 0 0 0
 0 0 0
 0 0 0
 0 0 0
 0 0 0
 0 0 0
 0 0 0
 0 0 0
 0 0 0
 0 0 0
 0 0 0
 0 0 0
 0 0 0
 0 0 0
 0 0 0
 0 0 0
 0 0 0
 0 0 0
 0 0 0
 0 0 0
 0 0 0
 0 0 0
 0 0 0
 0 0 0
 0 0 0
 0 0 0
 0 0 0
 0 0 0
 0 0 0
 0 0 0
 0 0 0
 0 0 0
 0 0 0
 0 0 0
 0 0 0
 0 0 0
 0 0 0
 0 0 0
 0 0 0
 0 0 0
 0 0 0
 0 0 0
 0 0 0
 0 0 0
 0 0 0
 0 0 0
 0 0 0
 0 0 0
 0 0 0
 0 0 0
 0 0 0
 0 0 0
 0 0 0
 0 0 0
 0 0 0
 0 0 0
 0 0 0
 0 0 0
 0 0 0
 0 0 0
 0 0 0
 0 0 0
 0 0 0
 0 0 0
 0 0 0
 0 0 0
 0 0 0
  0.000000000  0.000000000  0.000000000
  0.000000000  0.000000000  0.000000000
  0.000000000  0.000000000  0.000000000
  0.000000000  0.000000000  0.000000000
  0.000000000  0.000000000  0.000000000
  0.000000000  0.000000000  0.000000000
  0.000000000  0.000000000  0.000000000
  0.000000000  0.000000000  0.000000000
  0.000000000  0.000000000  0.000000000
  0.000000000  0.000000000  0.000000000
  0.000000000  0.000000000  0.000000000
  0.000000000  0.000000000  0.000000000
  0.000000000  0.000000000  0.000000000
  0.000000000  0.000000000  0.000000000
  0.000000000  0.000000000  0.000000000
  0.000000000  0.000000000  0.000000000
  0.000000000  0.000000000  0.000000000
  0.000000000  0.000000000  0.000000000
  0.000000000  0.000000000  0.000000000
  0.000000000  0.000000000  0.000000000
  0.000000000  0.000000000  0.000000000
  0.000000000  0.000000000  0.000000000
  0.000000000  0.000000000  0.000000000
  0.000000000  0.000000000  0.000000000
  0.000000000  0.000000000  0.000000000
  0.000000000  0.000000000  0.000000000
  0.000000000  0.000000000  0.000000000
  0.000000000  0.000000000  0.000000000
  0.000000000  0.000000000  0.000000000
  0.000000000  0.000000000  0.000000000
  0.000000000  0.000000000  0.000000000
  0.000000000  0.000000000  0.000000000
  0.000000000  0.000000000  0.000000000
  0.000000000  0.000000000  0.000000000
  0.000000000  0.000000000  0.000000000
  0.000000000  0.000000000  0.000000000
  0.000000000  0.000000000  0.000000000
  0.000000000  0.000000000  0.000000000
  0.000000000  0.000000000  0.000000000
  0.000000000  0.000000000  0.000000000
  0.000000000  0.000000000  0.000000000
  0.000000000  0.000000000  0.000000000
  0.000000000  0.000000000  0.000000000
  0.000000000  0.000000000  0.000000000
  0.000000000  0.000000000  0.000000000
  0.000000000  0.000000000  0.000000000
  0.000000000  0.000000000  0.000000000
  0.000000000  0.000000000  0.000000000
  0.000000000  0.000000000  0.000000000
  0.000000000  0.000000000  0.000000000
  0.000000000  0.000000000  0.000000000
  0.000000000  0.000000000  0.000000000
  0.000000000  0.000000000  0.000000000
  0.000000000  0.000000000  0.000000000
  0.000000000  0.000000000  0.000000000
  0.000000000  0.000000000  0.000000000
  0.000000000  0.000000000  0.000000000
  0.000000000  0.000000000  0.000000000
  0.000000000  0.000000000  0.000000000
  0.000000000  0.000000000  0.000000000
  0.000000000  0.000000000  0.000000000
  0.000000000  0.000000000  0.000000000
  0.000000000  0.000000000  0.000000000
  0.000000000  0.000000000  0.000000000
  0.000000000  0.000000000  0.000000000
  0.000000000  0.000000000  0.000000000
  0.000000000  0.000000000  0.000000000
  0.000000000  0.000000000  0.000000000
  0.000000000  0.000000000  0.000000000
  0.000000000  0.000000000  0.000000000
  0.000000000  0.000000000  0.000000000
  0.000000000  0.000000000  0.000000000
  0.000000000  0.000000000  0.000000000
  0.000000000  0.000000000  0.000000000
  0.000000000  0.000000000  0.000000000
  0.000000000  0.000000000  0.000000000
  0.000000000  0.000000000  0.000000000
  0.000000000  0.000000000  0.000000000
  0.000000000  0.000000000  0.000000000
  0.000000000  0.000000000  0.000000000
  0.000000000  0.000000000  0.000000000
  0.000000000  0.000000000  0.000000000
  0.000000000  0.000000000  0.000000000
  0.000000000  0.000000000  0.000000000
  0.000000000  0.000000000  0.000000000
  0.000000000  0.000000000  0.000000000
  0.000000000  0.000000000  0.000000000
  0.000000000  0.000000000  0.000000000
  0.000000000  0.000000000  0.000000000
  0.000000000  0.000000000  0.000000000
  0.000000000  0.000000000  0.000000000
  0.000000000  0.000000000  0.000000000
  0.000000000  0.000000000  0.000000000
  0.000000000  0.000000000  0.000000000
  0.000000000  0.000000000  0.000000000
  0.000000000  0.000000000  0.000000000
  0.000000000  0.000000000  0.000000000
  0.000000000  0.000000000  0.000000000
  0.000000000  0.000000000  0.000000000
  0.000000000  0.000000000  0.000000000
  0.000000000  0.000000000  0.000000000
  0.000000000  0.000000000  0.000000000
  0.000000000  0.000000000  0.000000000
  0.000000000  0.000000000  0.000000000
  0.000000000  0.000000000  0.000000000
  0.000000000  0.000000000  0.000000000
  0.000000000  0.000000000  0.000000000
  0.000000000  0.000000000  0.000000000
  0.000000000  0.000000000  0.000000000
  0.000000000  0.000000000  0.000000000
  0.000000000  0.000000000  0.000000000
  0.000000000  0.000000000  0.000000000
  0.000000000  0.000000000  0.000000000
  0.000000000  0.000000000  0.000000000
  0.000000000  0.000000000  0.000000000
  0.000000000  0.000000000  0.000000000
  0.000000000  0.000000000  0.000000000
  0.000000000  0.000000000  0.000000000
  0.000000000  0.000000000  0.000000000
  0.000000000  0.000000000  0.000000000
  0.000000000  0.000000000  0.000000000
  0.000000000  0.000000000  0.000000000
  0.000000000  0.000000000  0.000000000
  0.000000000  0.000000000  0.000000000
  0.000000000  0.000000000  0.000000000
  0.000000000  0.000000000  0.000000000
  0.000000000  0.000000000  0.000000000
  0.000000000  0.000000000  0.000000000
  0.000000000  0.000000000  0.000000000
  0.000000000  0.000000000  0.000000000
  0.000000000  0.000000000  0.000000000
  0.000000000  0.000000000  0.000000000
  0.000000000  0.000000000  0.000000000
  0.000000000  0.000000000  0.000000000
  0.000000000  0.000000000  0.000000000
  0.000000000  0.000000000  0.000000000
  0.000000000  0.000000000  0.000000000
  0.000000000  0.000000000  0.000000000
  0.000000000  0.000000000  0.000000000
  0.000000000  0.000000000  0.000000000
  0.000000000  0.000000000  0.000000000
  0.000000000  0.000000000  0.000000000
  0.000000000  0.000000000  0.000000000
  0.000000000  0.000000000  0.000000000
  0.000000000  0.000000000  0.000000000
  0.000000000  0.000000000  0.000000000
  0.000000000  0.000000000  0.000000000
  0.000000000  0.000000000  0.000000000
  0.000000000  0.000000000  0.000000000
  0.000000000  0.000000000  0.000000000
  0.000000000  0.000000000  0.000000000
  0.000000000  0.000000000  0.000000000
  0.000000000  0.000000000  0.000000000
  0.000000000  0.000000000  0.000000000
  0.000000000  0.000000000  0.000000000
  0.000000000  0.000000000  0.000000000
  0.000000000  0.000000000  0.000000000
  0.000000000  0.000000000  0.000000000
  0.000000000  0.000000000  0.000000000
  0.000000000  0.000000000  0.000000000
  0.000000000  0.000000000  0.000000000
  0.000000000  0.000000000  0.000000000
  0.000000000  0.000000000  0.000000000
  0.000000000  0.000000000  0.000000000
  0.000000000  0.000000000  0.000000000
  0.000000000  0.000000000  0.000000000
  0.000000000  0.000000000  0.000000000
  0.000000000  0.000000000  0.000000000
  0.000000000  0.000000000  0.000000000
  0.000000000  0.000000000  0.000000000
  0.000000000  0.000000000  0.000000000
  0.000000000  0.000000000  0.000000000
  0.000000000  0.000000000  0.000000000
  0.000000000  0.000000000  0.000000000
  0.000000000  0.000000000  0.000000000
  0.000000000  0.000000000  0.000000000
  0.000000000  0.000000000  0.000000000
  0.000000000  0.000000000  0.000000000
  0.000000000  0.000000000  0.000000000
  0.000000000  0.000000000  0.000000000
  0.000000000  0.000000000  0.000000000
  0.000000000  0.000000000  0.000000000
  0.000000000  0.000000000  0.000000000
  0.000000000  0.000000000  0.000000000
  0.000000000  0.000000000  0.000000000
  0.000000000  0.000000000  0.000000000
  0.000000000  0.000000000  0.000000000
  0.000000000  0.000000000  0.000000000
  0.000000000  0.000000000  0.000000000
  0.000000000  0.000000000  0.000000000
  0.000000000  0.000000000  0.000000000
  0.000000000  0.000000000  0.000000000
  0.000000000  0.000000000  0.000000000
  0.000000000  0.000000000  0.000000000
  0.000000000  0.000000000  0.000000000
  0.000000000  0.000000000  0.000000000
  0.000000000  0.000000000  0.000000000
  0.000000000  0.000000000  0.000000000
  0.000000000  0.000000000  0.000000000
  0.000000000  0.000000000  0.000000000
  0.000000000  0.000000000  0.000000000
  0.000000000  0.000000000  0.000000000
  0.000000000  0.000000000  0.000000000
  0.000000000  0.000000000  0.000000000
  0.000000000  0.000000000  0.000000000
  0.000000000  0.000000000  0.000000000
  0.000000000  0.000000000  0.000000000
  0.000000000  0.000000000  0.000000000
  0.000000000  0.000000000  0.000000000
  0.000000000  0.000000000  0.000000000
  0.000000000  0.000000000  0.000000000
  0.000000000  0.000000000  0.000000000
  0.000000000  0.000000000  0.000000000
  0.000000000  0.000000000  0.000000000
  0.000000000  0.000000000  0.000000000
  0.000000000  0.000000000  0.000000000
  0.000000000  0.000000000  0.000000000
  0.000000000  0.000000000  0.000000000
  0.000000000  0.000000000  0.000000000
  0.000000000  0.000000000  0.000000000
  0.000000000  0.000000000  0.000000000
  0.000000000  0.000000000  0.000000000
  0.000000000  0.000000000  0.000000000
  0.000000000  0.000000000  0.000000000
  0.000000000  0.000000000  0.000000000
  0.000000000  0.000000000  0.000000000
  0.000000000  0.000000000  0.000000000
  0.000000000  0.000000000  0.000000000
  0.000000000  0.000000000  0.000000000
  0.000000000  0.000000000  0.000000000
  0.000000000  0.000000000  0.000000000
  0.000000000  0.000000000  0.000000000
  0.000000000  0.000000000  0.000000000
  0.000000000  0.000000000  0.000000000
  0.000000000  0.000000000  0.000000000
  0.000000000  0.000000000  0.000000000
  0.000000000  0.000000000  0.000000000
  0.000000000  0.000000000  0.000000000
  0.000000000  0.000000000  0.000000000
  0.000000000  0.000000000  0.000000000
  0.000000000  0.000000000  0.000000000
  0.000000000  0.000000000  0.000000000
  0.000000000  0.000000000  0.000000000
  0.000000000  0.000000000  0.000000000
  0.000000000  0.000000000  0.000000000
  0.000000000  0.000000000  0.000000000
  0.000000000  0.000000000  0.000000000
  0.000000000  0.000000000  0.000000000
  0.000000000  0.000000000  0.000000000
  0.000000000  0.000000000  0.000000000
  0.000000000  0.000000000  0.000000000
  0.000000000  0.000000000  0.000000000
  0.000000000  0.000000000  0.000000000
  0.000000000  0.000000000  0.000000000
  0.000000000  0.000000000  0.000000000
  0.000000000  0.000000000  0.000000000
  0.000000000  0.000000000  0.000000000
  0.000000000  0.000000000  0.000000000
  0.000000000  0.000000000  0.000000000
  0.000000000  0.000000000  0.000000000
  0.000000000  0.000000000  0.000000000
  0.000000000  0.000000000  0.000000000
  0.000000000  0.000000000  0.000000000
  0.000000000  0.000000000  0.000000000
  0.000000000  0.000000000  0.000000000
  0.000000000  0.000000000  0.000000000
  0.000000000  0.000000000  0.000000000
  0.000000000  0.000000000  0.000000000
  0.000000000  0.000000000  0.000000000
  0.000000000  0.000000000  0.000000000
  0.000000000  0.000000000  0.000000000
  0.000000000  0.000000000  0.000000000
  0.000000000  0.000000000  0.000000000
  0.000000000  0.000000000  0.000000000
  0.000000000  0.000000000  0.000000000
  0.000000000  0.000000000  0.000000000
  0.000000000  0.000000000  0.000000000
  0.000000000  0.000000000  0.000000000
  0.000000000  0.000000000  0.000000000
  0.000000000  0.000000000  0.000000000
  0.000000000  0.000000000  0.000000000
  0.000000000  0.000000000  0.000000000
  0.000000000  0.000000000  0.000000000
  0.000000000  0.000000000  0.000000000
  0.000000000  0.000000000  0.000000000
  0.000000000  0.000000000  0.000000000
  0.000000000  0.000000000  0.000000000
  0.000000000  0.000000000  0.000000000
  0.000000000  0.000000000  0.000000000
  0.000000000  0.000000000  0.000000000
  0.000000000  0.000000000  0.000000000
  0.000000000  0.000000000  0.000000000
  0.000000000  0.000000000  0.000000000
  0.000000000  0.000000000  0.000000000
  0.000000000  0.000000000  0.000000000
  0.000000000  0.000000000  0.000000000
  0.000000000  0.000000000  0.000000000
  0.000000000  0.000000000  0.000000000
  0.000000000  0.000000000  0.000000000
  0.000000000  0.000000000  0.000000000
  0.000000000  0.000000000  0.000000000
  0.000000000  0.000000000  0.000000000
  0.000000000  0.000000000  0.000000000
  0.000000000  0.000000000  0.000000000
  0.000000000  0.000000000  0.000000000
  0.000000000  0.000000000  0.000000000
  0.000000000  0.000000000  0.000000000
  0.000000000  0.000000000  0.000000000
  0.000000000  0.000000000  0.000000000
  0.000000000  0.000000000  0.000000000
  0.000000000  0.000000000  0.000000000
  0.000000000  0.000000000  0.000000000
  0.000000000  0.000000000  0.000000000
  0.000000000  0.000000000  0.000000000
  0.000000000  0.000000000  0.000000000
  0.000000000  0.000000000  0.000000000
  0.000000000  0.000000000  0.000000000
  0.000000000  0.000000000  0.000000000
  0.000000000  0.000000000  0.000000000
  0.000000000  0.000000000  0.000000000
  0.000000000  0.000000000  0.000000000
  0.000000000  0.000000000  0.000000000
  0.000000000  0.000000000  0.000000000
  0.000000000  0.000000000  0.000000000
  0.000000000  0.000000000  0.000000000
  0.000000000  0.000000000  0.000000000
  0.000000000  0.000000000  0.000000000
  0.000000000  0.000000000  0.000000000
  0.000000000  0.000000000  0.000000000
  0.000000000  0.000000000  0.000000000
  0.000000000  0.000000000  0.000000000
  0.000000000  0.000000000  0.000000000
  0.000000000  0.000000000  0.000000000
  0.000000000  0.000000000  0.000000000
  0.000000000  0.000000000  0.000000000
  0.000000000  0.000000000  0.000000000
  0.000000000  0.000000000  0.000000000
  0.000000000  0.000000000  0.000000000
  0.000000000  0.000000000  0.000000000
  0.000000000  0.000000000  0.000000000
  0.000000000  0.000000000  0.000000000
  0.000000000  0.000000000  0.000000000
  0.000000000  0.000000000  0.000000000
  0.000000000  0.000000000  0.000000000
  0.000000000  0.000000000  0.000000000
  0.000000000  0.000000000  0.000000000
  0.000000000  0.000000000  0.000000000
  0.000000000  0.000000000  0.000000000
  0.000000000  0.000000000  0.000000000
  0.000000000  0.000000000  0.000000000
  0.000000000  0.000000000  0.000000000
  0.000000000  0.000000000  0.000000000
  0.000000000  0.000000000  0.000000000
  0.000000000  0.000000000  0.000000000
  0.000000000  0.000000000  0.000000000
  0.000000000  0.000000000  0.000000000
  0.000000000  0.000000000  0.000000000
  0.000000000  0.000000000  0.000000000
  0.000000000  0.000000000  0.000000000
  0.000000000  0.000000000  0.000000000
  0.000000000  0.000000000  0.000000000
  0.000000000  0.000000000  0.000000000
  0.000000000  0.000000000  0.000000000
  0.000000000  0.000000000  0.000000000
  0.000000000  0.000000000  0.000000000
  0.000000000  0.000000000  0.000000000
  0.000000000  0.000000000  0.000000000
  0.000000000  0.000000000  0.000000000
  0.000000000  0.000000000  0.000000000
  0.000000000  0.000000000  0.000000000
  0.000000000  0.000000000  0.000000000
  0.000000000  0.000000000  0.000000000
  0.000000000  0.000000000  0.000000000
  0.000000000  0.000000000  0.000000000
  0.000000000  0.000000000  0.000000000
  0.000000000  0.000000000  0.000000000
  0.000000000  0.000000000  0.000000000
  0.000000000  0.000000000  0.000000000
  0.000000000  0.000000000  0.000000000
  0.000000000  0.000000000  0.000000000
  0.000000000  0.000000000  0.000000000
  0.000000000  0.000000000  0.000000000
  0.000000000  0.000000000  0.000000000
  0.000000000  0.000000000  0.000000000
  0.000000000  0.000000000  0.000000000
  0.000000000  0.000000000  0.000000000
  0.000000000  0.000000000  0.000000000
  0.000000000  0.000000000  0.000000000
  0.000000000  0.000000000  0.000000000
  0.000000000  0.000000000  0.000000000
  0.000000000  0.000000000  0.000000000
  0.000000000  0.000000000  0.000000000
  0.000000000  0.000000000  0.000000000
  0.000000000  0.000000000  0.000000000
  0.000000000  0.000000000  0.000000000
  0.000000000  0.000000000  0.000000000
  0.000000000  0.000000000  0.000000000
  0.000000000  0.000000000  0.000000000
  0.000000000  0.000000000  0.000000000
  0.000000000  0.000000000  0.000000000
  0.000000000  0.000000000  0.000000000
  0.000000000  0.000000000  0.000000000
  0.000000000  0.000000000  0.000000000
  0.000000000  0.000000000  0.000000000
  0.000000000  0.000000000  0.000000000
  0.000000000  0.000000000  0.000000000
  0.000000000  0.000000000  0.000000000
  0.000000000  0.000000000  0.000000000
  0.000000000  0.000000000  0.000000000
  0.000000000  0.000000000  0.000000000
  0.000000000  0.000000000  0.000000000
  0.000000000  0.000000000  0.000000000
  0.000000000  0.000000000  0.000000000
  0.000000000  0.000000000  0.000000000
  0.000000000  0.000000000  0.000000000
  0.000000000  0.000000000  0.000000000
  0.000000000  0.000000000  0.000000000
  0.000000000  0.000000000  0.000000000
  0.000000000  0.000000000  0.000000000
  0.000000000  0.000000000  0.000000000
  0.000000000  0.000000000  0.000000000
  0.000000000  0.000000000  0.000000000
  0.000000000  0.000000000  0.000000000
  0.000000000  0.000000000  0.000000000
  0.000000000  0.000000000  0.000000000
  0.000000000  0.000000000  0.000000000
  0.000000000  0.000000000  0.000000000
  0.000000000  0.000000000  0.000000000
  0.000000000  0.000000000  0.000000000
  0.000000000  0.000000000  0.000000000
  0.000000000  0.000000000  0.000000000
  0.000000000  0.000000000  0.000000000
  0.000000000  0.000000000  0.000000000
  0.000000000  0.000000000  0.000000000
  0.000000000  0.000000000  0.000000000
  0.000000000  0.000000000  0.000000000
  0.000000000  0.000000000  0.000000000
  0.000000000  0.000000000  0.000000000
  0.000000000  0.000000000  0.000000000
  0.000000000  0.000000000  0.000000000
  0.000000000  0.000000000  0.000000000
  0.000000000  0.000000000  0.000000000
  0.000000000  0.000000000  0.000000000
  0.000000000  0.000000000  0.000000000
  0.000000000  0.000000000  0.000000000
  0.000000000  0.000000000  0.000000000
  0.000000000  0.000000000  0.000000000
  0.000000000  0.000000000  0.000000000
  0.000000000  0.000000000  0.000000000
  0.000000000  0.000000000  0.000000000
  0.000000000  0.000000000  0.000000000
  0.000000000  0.000000000  0.000000000
  0.000000000  0.000000000  0.000000000
  0.000000000  0.000000000  0.000000000
  0.000000000  0.000000000  0.000000000
  0.000000000  0.000000000  0.000000000
  0.000000000  0.000000000  0.000000000
  0.000000000  0.000000000  0.000000000
  0.000000000  0.000000000  0.000000000
  0.000000000  0.000000000  0.000000000
  0.000000000  0.000000000  0.000000000
  0.000000000  0.000000000  0.000000000
  0.000000000  0.000000000  0.000000000
  0.000000000  0.000000000  0.000000000
  0.000000000  0.000000000  0.000000000
  0.000000000  0.000000000  0.000000000
  0.000000000  0.000000000  0.000000000
  0.000000000  0.000000000  0.000000000
  0.000000000  0.000000000  0.000000000
  0.000000000  0.000000000  0.000000000
  0.000000000  0.000000000  0.000000000
  0.000000000  0.000000000  0.000000000
  0.000000000  0.000000000  0.000000000
  0.000000000  0.000000000  0.000000000
  0.000000000  0.000000000  0.000000000
  0.000000000  0.000000000  0.000000000
  0.000000000  0.000000000  0.000000000
  0.000000000  0.000000000  0.000000000
  0.000000000  0.000000000  0.000000000
  0.000000000  0.000000000  0.000000000
  0.000000000  0.000000000  0.000000000
  0.000000000  0.000000000  0.000000000
  0.000000000  0.000000000  0.000000000
  0.000000000  0.000000000  0.000000000
  0.000000000  0.000000000  0.000000000
  0.000000000  0.000000000  0.000000000
  0.000000000  0.000000000  0.000000000
  0.000000000  0.000000000  0.000000000
  0.000000000  0.000000000  0.000000000
  0.000000000  0.000000000  0.000000000
  0.000000000  0.000000000  0.000000000
  0.000000000  0.000000000  0.000000000
  0.000000000  0.000000000  0.000000000
  0.000000000  0.000000000  0.000000000
  0.000000000  0.000000000  0.000000000
  0.000000000  0.000000000  0.000000000
  0.000000000  0.000000000  0.000000000
   1.06000000000000     
   1.06000000000000     
   1.06000000000000     
   1.06000000000000     
   1.06000000000000     
   1.06000000000000     
   1.06000000000000     
   1.06000000000000     
   1.06000000000000     
   1.06000000000000     
   1.06000000000000     
   1.06000000000000     
   1.06000000000000     
   1.06000000000000     
   1.06000000000000     
   1.06000000000000     
   1.06000000000000     
   1.06000000000000     
   1.06000000000000     
   1.06000000000000     
   1.06000000000000     
   1.06000000000000     
   1.06000000000000     
   1.06000000000000     
   1.06000000000000     
   1.06000000000000     
   1.06000000000000     
   1.06000000000000     
   1.06000000000000     
   1.06000000000000     
   1.06000000000000     
   1.06000000000000     
   1.06000000000000     
   1.06000000000000     
   1.06000000000000     
   1.06000000000000     
   1.06000000000000     
   1.06000000000000     
   1.06000000000000     
   1.06000000000000     
   1.06000000000000     
   1.06000000000000     
   1.06000000000000     
   1.06000000000000     
   1.06000000000000     
   1.06000000000000     
   1.06000000000000     
   1.06000000000000     
   1.06000000000000     
   1.06000000000000     
   1.06000000000000     
   1.06000000000000     
   1.06000000000000     
   1.06000000000000     
   1.06000000000000     
   1.06000000000000     
   1.06000000000000     
   1.06000000000000     
   1.06000000000000     
   1.06000000000000     
   1.06000000000000     
   1.06000000000000     
   1.06000000000000     
   1.06000000000000     
   1.06000000000000     
   1.06000000000000     
   1.06000000000000     
   1.06000000000000     
   1.06000000000000     
   1.06000000000000     
   1.06000000000000     
   1.06000000000000     
   1.06000000000000     
   1.06000000000000     
   1.06000000000000     
   1.06000000000000     
   1.06000000000000     
   1.06000000000000     
   1.06000000000000     
   1.06000000000000     
   1.06000000000000     
   1.06000000000000     
   1.06000000000000     
   1.06000000000000     
   1.06000000000000     
   1.06000000000000     
   1.06000000000000     
   1.06000000000000     
   1.06000000000000     
   1.06000000000000     
   1.06000000000000     
   1.06000000000000     
   1.06000000000000     
   1.06000000000000     
   1.06000000000000     
   1.06000000000000     
   1.06000000000000     
   1.06000000000000     
   1.06000000000000     
   1.06000000000000     
   1.06000000000000     
   1.06000000000000     
   1.06000000000000     
   1.06000000000000     
   1.06000000000000     
   1.06000000000000     
   1.06000000000000     
   1.06000000000000     
   1.06000000000000     
   1.06000000000000     
   1.06000000000000     
   1.06000000000000     
   1.06000000000000     
   1.06000000000000     
   1.06000000000000     
   1.06000000000000     
   1.06000000000000     
   1.06000000000000     
   1.06000000000000     
   1.06000000000000     
   1.06000000000000     
   1.06000000000000     
   1.06000000000000     
   1.06000000000000     
   1.06000000000000     
   1.06000000000000     
   1.06000000000000     
   1.06000000000000     
   1.06000000000000     
   1.06000000000000     
   1.06000000000000     
   1.06000000000000     
   1.06000000000000     
   1.06000000000000     
   1.06000000000000     
   1.06000000000000     
   1.06000000000000     
   1.06000000000000     
   1.06000000000000     
   1.06000000000000     
   1.06000000000000     
   1.06000000000000     
   1.06000000000000     
   1.06000000000000     
   1.06000000000000     
   1.06000000000000     
   1.06000000000000     
   1.06000000000000     
   1.06000000000000     
   1.06000000000000     
   1.06000000000000     
   1.06000000000000     
   1.06000000000000     
   1.06000000000000     
   1.06000000000000     
   1.06000000000000     
   1.06000000000000     
   1.06000000000000     
   1.06000000000000     
   1.06000000000000     
   1.06000000000000     
  3.000000000000000E-002
  3.000000000000000E-002
  3.000000000000000E-002
  3.000000000000000E-002
  3.000000000000000E-002
  3.000000000000000E-002
  3.000000000000000E-002
  3.000000000000000E-002
  3.000000000000000E-002
  3.000000000000000E-002
  3.000000000000000E-002
  3.000000000000000E-002
  3.000000000000000E-002
  3.000000000000000E-002
  3.000000000000000E-002
  3.000000000000000E-002
  3.000000000000000E-002
  3.000000000000000E-002
  3.000000000000000E-002
  3.000000000000000E-002
  3.000000000000000E-002
  3.000000000000000E-002
  3.000000000000000E-002
  3.000000000000000E-002
  3.000000000000000E-002
  3.000000000000000E-002
  3.000000000000000E-002
  3.000000000000000E-002
  3.000000000000000E-002
  3.000000000000000E-002
  3.000000000000000E-002
  3.000000000000000E-002
  3.000000000000000E-002
  3.000000000000000E-002
  3.000000000000000E-002
  3.000000000000000E-002
  3.000000000000000E-002
  3.000000000000000E-002
  3.000000000000000E-002
  3.000000000000000E-002
  3.000000000000000E-002
  3.000000000000000E-002
  3.000000000000000E-002
  3.000000000000000E-002
  3.000000000000000E-002
  3.000000000000000E-002
  3.000000000000000E-002
  3.000000000000000E-002
  3.000000000000000E-002
  3.000000000000000E-002
  3.000000000000000E-002
  3.000000000000000E-002
  3.000000000000000E-002
  3.000000000000000E-002
  3.000000000000000E-002
  3.000000000000000E-002
  3.000000000000000E-002
  3.000000000000000E-002
  3.000000000000000E-002
  3.000000000000000E-002
  3.000000000000000E-002
  3.000000000000000E-002
  3.000000000000000E-002
  3.000000000000000E-002
  3.000000000000000E-002
  3.000000000000000E-002
  3.000000000000000E-002
  3.000000000000000E-002
  3.000000000000000E-002
  3.000000000000000E-002
  3.000000000000000E-002
  3.000000000000000E-002
  3.000000000000000E-002
  3.000000000000000E-002
  3.000000000000000E-002
  3.000000000000000E-002
  3.000000000000000E-002
  3.000000000000000E-002
  3.000000000000000E-002
  3.000000000000000E-002
  3.000000000000000E-002
  3.000000000000000E-002
  3.000000000000000E-002
  3.000000000000000E-002
  3.000000000000000E-002
  3.000000000000000E-002
  3.000000000000000E-002
  3.000000000000000E-002
  3.000000000000000E-002
  3.000000000000000E-002
  3.000000000000000E-002
  3.000000000000000E-002
  3.000000000000000E-002
  3.000000000000000E-002
  3.000000000000000E-002
  3.000000000000000E-002
  3.000000000000000E-002
  3.000000000000000E-002
  3.000000000000000E-002
  3.000000000000000E-002
  3.000000000000000E-002
  3.000000000000000E-002
  3.000000000000000E-002
  3.000000000000000E-002
  3.000000000000000E-002
  3.000000000000000E-002
  3.000000000000000E-002
  3.000000000000000E-002
  3.000000000000000E-002
  3.000000000000000E-002
  3.000000000000000E-002
  3.000000000000000E-002
  3.000000000000000E-002
  3.000000000000000E-002
  3.000000000000000E-002
  3.000000000000000E-002
  3.000000000000000E-002
  3.000000000000000E-002
  3.000000000000000E-002
  3.000000000000000E-002
  3.000000000000000E-002
  3.000000000000000E-002
  3.000000000000000E-002
  3.000000000000000E-002
  3.000000000000000E-002
  3.000000000000000E-002
  3.000000000000000E-002
  3.000000000000000E-002
  3.000000000000000E-002
  3.000000000000000E-002
  3.000000000000000E-002
  3.000000000000000E-002
  3.000000000000000E-002
  3.000000000000000E-002
  3.000000000000000E-002
  3.000000000000000E-002
  3.000000000000000E-002
  3.000000000000000E-002
  3.000000000000000E-002
  3.000000000000000E-002
  3.000000000000000E-002
  3.000000000000000E-002
  3.000000000000000E-002
  3.000000000000000E-002
  3.000000000000000E-002
  3.000000000000000E-002
  3.000000000000000E-002
  3.000000000000000E-002
  3.000000000000000E-002
  3.000000000000000E-002
  3.000000000000000E-002
  3.000000000000000E-002
  3.000000000000000E-002
  3.000000000000000E-002
  3.000000000000000E-002
  3.000000000000000E-002
  3.000000000000000E-002
  3.000000000000000E-002
  3.000000000000000E-002
  3.000000000000000E-002
  3.000000000000000E-002
