           3
 2 1 2
   9   2   7
  0.000000000  0.000000000  0.000000000  0.250000000  0.250000000  0.500000000  0.500000000  0.750000000  0.750000000  1.000000000  1.000000000  1.000000000
  0.000000000  0.000000000  1.000000000  1.000000000
  0.504439746  0.504439746  0.504439746  0.505031712  0.505623679  0.506215645  0.506807611  0.507399577  0.507399577  0.507399577
  0.308939941000E+00 -0.380298576290E+02  0.200786998510E+02  0.100000000000E+01
  0.308939941000E+00 -0.380298576290E+02  0.200786998510E+02  0.707106133758E+00
  0.308939941000E+00 -0.380298576290E+02  0.200786998510E+02  0.100000000000E+01
  0.308939941000E+00 -0.380298576290E+02  0.200786998510E+02  0.707106635221E+00
  0.308939941000E+00 -0.380298576290E+02  0.200786998510E+02  0.100000000000E+01
  0.308939941000E+00 -0.380298576290E+02  0.200786998510E+02  0.707106992841E+00
  0.308939941000E+00 -0.380298576290E+02  0.200786998510E+02  0.100000000000E+01
  0.308939941000E+00 -0.380298576290E+02  0.200786998510E+02  0.707106665552E+00
  0.308939941000E+00 -0.380298576290E+02  0.200786998510E+02  0.100000000000E+01
  0.426387569000E+00 -0.384526690980E+02  0.203194667970E+02  0.100000000000E+01
  0.385717431000E+00 -0.381955517250E+02  0.207536948390E+02  0.707106133758E+00
  0.263546199000E+00 -0.377286805770E+02  0.206297386220E+02  0.100000000000E+01
  0.119643869000E+00 -0.372056251140E+02  0.203581497900E+02  0.707106635221E+00
  0.168387748000E+00 -0.375238697520E+02  0.197905671620E+02  0.100000000000E+01
  0.796293628000E+00 -0.373982598490E+02  0.197236260060E+02  0.707106992841E+00
  0.107930809200E+01 -0.378658374210E+02  0.199909452110E+02  0.100000000000E+01
  0.110307962400E+01 -0.384101464890E+02  0.203000170790E+02  0.707106665552E+00
  0.426387569000E+00 -0.384526690980E+02  0.203194667970E+02  0.100000000000E+01
  0.471269718000E+00 -0.379071578740E+02  0.201889887160E+02  0.100000000000E+01
  0.471269718000E+00 -0.379071578740E+02  0.201889887160E+02  0.707107727141E+00
  0.471269718000E+00 -0.379071578740E+02  0.201889887160E+02  0.100000000000E+01
  0.471269718000E+00 -0.379071578740E+02  0.201889887160E+02  0.707106888046E+00
  0.471269718000E+00 -0.379071578740E+02  0.201889887160E+02  0.100000000000E+01
  0.471269718000E+00 -0.379071578740E+02  0.201889887160E+02  0.707106329726E+00
  0.471269718000E+00 -0.379071578740E+02  0.201889887160E+02  0.100000000000E+01
  0.471269718000E+00 -0.379071578740E+02  0.201889887160E+02  0.707106900305E+00
  0.471269718000E+00 -0.379071578740E+02  0.201889887160E+02  0.100000000000E+01
  0.599709833000E+00 -0.382858242680E+02  0.204269072740E+02  0.100000000000E+01
  0.506108889000E+00 -0.380289242530E+02  0.207273891440E+02  0.707107727141E+00
  0.379403738000E+00 -0.376609145900E+02  0.206305010300E+02  0.100000000000E+01
  0.233791684000E+00 -0.372329287750E+02  0.203932750810E+02  0.707106888046E+00
  0.322097511000E+00 -0.374673693290E+02  0.199126685800E+02  0.100000000000E+01
  0.829303351000E+00 -0.374226179780E+02  0.198031784310E+02  0.707106329726E+00
  0.107225398100E+01 -0.378055945670E+02  0.200261944470E+02  0.100000000000E+01
  0.115528570600E+01 -0.382592746640E+02  0.203222804670E+02  0.707106900305E+00
  0.599709833000E+00 -0.382858242680E+02  0.204269072740E+02  0.100000000000E+01
  0.634710656000E+00 -0.377828179740E+02  0.202957410350E+02  0.100000000000E+01
  0.634710656000E+00 -0.377828179740E+02  0.202957410350E+02  0.707105786561E+00
  0.634710656000E+00 -0.377828179740E+02  0.202957410350E+02  0.100000000000E+01
  0.634710656000E+00 -0.377828179740E+02  0.202957410350E+02  0.707106680507E+00
  0.634710656000E+00 -0.377828179740E+02  0.202957410350E+02  0.100000000000E+01
  0.634710656000E+00 -0.377828179740E+02  0.202957410350E+02  0.707107441918E+00
  0.634710656000E+00 -0.377828179740E+02  0.202957410350E+02  0.100000000000E+01
  0.634710656000E+00 -0.377828179740E+02  0.202957410350E+02  0.707106689949E+00
  0.634710656000E+00 -0.377828179740E+02  0.202957410350E+02  0.100000000000E+01
  0.753733051000E+00 -0.381192881710E+02  0.205115455760E+02  0.100000000000E+01
  0.635883754000E+00 -0.378877639710E+02  0.207222526050E+02  0.707105786561E+00
  0.517928640000E+00 -0.375905867150E+02  0.206598634130E+02  0.100000000000E+01
  0.390146900000E+00 -0.372360263000E+02  0.204560377740E+02  0.707106680507E+00
  0.500131106000E+00 -0.374023681320E+02  0.200517272470E+02  0.100000000000E+01
  0.905434444000E+00 -0.374129910840E+02  0.199187999160E+02  0.707107441918E+00
  0.109453121600E+01 -0.377425434400E+02  0.201049303250E+02  0.100000000000E+01
  0.116619811800E+01 -0.380984952170E+02  0.203521089880E+02  0.707106689949E+00
  0.753733051000E+00 -0.381192881710E+02  0.205115455760E+02  0.100000000000E+01
  0.799387896000E+00 -0.376566075290E+02  0.203983135370E+02  0.100000000000E+01
  0.799387896000E+00 -0.376566075290E+02  0.203983135370E+02  0.707107157215E+00
  0.799387896000E+00 -0.376566075290E+02  0.203983135370E+02  0.100000000000E+01
  0.799387896000E+00 -0.376566075290E+02  0.203983135370E+02  0.707105661443E+00
  0.799387896000E+00 -0.376566075290E+02  0.203983135370E+02  0.100000000000E+01
  0.799387896000E+00 -0.376566075290E+02  0.203983135370E+02  0.707106095847E+00
  0.799387896000E+00 -0.376566075290E+02  0.203983135370E+02  0.100000000000E+01
  0.799387896000E+00 -0.376566075290E+02  0.203983135370E+02  0.707107433052E+00
  0.799387896000E+00 -0.376566075290E+02  0.203983135370E+02  0.100000000000E+01
  0.906147892000E+00 -0.379440705460E+02  0.205871325970E+02  0.100000000000E+01
  0.778260430000E+00 -0.377549271010E+02  0.207699975710E+02  0.707107157215E+00
  0.662990261000E+00 -0.375003829120E+02  0.207132751470E+02  0.100000000000E+01
  0.543209210000E+00 -0.371862125760E+02  0.205234389550E+02  0.707105661443E+00
  0.679016577000E+00 -0.373324967920E+02  0.201854211660E+02  0.100000000000E+01
  0.101013820800E+01 -0.373713699000E+02  0.200276025320E+02  0.707106095847E+00
  0.116530513700E+01 -0.376586817720E+02  0.201882642380E+02  0.100000000000E+01
  0.120726388600E+01 -0.379300584600E+02  0.204005771540E+02  0.707107433052E+00
  0.906147892000E+00 -0.379440705460E+02  0.205871325970E+02  0.100000000000E+01
  0.965446065000E+00 -0.375282401380E+02  0.204958548450E+02  0.100000000000E+01
  0.965446065000E+00 -0.375282401380E+02  0.204958548450E+02  0.707107484758E+00
  0.965446065000E+00 -0.375282401380E+02  0.204958548450E+02  0.100000000000E+01
  0.965446065000E+00 -0.375282401380E+02  0.204958548450E+02  0.707106868330E+00
  0.965446065000E+00 -0.375282401380E+02  0.204958548450E+02  0.100000000000E+01
  0.965446065000E+00 -0.375282401380E+02  0.204958548450E+02  0.707106197400E+00
  0.965446065000E+00 -0.375282401380E+02  0.204958548450E+02  0.100000000000E+01
  0.965446065000E+00 -0.375282401380E+02  0.204958548450E+02  0.707106744046E+00
  0.965446065000E+00 -0.375282401380E+02  0.204958548450E+02  0.100000000000E+01
  0.105961338700E+01 -0.377676519780E+02  0.206575795770E+02  0.100000000000E+01
  0.926590311000E+00 -0.376298186400E+02  0.208483652730E+02  0.707107484758E+00
  0.811488771000E+00 -0.373981018790E+02  0.207781530150E+02  0.100000000000E+01
  0.704664960000E+00 -0.371250883290E+02  0.205917129690E+02  0.707106868330E+00
  0.848591990000E+00 -0.372311495040E+02  0.202951685890E+02  0.100000000000E+01
  0.114095219200E+01 -0.373019566960E+02  0.201096615040E+02  0.707106197400E+00
  0.127651036700E+01 -0.375655106730E+02  0.202595575780E+02  0.100000000000E+01
  0.134936290400E+01 -0.378373121580E+02  0.204732026120E+02  0.707106744046E+00
  0.105961338700E+01 -0.377676519780E+02  0.206575795770E+02  0.100000000000E+01
  0.113304888000E+01 -0.373973545950E+02  0.205872027990E+02  0.100000000000E+01
  0.113304888000E+01 -0.373973545950E+02  0.205872027990E+02  0.707105339461E+00
  0.113304888000E+01 -0.373973545950E+02  0.205872027990E+02  0.100000000000E+01
  0.113304888000E+01 -0.373973545950E+02  0.205872027990E+02  0.707107281989E+00
  0.113304888000E+01 -0.373973545950E+02  0.205872027990E+02  0.100000000000E+01
  0.113304888000E+01 -0.373973545950E+02  0.205872027990E+02  0.707107845788E+00
  0.113304888000E+01 -0.373973545950E+02  0.205872027990E+02  0.100000000000E+01
  0.113304888000E+01 -0.373973545950E+02  0.205872027990E+02  0.707106652488E+00
  0.113304888000E+01 -0.373973545950E+02  0.205872027990E+02  0.100000000000E+01
  0.121976994500E+01 -0.376031227550E+02  0.207309445500E+02  0.100000000000E+01
  0.109077202100E+01 -0.374932506150E+02  0.208777358360E+02  0.707105339461E+00
  0.979211555000E+00 -0.372985403640E+02  0.208214662410E+02  0.100000000000E+01
  0.830468316000E+00 -0.370031556640E+02  0.206806863160E+02  0.707107281989E+00
  0.101196180700E+01 -0.371100430590E+02  0.203864970320E+02  0.100000000000E+01
  0.126769238300E+01 -0.372077944420E+02  0.201687187900E+02  0.707107845788E+00
  0.140715826000E+01 -0.374716959440E+02  0.203154085730E+02  0.100000000000E+01
  0.144221682200E+01 -0.376857465420E+02  0.205384787400E+02  0.707106652488E+00
  0.121976994500E+01 -0.376031227550E+02  0.207309445500E+02  0.100000000000E+01
  0.130237099000E+01 -0.372634895550E+02  0.206707099580E+02  0.100000000000E+01
  0.130237099000E+01 -0.372634895550E+02  0.206707099580E+02  0.707105417473E+00
  0.130237099000E+01 -0.372634895550E+02  0.206707099580E+02  0.100000000000E+01
  0.130237099000E+01 -0.372634895550E+02  0.206707099580E+02  0.707107959391E+00
  0.130237099000E+01 -0.372634895550E+02  0.206707099580E+02  0.100000000000E+01
  0.130237099000E+01 -0.372634895550E+02  0.206707099580E+02  0.707107477481E+00
  0.130237099000E+01 -0.372634895550E+02  0.206707099580E+02  0.100000000000E+01
  0.130237099000E+01 -0.372634895550E+02  0.206707099580E+02  0.707106270402E+00
  0.130237099000E+01 -0.372634895550E+02  0.206707099580E+02  0.100000000000E+01
  0.136411382400E+01 -0.373980153760E+02  0.207686381830E+02  0.100000000000E+01
  0.126602976400E+01 -0.373219039640E+02  0.208495592780E+02  0.707105417473E+00
  0.117826687700E+01 -0.372021589400E+02  0.208332059580E+02  0.100000000000E+01
  0.976495874000E+00 -0.368996606650E+02  0.207488617400E+02  0.707107959391E+00
  0.115733521800E+01 -0.369474815380E+02  0.204406722630E+02  0.100000000000E+01
  0.137960503700E+01 -0.371114008710E+02  0.202425871710E+02  0.707107477481E+00
  0.152781169800E+01 -0.373748972400E+02  0.203755278700E+02  0.100000000000E+01
  0.154764217600E+01 -0.375292605100E+02  0.205980267780E+02  0.707106270402E+00
  0.136411382400E+01 -0.373980153760E+02  0.207686381830E+02  0.100000000000E+01
           1
           2
           3
           4
           5
           6
           7
           8
           9
          10
          11
          12
          13
          14
          15
          16
          17
          18
          19
          20
          21
          22
          23
          24
          25
          26
          27
          28
          29
          30
          31
          32
          33
          34
          35
          36
          37
          38
          39
          40
          41
          42
          43
          44
          45
          46
          47
          48
          49
          50
          51
          52
          53
          54
          55
          56
          57
          58
          59
          60
          61
          62
          63
          64
          65
          66
          67
          68
          69
          70
          71
          72
          73
          74
          75
          76
          77
          78
          79
          80
          81
          82
          83
          84
          85
          86
          87
          88
          89
          90
          91
          92
          93
          94
          95
          96
          97
          98
          99
         100
         101
         102
         103
         104
         105
         106
         107
         108
         109
         110
         111
         112
         113
         114
         115
         116
         117
         118
         119
         120
         121
         122
         123
         124
         125
         126
 1 0 0
 0 0 0
 0 0 0
 0 0 0
 0 0 0
 0 0 0
 0 0 0
 0 0 0
 0 0 0
 0 0 0
 0 0 0
 0 0 0
 0 0 0
 0 0 0
 0 0 0
 0 0 0
 0 0 0
 0 0 0
 0 0 0
 0 0 0
 0 0 0
 0 0 0
 0 0 0
 0 0 0
 0 0 0
 0 0 0
 0 0 0
 0 0 0
 0 0 0
 0 0 0
 0 0 0
 0 0 0
 0 0 0
 0 0 0
 0 0 0
 0 0 0
 0 0 0
 0 0 0
 0 0 0
 0 0 0
 0 0 0
 0 0 0
 0 0 0
 0 0 0
 0 0 0
 0 0 0
 0 0 0
 0 0 0
 0 0 0
 0 0 0
 0 0 0
 0 0 0
 0 0 0
 0 0 0
 0 0 0
 0 0 0
 0 0 0
 0 0 0
 0 0 0
 0 0 0
 0 0 0
 0 0 0
 0 0 0
 0 0 0
 0 0 0
 0 0 0
 0 0 0
 0 0 0
 0 0 0
 0 0 0
 0 0 0
 0 0 0
 0 0 0
 0 0 0
 0 0 0
 0 0 0
 0 0 0
 0 0 0
 0 0 0
 0 0 0
 0 0 0
 0 0 0
 0 0 0
 0 0 0
 0 0 0
 0 0 0
 0 0 0
 0 0 0
 0 0 0
 0 0 0
 0 0 0
 0 0 0
 0 0 0
 0 0 0
 0 0 0
 0 0 0
 0 0 0
 0 0 0
 0 0 0
 0 0 0
 0 0 0
 0 0 0
 0 0 0
 0 0 0
 0 0 0
 0 0 0
 0 0 0
 0 0 0
 0 0 0
 0 0 0
 0 0 0
 0 0 0
 0 0 0
 0 0 0
 0 0 0
 0 0 0
 0 0 0
 0 0 0
 0 0 0
 0 0 0
 0 0 0
 0 0 0
 0 0 0
 0 0 0
 0 0 0
 0 0 0
 0 0 0
  0.000000000  0.000000000  0.000000000
  0.000000000  0.000000000  0.000000000
  0.000000000  0.000000000  0.000000000
  0.000000000  0.000000000  0.000000000
  0.000000000  0.000000000  0.000000000
  0.000000000  0.000000000  0.000000000
  0.000000000  0.000000000  0.000000000
  0.000000000  0.000000000  0.000000000
  0.000000000  0.000000000  0.000000000
  0.000000000  0.000000000  0.000000000
  0.000000000  0.000000000  0.000000000
  0.000000000  0.000000000  0.000000000
  0.000000000  0.000000000  0.000000000
  0.000000000  0.000000000  0.000000000
  0.000000000  0.000000000  0.000000000
  0.000000000  0.000000000  0.000000000
  0.000000000  0.000000000  0.000000000
  0.000000000  0.000000000  0.000000000
  0.000000000  0.000000000  0.000000000
  0.000000000  0.000000000  0.000000000
  0.000000000  0.000000000  0.000000000
  0.000000000  0.000000000  0.000000000
  0.000000000  0.000000000  0.000000000
  0.000000000  0.000000000  0.000000000
  0.000000000  0.000000000  0.000000000
  0.000000000  0.000000000  0.000000000
  0.000000000  0.000000000  0.000000000
  0.000000000  0.000000000  0.000000000
  0.000000000  0.000000000  0.000000000
  0.000000000  0.000000000  0.000000000
  0.000000000  0.000000000  0.000000000
  0.000000000  0.000000000  0.000000000
  0.000000000  0.000000000  0.000000000
  0.000000000  0.000000000  0.000000000
  0.000000000  0.000000000  0.000000000
  0.000000000  0.000000000  0.000000000
  0.000000000  0.000000000  0.000000000
  0.000000000  0.000000000  0.000000000
  0.000000000  0.000000000  0.000000000
  0.000000000  0.000000000  0.000000000
  0.000000000  0.000000000  0.000000000
  0.000000000  0.000000000  0.000000000
  0.000000000  0.000000000  0.000000000
  0.000000000  0.000000000  0.000000000
  0.000000000  0.000000000  0.000000000
  0.000000000  0.000000000  0.000000000
  0.000000000  0.000000000  0.000000000
  0.000000000  0.000000000  0.000000000
  0.000000000  0.000000000  0.000000000
  0.000000000  0.000000000  0.000000000
  0.000000000  0.000000000  0.000000000
  0.000000000  0.000000000  0.000000000
  0.000000000  0.000000000  0.000000000
  0.000000000  0.000000000  0.000000000
  0.000000000  0.000000000  0.000000000
  0.000000000  0.000000000  0.000000000
  0.000000000  0.000000000  0.000000000
  0.000000000  0.000000000  0.000000000
  0.000000000  0.000000000  0.000000000
  0.000000000  0.000000000  0.000000000
  0.000000000  0.000000000  0.000000000
  0.000000000  0.000000000  0.000000000
  0.000000000  0.000000000  0.000000000
  0.000000000  0.000000000  0.000000000
  0.000000000  0.000000000  0.000000000
  0.000000000  0.000000000  0.000000000
  0.000000000  0.000000000  0.000000000
  0.000000000  0.000000000  0.000000000
  0.000000000  0.000000000  0.000000000
  0.000000000  0.000000000  0.000000000
  0.000000000  0.000000000  0.000000000
  0.000000000  0.000000000  0.000000000
  0.000000000  0.000000000  0.000000000
  0.000000000  0.000000000  0.000000000
  0.000000000  0.000000000  0.000000000
  0.000000000  0.000000000  0.000000000
  0.000000000  0.000000000  0.000000000
  0.000000000  0.000000000  0.000000000
  0.000000000  0.000000000  0.000000000
  0.000000000  0.000000000  0.000000000
  0.000000000  0.000000000  0.000000000
  0.000000000  0.000000000  0.000000000
  0.000000000  0.000000000  0.000000000
  0.000000000  0.000000000  0.000000000
  0.000000000  0.000000000  0.000000000
  0.000000000  0.000000000  0.000000000
  0.000000000  0.000000000  0.000000000
  0.000000000  0.000000000  0.000000000
  0.000000000  0.000000000  0.000000000
  0.000000000  0.000000000  0.000000000
  0.000000000  0.000000000  0.000000000
  0.000000000  0.000000000  0.000000000
  0.000000000  0.000000000  0.000000000
  0.000000000  0.000000000  0.000000000
  0.000000000  0.000000000  0.000000000
  0.000000000  0.000000000  0.000000000
  0.000000000  0.000000000  0.000000000
  0.000000000  0.000000000  0.000000000
  0.000000000  0.000000000  0.000000000
  0.000000000  0.000000000  0.000000000
  0.000000000  0.000000000  0.000000000
  0.000000000  0.000000000  0.000000000
  0.000000000  0.000000000  0.000000000
  0.000000000  0.000000000  0.000000000
  0.000000000  0.000000000  0.000000000
  0.000000000  0.000000000  0.000000000
  0.000000000  0.000000000  0.000000000
  0.000000000  0.000000000  0.000000000
  0.000000000  0.000000000  0.000000000
  0.000000000  0.000000000  0.000000000
  0.000000000  0.000000000  0.000000000
  0.000000000  0.000000000  0.000000000
  0.000000000  0.000000000  0.000000000
  0.000000000  0.000000000  0.000000000
  0.000000000  0.000000000  0.000000000
  0.000000000  0.000000000  0.000000000
  0.000000000  0.000000000  0.000000000
  0.000000000  0.000000000  0.000000000
  0.000000000  0.000000000  0.000000000
  0.000000000  0.000000000  0.000000000
  0.000000000  0.000000000  0.000000000
  0.000000000  0.000000000  0.000000000
  0.000000000  0.000000000  0.000000000
  0.000000000  0.000000000  0.000000000
  0.000000000  0.000000000  0.000000000
  0.000000000  0.000000000  0.000000000
 0 0 0
 0 0 0
 0 0 0
 0 0 0
 0 0 0
 0 0 0
 0 0 0
 0 0 0
 0 0 0
 0 0 0
 0 0 0
 0 0 0
 0 0 0
 0 0 0
 0 0 0
 0 0 0
 0 0 0
 0 0 0
 0 0 0
 0 0 0
 0 0 0
 0 0 0
 0 0 0
 0 0 0
 0 0 0
 0 0 0
 0 0 0
 0 0 0
 0 0 0
 0 0 0
 0 0 0
 0 0 0
 0 0 0
 0 0 0
 0 0 0
 0 0 0
 0 0 0
 0 0 0
 0 0 0
 0 0 0
 0 0 0
 0 0 0
 0 0 0
 0 0 0
 0 0 0
 0 0 0
 0 0 0
 0 0 0
 0 0 0
 0 0 0
 0 0 0
 0 0 0
 0 0 0
 0 0 0
 0 0 0
 0 0 0
 0 0 0
 0 0 0
 0 0 0
 0 0 0
 0 0 0
 0 0 0
 0 0 0
 0 0 0
 0 0 0
 0 0 0
 0 0 0
 0 0 0
 0 0 0
 0 0 0
 0 0 0
 0 0 0
 0 0 0
 0 0 0
 0 0 0
 0 0 0
 0 0 0
 0 0 0
 0 0 0
 0 0 0
 0 0 0
 0 0 0
 0 0 0
 0 0 0
  0.000000000  0.000000000  0.000000000
  0.000000000  0.000000000  0.000000000
  0.000000000  0.000000000  0.000000000
  0.000000000  0.000000000  0.000000000
  0.000000000  0.000000000  0.000000000
  0.000000000  0.000000000  0.000000000
  0.000000000  0.000000000  0.000000000
  0.000000000  0.000000000  0.000000000
  0.000000000  0.000000000  0.000000000
  0.000000000  0.000000000  0.000000000
  0.000000000  0.000000000  0.000000000
  0.000000000  0.000000000  0.000000000
  0.000000000  0.000000000  0.000000000
  0.000000000  0.000000000  0.000000000
  0.000000000  0.000000000  0.000000000
  0.000000000  0.000000000  0.000000000
  0.000000000  0.000000000  0.000000000
  0.000000000  0.000000000  0.000000000
  0.000000000  0.000000000  0.000000000
  0.000000000  0.000000000  0.000000000
  0.000000000  0.000000000  0.000000000
  0.000000000  0.000000000  0.000000000
  0.000000000  0.000000000  0.000000000
  0.000000000  0.000000000  0.000000000
  0.000000000  0.000000000  0.000000000
  0.000000000  0.000000000  0.000000000
  0.000000000  0.000000000  0.000000000
  0.000000000  0.000000000  0.000000000
  0.000000000  0.000000000  0.000000000
  0.000000000  0.000000000  0.000000000
  0.000000000  0.000000000  0.000000000
  0.000000000  0.000000000  0.000000000
  0.000000000  0.000000000  0.000000000
  0.000000000  0.000000000  0.000000000
  0.000000000  0.000000000  0.000000000
  0.000000000  0.000000000  0.000000000
  0.000000000  0.000000000  0.000000000
  0.000000000  0.000000000  0.000000000
  0.000000000  0.000000000  0.000000000
  0.000000000  0.000000000  0.000000000
  0.000000000  0.000000000  0.000000000
  0.000000000  0.000000000  0.000000000
  0.000000000  0.000000000  0.000000000
  0.000000000  0.000000000  0.000000000
  0.000000000  0.000000000  0.000000000
  0.000000000  0.000000000  0.000000000
  0.000000000  0.000000000  0.000000000
  0.000000000  0.000000000  0.000000000
  0.000000000  0.000000000  0.000000000
  0.000000000  0.000000000  0.000000000
  0.000000000  0.000000000  0.000000000
  0.000000000  0.000000000  0.000000000
  0.000000000  0.000000000  0.000000000
  0.000000000  0.000000000  0.000000000
  0.000000000  0.000000000  0.000000000
  0.000000000  0.000000000  0.000000000
  0.000000000  0.000000000  0.000000000
  0.000000000  0.000000000  0.000000000
  0.000000000  0.000000000  0.000000000
  0.000000000  0.000000000  0.000000000
  0.000000000  0.000000000  0.000000000
  0.000000000  0.000000000  0.000000000
  0.000000000  0.000000000  0.000000000
  0.000000000  0.000000000  0.000000000
  0.000000000  0.000000000  0.000000000
  0.000000000  0.000000000  0.000000000
  0.000000000  0.000000000  0.000000000
  0.000000000  0.000000000  0.000000000
  0.000000000  0.000000000  0.000000000
  0.000000000  0.000000000  0.000000000
  0.000000000  0.000000000  0.000000000
  0.000000000  0.000000000  0.000000000
  0.000000000  0.000000000  0.000000000
  0.000000000  0.000000000  0.000000000
  0.000000000  0.000000000  0.000000000
  0.000000000  0.000000000  0.000000000
  0.000000000  0.000000000  0.000000000
  0.000000000  0.000000000  0.000000000
  0.000000000  0.000000000  0.000000000
  0.000000000  0.000000000  0.000000000
  0.000000000  0.000000000  0.000000000
  0.000000000  0.000000000  0.000000000
  0.000000000  0.000000000  0.000000000
  0.000000000  0.000000000  0.000000000
  0.000000000  0.000000000  0.000000000
  0.000000000  0.000000000  0.000000000
  0.000000000  0.000000000  0.000000000
  0.000000000  0.000000000  0.000000000
  0.000000000  0.000000000  0.000000000
  0.000000000  0.000000000  0.000000000
  0.000000000  0.000000000  0.000000000
  0.000000000  0.000000000  0.000000000
  0.000000000  0.000000000  0.000000000
  0.000000000  0.000000000  0.000000000
  0.000000000  0.000000000  0.000000000
  0.000000000  0.000000000  0.000000000
  0.000000000  0.000000000  0.000000000
  0.000000000  0.000000000  0.000000000
  0.000000000  0.000000000  0.000000000
  0.000000000  0.000000000  0.000000000
  0.000000000  0.000000000  0.000000000
  0.000000000  0.000000000  0.000000000
  0.000000000  0.000000000  0.000000000
  0.000000000  0.000000000  0.000000000
  0.000000000  0.000000000  0.000000000
  0.000000000  0.000000000  0.000000000
  0.000000000  0.000000000  0.000000000
  0.000000000  0.000000000  0.000000000
  0.000000000  0.000000000  0.000000000
  0.000000000  0.000000000  0.000000000
  0.000000000  0.000000000  0.000000000
  0.000000000  0.000000000  0.000000000
  0.000000000  0.000000000  0.000000000
  0.000000000  0.000000000  0.000000000
  0.000000000  0.000000000  0.000000000
  0.000000000  0.000000000  0.000000000
  0.000000000  0.000000000  0.000000000
  0.000000000  0.000000000  0.000000000
  0.000000000  0.000000000  0.000000000
   1.06000000000000     
   1.06000000000000     
   1.06000000000000     
   1.06000000000000     
   1.06000000000000     
   1.06000000000000     
   1.06000000000000     
   1.06000000000000     
   1.06000000000000     
   1.06000000000000     
   1.06000000000000     
   1.06000000000000     
   1.06000000000000     
   1.06000000000000     
   1.06000000000000     
   1.06000000000000     
   1.06000000000000     
   1.06000000000000     
   1.06000000000000     
   1.06000000000000     
   1.06000000000000     
   1.06000000000000     
   1.06000000000000     
   1.06000000000000     
   1.06000000000000     
   1.06000000000000     
   1.06000000000000     
   1.06000000000000     
   1.06000000000000     
   1.06000000000000     
   1.06000000000000     
   1.06000000000000     
   1.06000000000000     
   1.06000000000000     
   1.06000000000000     
  3.000000000000000E-002
  3.000000000000000E-002
  3.000000000000000E-002
  3.000000000000000E-002
  3.000000000000000E-002
  3.000000000000000E-002
  3.000000000000000E-002
  3.000000000000000E-002
  3.000000000000000E-002
  3.000000000000000E-002
  3.000000000000000E-002
  3.000000000000000E-002
  3.000000000000000E-002
  3.000000000000000E-002
  3.000000000000000E-002
  3.000000000000000E-002
  3.000000000000000E-002
  3.000000000000000E-002
  3.000000000000000E-002
  3.000000000000000E-002
  3.000000000000000E-002
  3.000000000000000E-002
  3.000000000000000E-002
  3.000000000000000E-002
  3.000000000000000E-002
  3.000000000000000E-002
  3.000000000000000E-002
  3.000000000000000E-002
  3.000000000000000E-002
  3.000000000000000E-002
  3.000000000000000E-002
  3.000000000000000E-002
  3.000000000000000E-002
  3.000000000000000E-002
  3.000000000000000E-002
