           3
 2 1 2
   9   2  16
  0.000000000  0.000000000  0.000000000  0.250000000  0.250000000  0.500000000  0.500000000  0.750000000  0.750000000  1.000000000  1.000000000  1.000000000
  0.000000000  0.000000000  1.000000000  1.000000000
  0.385623679  0.385623679  0.385623679  0.386106916  0.386590154  0.387073392  0.387556630  0.388039867  0.388523105  0.389006343  0.389489580  0.389972818  0.390456056  0.390939294  0.391422531  0.391905769  0.392389006  0.392389006  0.392389006
 -0.150210988180E+02 -0.249300710030E+02  0.369567022030E+02  0.100000000000E+01
 -0.150210988180E+02 -0.249300710030E+02  0.369567022030E+02  0.707106765463E+00
 -0.150210988180E+02 -0.249300710030E+02  0.369567022030E+02  0.100000000000E+01
 -0.150210988180E+02 -0.249300710030E+02  0.369567022030E+02  0.707106203477E+00
 -0.150210988180E+02 -0.249300710030E+02  0.369567022030E+02  0.100000000000E+01
 -0.150210988180E+02 -0.249300710030E+02  0.369567022030E+02  0.707106686299E+00
 -0.150210988180E+02 -0.249300710030E+02  0.369567022030E+02  0.100000000000E+01
 -0.150210988180E+02 -0.249300710030E+02  0.369567022030E+02  0.707106961910E+00
 -0.150210988180E+02 -0.249300710030E+02  0.369567022030E+02  0.100000000000E+01
 -0.149296740240E+02 -0.252631942920E+02  0.375367792210E+02  0.100000000000E+01
 -0.144211685970E+02 -0.255095182880E+02  0.371859843330E+02  0.707106765463E+00
 -0.142895219000E+02 -0.253508109200E+02  0.365997796650E+02  0.100000000000E+01
 -0.145362768120E+02 -0.249346388580E+02  0.361094779180E+02  0.707106203477E+00
 -0.151376532380E+02 -0.245053852090E+02  0.362171874000E+02  0.100000000000E+01
 -0.163666594860E+02 -0.248668727870E+02  0.357240161060E+02  0.707106686299E+00
 -0.164212136580E+02 -0.256039327020E+02  0.367903910540E+02  0.100000000000E+01
 -0.159373741490E+02 -0.260987605580E+02  0.379462143630E+02  0.707106961910E+00
 -0.149296740240E+02 -0.252631942920E+02  0.375367792210E+02  0.100000000000E+01
 -0.150344454930E+02 -0.251927270560E+02  0.368117756600E+02  0.100000000000E+01
 -0.150344454930E+02 -0.251927270560E+02  0.368117756600E+02  0.707106278650E+00
 -0.150344454930E+02 -0.251927270560E+02  0.368117756600E+02  0.100000000000E+01
 -0.150344454930E+02 -0.251927270560E+02  0.368117756600E+02  0.707106927434E+00
 -0.150344454930E+02 -0.251927270560E+02  0.368117756600E+02  0.100000000000E+01
 -0.150344454930E+02 -0.251927270560E+02  0.368117756600E+02  0.707106908750E+00
 -0.150344454930E+02 -0.251927270560E+02  0.368117756600E+02  0.100000000000E+01
 -0.150344454930E+02 -0.251927270560E+02  0.368117756600E+02  0.707106578306E+00
 -0.150344454930E+02 -0.251927270560E+02  0.368117756600E+02  0.100000000000E+01
 -0.149304513370E+02 -0.255506716090E+02  0.374456557430E+02  0.100000000000E+01
 -0.144041576690E+02 -0.256882348900E+02  0.371158436500E+02  0.707106278650E+00
 -0.143367397700E+02 -0.254571595280E+02  0.365479871100E+02  0.100000000000E+01
 -0.145307319520E+02 -0.250998856690E+02  0.360216409870E+02  0.707106927434E+00
 -0.151526675790E+02 -0.247858105710E+02  0.360911741340E+02  0.100000000000E+01
 -0.163067238610E+02 -0.251164315330E+02  0.356574897420E+02  0.707106908750E+00
 -0.163243878960E+02 -0.257946550980E+02  0.366835006160E+02  0.100000000000E+01
 -0.158873325580E+02 -0.262301983520E+02  0.377079517510E+02  0.707106578306E+00
 -0.149304513370E+02 -0.255506716090E+02  0.374456557430E+02  0.100000000000E+01
 -0.150296721860E+02 -0.254533966020E+02  0.366627435020E+02  0.100000000000E+01
 -0.150296721860E+02 -0.254533966020E+02  0.366627435020E+02  0.707106143924E+00
 -0.150296721860E+02 -0.254533966020E+02  0.366627435020E+02  0.100000000000E+01
 -0.150296721860E+02 -0.254533966020E+02  0.366627435020E+02  0.707107165392E+00
 -0.150296721860E+02 -0.254533966020E+02  0.366627435020E+02  0.100000000000E+01
 -0.150296721860E+02 -0.254533966020E+02  0.366627435020E+02  0.707107099272E+00
 -0.150296721860E+02 -0.254533966020E+02  0.366627435020E+02  0.100000000000E+01
 -0.150296721860E+02 -0.254533966020E+02  0.366627435020E+02  0.707106593769E+00
 -0.150296721860E+02 -0.254533966020E+02  0.366627435020E+02  0.100000000000E+01
 -0.149107793440E+02 -0.258489130130E+02  0.373540167630E+02  0.100000000000E+01
 -0.143159541120E+02 -0.259142346410E+02  0.370452451530E+02  0.707106143924E+00
 -0.143236595000E+02 -0.256099138090E+02  0.364517617090E+02  0.100000000000E+01
 -0.145262216350E+02 -0.252706613770E+02  0.359327835940E+02  0.707107165392E+00
 -0.151523134110E+02 -0.250454119060E+02  0.359496792910E+02  0.100000000000E+01
 -0.162367791410E+02 -0.253412688820E+02  0.355952937580E+02  0.707107099272E+00
 -0.162272413690E+02 -0.259758407030E+02  0.365697941940E+02  0.100000000000E+01
 -0.158241074900E+02 -0.263748887900E+02  0.374775548360E+02  0.707106593769E+00
 -0.149107793440E+02 -0.258489130130E+02  0.373540167630E+02  0.100000000000E+01
 -0.150099725060E+02 -0.257116632710E+02  0.365107584390E+02  0.100000000000E+01
 -0.150099725060E+02 -0.257116632710E+02  0.365107584390E+02  0.707106740355E+00
 -0.150099725060E+02 -0.257116632710E+02  0.365107584390E+02  0.100000000000E+01
 -0.150099725060E+02 -0.257116632710E+02  0.365107584390E+02  0.707107014627E+00
 -0.150099725060E+02 -0.257116632710E+02  0.365107584390E+02  0.100000000000E+01
 -0.150099725060E+02 -0.257116632710E+02  0.365107584390E+02  0.707107072694E+00
 -0.150099725060E+02 -0.257116632710E+02  0.365107584390E+02  0.100000000000E+01
 -0.150099725060E+02 -0.257116632710E+02  0.365107584390E+02  0.707106808760E+00
 -0.150099725060E+02 -0.257116632710E+02  0.365107584390E+02  0.100000000000E+01
 -0.148769085460E+02 -0.261385011820E+02  0.372497459290E+02  0.100000000000E+01
 -0.142180966720E+02 -0.261186370880E+02  0.369533751890E+02  0.707106740355E+00
 -0.142606885820E+02 -0.257775696690E+02  0.363377729500E+02  0.100000000000E+01
 -0.144924125690E+02 -0.254487096810E+02  0.358193131100E+02  0.707107014627E+00
 -0.151415431220E+02 -0.252896175740E+02  0.357800630780E+02  0.100000000000E+01
 -0.161265129740E+02 -0.255783528840E+02  0.355731035530E+02  0.707107072694E+00
 -0.161399028200E+02 -0.261615095720E+02  0.364543862110E+02  0.100000000000E+01
 -0.157648607620E+02 -0.265434774120E+02  0.372840016460E+02  0.707106808760E+00
 -0.148769085460E+02 -0.261385011820E+02  0.372497459290E+02  0.100000000000E+01
 -0.149777435640E+02 -0.259673751020E+02  0.363565945090E+02  0.100000000000E+01
 -0.149777435640E+02 -0.259673751020E+02  0.363565945090E+02  0.707106785584E+00
 -0.149777435640E+02 -0.259673751020E+02  0.363565945090E+02  0.100000000000E+01
 -0.149777435640E+02 -0.259673751020E+02  0.363565945090E+02  0.707107164502E+00
 -0.149777435640E+02 -0.259673751020E+02  0.363565945090E+02  0.100000000000E+01
 -0.149777435640E+02 -0.259673751020E+02  0.363565945090E+02  0.707106692169E+00
 -0.149777435640E+02 -0.259673751020E+02  0.363565945090E+02  0.100000000000E+01
 -0.149777435640E+02 -0.259673751020E+02  0.363565945090E+02  0.707106476167E+00
 -0.149777435640E+02 -0.259673751020E+02  0.363565945090E+02  0.100000000000E+01
 -0.148364891100E+02 -0.264039356140E+02  0.371073749730E+02  0.100000000000E+01
 -0.140539617340E+02 -0.263385416150E+02  0.369051864410E+02  0.707106785584E+00
 -0.142114768970E+02 -0.259422957570E+02  0.362270094650E+02  0.100000000000E+01
 -0.144428873710E+02 -0.256170225180E+02  0.356817021860E+02  0.707107164502E+00
 -0.151162463130E+02 -0.255393158640E+02  0.356204345410E+02  0.100000000000E+01
 -0.160369929120E+02 -0.258103883340E+02  0.355180053560E+02  0.707106692169E+00
 -0.160421485750E+02 -0.263451437340E+02  0.363371909990E+02  0.100000000000E+01
 -0.157062164880E+02 -0.267364867870E+02  0.371282251970E+02  0.707106476167E+00
 -0.148364891100E+02 -0.264039356140E+02  0.371073749730E+02  0.100000000000E+01
 -0.149348081750E+02 -0.262205100770E+02  0.362007870060E+02  0.100000000000E+01
 -0.149348081750E+02 -0.262205100770E+02  0.362007870060E+02  0.707106882505E+00
 -0.149348081750E+02 -0.262205100770E+02  0.362007870060E+02  0.100000000000E+01
 -0.149348081750E+02 -0.262205100770E+02  0.362007870060E+02  0.707106972692E+00
 -0.149348081750E+02 -0.262205100770E+02  0.362007870060E+02  0.100000000000E+01
 -0.149348081750E+02 -0.262205100770E+02  0.362007870060E+02  0.707106646856E+00
 -0.149348081750E+02 -0.262205100770E+02  0.362007870060E+02  0.100000000000E+01
 -0.149348081750E+02 -0.262205100770E+02  0.362007870060E+02  0.707106719470E+00
 -0.149348081750E+02 -0.262205100770E+02  0.362007870060E+02  0.100000000000E+01
 -0.147831688010E+02 -0.266720501210E+02  0.369737965160E+02  0.100000000000E+01
 -0.139815298760E+02 -0.265091313150E+02  0.368101617940E+02  0.707106882505E+00
 -0.141326228120E+02 -0.261026254350E+02  0.361122848120E+02  0.100000000000E+01
 -0.143985833340E+02 -0.257894257260E+02  0.355544620990E+02  0.707106972692E+00
 -0.150793660000E+02 -0.257900555430E+02  0.354638722230E+02  0.100000000000E+01
 -0.159559554790E+02 -0.260425588060E+02  0.354502371040E+02  0.707106646856E+00
 -0.159634355530E+02 -0.265376960500E+02  0.362172914250E+02  0.100000000000E+01
 -0.156392739700E+02 -0.269245800460E+02  0.369697040450E+02  0.707106719470E+00
 -0.147831688010E+02 -0.266720501210E+02  0.369737965160E+02  0.100000000000E+01
 -0.148825715600E+02 -0.264711072340E+02  0.360437164630E+02  0.100000000000E+01
 -0.148825715600E+02 -0.264711072340E+02  0.360437164630E+02  0.707106904688E+00
 -0.148825715600E+02 -0.264711072340E+02  0.360437164630E+02  0.100000000000E+01
 -0.148825715600E+02 -0.264711072340E+02  0.360437164630E+02  0.707106869835E+00
 -0.148825715600E+02 -0.264711072340E+02  0.360437164630E+02  0.100000000000E+01
 -0.148825715600E+02 -0.264711072340E+02  0.360437164630E+02  0.707106573764E+00
 -0.148825715600E+02 -0.264711072340E+02  0.360437164630E+02  0.100000000000E+01
 -0.148825715600E+02 -0.264711072340E+02  0.360437164630E+02  0.707106776459E+00
 -0.148825715600E+02 -0.264711072340E+02  0.360437164630E+02  0.100000000000E+01
 -0.147231130620E+02 -0.269287820640E+02  0.368249837180E+02  0.100000000000E+01
 -0.139195073270E+02 -0.266794757970E+02  0.367186391370E+02  0.707106904688E+00
 -0.140710341840E+02 -0.262605069240E+02  0.360014520520E+02  0.100000000000E+01
 -0.143393476110E+02 -0.259503326180E+02  0.354145254990E+02  0.707106869835E+00
 -0.150322874600E+02 -0.260413940230E+02  0.353101798030E+02  0.100000000000E+01
 -0.158817600010E+02 -0.262584825900E+02  0.353491091340E+02  0.707106573764E+00
 -0.158790029340E+02 -0.267296897370E+02  0.360956100170E+02  0.100000000000E+01
 -0.155718410460E+02 -0.271163741360E+02  0.368175128020E+02  0.707106776459E+00
 -0.147231130620E+02 -0.269287820640E+02  0.368249837180E+02  0.100000000000E+01
 -0.148221303460E+02 -0.267192307080E+02  0.358856603040E+02  0.100000000000E+01
 -0.148221303460E+02 -0.267192307080E+02  0.358856603040E+02  0.707107370924E+00
 -0.148221303460E+02 -0.267192307080E+02  0.358856603040E+02  0.100000000000E+01
 -0.148221303460E+02 -0.267192307080E+02  0.358856603040E+02  0.707106231682E+00
 -0.148221303460E+02 -0.267192307080E+02  0.358856603040E+02  0.100000000000E+01
 -0.148221303460E+02 -0.267192307080E+02  0.358856603040E+02  0.707106261748E+00
 -0.148221303460E+02 -0.267192307080E+02  0.358856603040E+02  0.100000000000E+01
 -0.148221303460E+02 -0.267192307080E+02  0.358856603040E+02  0.707107260393E+00
 -0.148221303460E+02 -0.267192307080E+02  0.358856603040E+02  0.100000000000E+01
 -0.146556234810E+02 -0.271801723970E+02  0.366713202020E+02  0.100000000000E+01
 -0.138050300720E+02 -0.269127737380E+02  0.365994973680E+02  0.707107370924E+00
 -0.139961553580E+02 -0.264815009750E+02  0.358500855820E+02  0.100000000000E+01
 -0.142895699370E+02 -0.261855234090E+02  0.352700044420E+02  0.707106231682E+00
 -0.149776519580E+02 -0.262886988610E+02  0.351518363210E+02  0.100000000000E+01
 -0.157603373770E+02 -0.265446585400E+02  0.352333637060E+02  0.707106261748E+00
 -0.157646853370E+02 -0.269905141500E+02  0.359262596280E+02  0.100000000000E+01
 -0.154937900650E+02 -0.273802040140E+02  0.366432195300E+02  0.707107260393E+00
 -0.146556234810E+02 -0.271801723970E+02  0.366713202020E+02  0.100000000000E+01
 -0.147543485620E+02 -0.269649505760E+02  0.357268254910E+02  0.100000000000E+01
 -0.147543485620E+02 -0.269649505760E+02  0.357268254910E+02  0.707106787291E+00
 -0.147543485620E+02 -0.269649505760E+02  0.357268254910E+02  0.100000000000E+01
 -0.147543485620E+02 -0.269649505760E+02  0.357268254910E+02  0.707106606814E+00
 -0.147543485620E+02 -0.269649505760E+02  0.357268254910E+02  0.100000000000E+01
 -0.147543485620E+02 -0.269649505760E+02  0.357268254910E+02  0.707106836805E+00
 -0.147543485620E+02 -0.269649505760E+02  0.357268254910E+02  0.100000000000E+01
 -0.147543485620E+02 -0.269649505760E+02  0.357268254910E+02  0.707106893836E+00
 -0.147543485620E+02 -0.269649505760E+02  0.357268254910E+02  0.100000000000E+01
 -0.145840963300E+02 -0.274198714390E+02  0.365019203070E+02  0.100000000000E+01
 -0.137075901530E+02 -0.271365811480E+02  0.364588269610E+02  0.707106787291E+00
 -0.139251540740E+02 -0.267044525360E+02  0.356975823520E+02  0.100000000000E+01
 -0.142137743060E+02 -0.263993584040E+02  0.350997194260E+02  0.707106606814E+00
 -0.149099726030E+02 -0.265491179240E+02  0.350183294720E+02  0.100000000000E+01
 -0.156658374800E+02 -0.268068597840E+02  0.350761456560E+02  0.707106836805E+00
 -0.156581558970E+02 -0.272488887010E+02  0.357587004500E+02  0.100000000000E+01
 -0.154142429090E+02 -0.276397507190E+02  0.364683328490E+02  0.707106893836E+00
 -0.145840963300E+02 -0.274198714390E+02  0.365019203070E+02  0.100000000000E+01
 -0.146799109810E+02 -0.272083324930E+02  0.355673696730E+02  0.100000000000E+01
 -0.146799109810E+02 -0.272083324930E+02  0.355673696730E+02  0.707107426618E+00
 -0.146799109810E+02 -0.272083324930E+02  0.355673696730E+02  0.100000000000E+01
 -0.146799109810E+02 -0.272083324930E+02  0.355673696730E+02  0.707106464274E+00
 -0.146799109810E+02 -0.272083324930E+02  0.355673696730E+02  0.100000000000E+01
 -0.146799109810E+02 -0.272083324930E+02  0.355673696730E+02  0.707106151297E+00
 -0.146799109810E+02 -0.272083324930E+02  0.355673696730E+02  0.100000000000E+01
 -0.146799109810E+02 -0.272083324930E+02  0.355673696730E+02  0.707107082559E+00
 -0.146799109810E+02 -0.272083324930E+02  0.355673696730E+02  0.100000000000E+01
 -0.145048244670E+02 -0.276602535550E+02  0.363377808230E+02  0.100000000000E+01
 -0.136573154990E+02 -0.273622802670E+02  0.362974984280E+02  0.707107426618E+00
 -0.138492903350E+02 -0.269267654390E+02  0.355437680760E+02  0.100000000000E+01
 -0.141382646760E+02 -0.266208976300E+02  0.349395475930E+02  0.707106464274E+00
 -0.148373744290E+02 -0.268018964630E+02  0.348745033580E+02  0.100000000000E+01
 -0.155684982580E+02 -0.270727416700E+02  0.349301701640E+02  0.707106151297E+00
 -0.155338190930E+02 -0.274977930890E+02  0.355916361370E+02  0.100000000000E+01
 -0.153427314160E+02 -0.279144330630E+02  0.363163101280E+02  0.707107082559E+00
 -0.145048244670E+02 -0.276602535550E+02  0.363377808230E+02  0.100000000000E+01
 -0.145993609090E+02 -0.274494314850E+02  0.354074155100E+02  0.100000000000E+01
 -0.145993609090E+02 -0.274494314850E+02  0.354074155100E+02  0.707107563425E+00
 -0.145993609090E+02 -0.274494314850E+02  0.354074155100E+02  0.100000000000E+01
 -0.145993609090E+02 -0.274494314850E+02  0.354074155100E+02  0.707106047838E+00
 -0.145993609090E+02 -0.274494314850E+02  0.354074155100E+02  0.100000000000E+01
 -0.145993609090E+02 -0.274494314850E+02  0.354074155100E+02  0.707105991392E+00
 -0.145993609090E+02 -0.274494314850E+02  0.354074155100E+02  0.100000000000E+01
 -0.145993609090E+02 -0.274494314850E+02  0.354074155100E+02  0.707107537326E+00
 -0.145993609090E+02 -0.274494314850E+02  0.354074155100E+02  0.100000000000E+01
 -0.144270238950E+02 -0.278760543310E+02  0.361968724290E+02  0.100000000000E+01
 -0.135957888130E+02 -0.275583102180E+02  0.361519094240E+02  0.707107563425E+00
 -0.137748280610E+02 -0.271504049930E+02  0.353890177710E+02  0.100000000000E+01
 -0.140725487210E+02 -0.267912484140E+02  0.348046289750E+02  0.707106047838E+00
 -0.147780162050E+02 -0.269968439480E+02  0.347567910970E+02  0.100000000000E+01
 -0.154653157260E+02 -0.272853948340E+02  0.348218428900E+02  0.707105991392E+00
 -0.153988259430E+02 -0.277393687220E+02  0.354252571800E+02  0.100000000000E+01
 -0.152495571930E+02 -0.281352626790E+02  0.361518208700E+02  0.707107537326E+00
 -0.144270238950E+02 -0.278760543310E+02  0.361968724290E+02  0.100000000000E+01
 -0.145131268080E+02 -0.276882883940E+02  0.352470602640E+02  0.100000000000E+01
 -0.145131268080E+02 -0.276882883940E+02  0.352470602640E+02  0.707106476875E+00
 -0.145131268080E+02 -0.276882883940E+02  0.352470602640E+02  0.100000000000E+01
 -0.145131268080E+02 -0.276882883940E+02  0.352470602640E+02  0.707107529189E+00
 -0.145131268080E+02 -0.276882883940E+02  0.352470602640E+02  0.100000000000E+01
 -0.145131268080E+02 -0.276882883940E+02  0.352470602640E+02  0.707107062892E+00
 -0.145131268080E+02 -0.276882883940E+02  0.352470602640E+02  0.100000000000E+01
 -0.145131268080E+02 -0.276882883940E+02  0.352470602640E+02  0.707105981763E+00
 -0.145131268080E+02 -0.276882883940E+02  0.352470602640E+02  0.100000000000E+01
 -0.143451134280E+02 -0.280889427000E+02  0.360545741820E+02  0.100000000000E+01
 -0.135053193350E+02 -0.277500124690E+02  0.360140434720E+02  0.707106476875E+00
 -0.136984517330E+02 -0.273742230930E+02  0.352333820020E+02  0.100000000000E+01
 -0.139974466500E+02 -0.269467911980E+02  0.346607095850E+02  0.707107529189E+00
 -0.147259017640E+02 -0.271642922100E+02  0.346055303700E+02  0.100000000000E+01
 -0.153448267050E+02 -0.274936358360E+02  0.347125147550E+02  0.707107062892E+00
 -0.152537598010E+02 -0.279738089040E+02  0.352594929720E+02  0.100000000000E+01
 -0.151194815860E+02 -0.283322142380E+02  0.359713726040E+02  0.707105981763E+00
 -0.143451134280E+02 -0.280889427000E+02  0.360545741820E+02  0.100000000000E+01
 -0.144215409470E+02 -0.279249268970E+02  0.350863827480E+02  0.100000000000E+01
 -0.144215409470E+02 -0.279249268970E+02  0.350863827480E+02  0.707106966107E+00
 -0.144215409470E+02 -0.279249268970E+02  0.350863827480E+02  0.100000000000E+01
 -0.144215409470E+02 -0.279249268970E+02  0.350863827480E+02  0.707106552808E+00
 -0.144215409470E+02 -0.279249268970E+02  0.350863827480E+02  0.100000000000E+01
 -0.144215409470E+02 -0.279249268970E+02  0.350863827480E+02  0.707106584904E+00
 -0.144215409470E+02 -0.279249268970E+02  0.350863827480E+02  0.100000000000E+01
 -0.144215409470E+02 -0.279249268970E+02  0.350863827480E+02  0.707107235628E+00
 -0.144215409470E+02 -0.279249268970E+02  0.350863827480E+02  0.100000000000E+01
 -0.142579726920E+02 -0.283022077550E+02  0.359178738250E+02  0.100000000000E+01
 -0.133206966040E+02 -0.279370997610E+02  0.359390544290E+02  0.707106966107E+00
 -0.135690201050E+02 -0.275772661460E+02  0.350764257520E+02  0.100000000000E+01
 -0.139246037350E+02 -0.270885457940E+02  0.345111106040E+02  0.707106552808E+00
 -0.146793566180E+02 -0.273111383600E+02  0.344433676550E+02  0.100000000000E+01
 -0.152841904210E+02 -0.276959271100E+02  0.345745613580E+02  0.707106584904E+00
 -0.151089198830E+02 -0.282052418180E+02  0.350944126650E+02  0.100000000000E+01
 -0.149917265030E+02 -0.285317454320E+02  0.357956310570E+02  0.707107235628E+00
 -0.142579726920E+02 -0.283022077550E+02  0.359178738250E+02  0.100000000000E+01
 -0.143248518460E+02 -0.281593507340E+02  0.349254483490E+02  0.100000000000E+01
 -0.143248518460E+02 -0.281593507340E+02  0.349254483490E+02  0.707107096032E+00
 -0.143248518460E+02 -0.281593507340E+02  0.349254483490E+02  0.100000000000E+01
 -0.143248518460E+02 -0.281593507340E+02  0.349254483490E+02  0.707106286753E+00
 -0.143248518460E+02 -0.281593507340E+02  0.349254483490E+02  0.100000000000E+01
 -0.143248518460E+02 -0.281593507340E+02  0.349254483490E+02  0.707106381189E+00
 -0.143248518460E+02 -0.281593507340E+02  0.349254483490E+02  0.100000000000E+01
 -0.143248518460E+02 -0.281593507340E+02  0.349254483490E+02  0.707107468594E+00
 -0.143248518460E+02 -0.281593507340E+02  0.349254483490E+02  0.100000000000E+01
 -0.141615172410E+02 -0.285252608620E+02  0.358113680970E+02  0.100000000000E+01
 -0.129024314660E+02 -0.280715284110E+02  0.359805858080E+02  0.707107096032E+00
 -0.134455466500E+02 -0.277814187010E+02  0.349194308970E+02  0.100000000000E+01
 -0.138330043380E+02 -0.272047461460E+02  0.343589592620E+02  0.707106286753E+00
 -0.146425349370E+02 -0.274306297080E+02  0.342720162320E+02  0.100000000000E+01
 -0.152507671910E+02 -0.278954139370E+02  0.344302651580E+02  0.707106381189E+00
 -0.149352201880E+02 -0.284216924960E+02  0.349296270800E+02  0.100000000000E+01
 -0.148583065150E+02 -0.287294923760E+02  0.356223934020E+02  0.707107468594E+00
 -0.141615172410E+02 -0.285252608620E+02  0.358113680970E+02  0.100000000000E+01
 -0.142232316550E+02 -0.283915403120E+02  0.347643128980E+02  0.100000000000E+01
 -0.142232316550E+02 -0.283915403120E+02  0.347643128980E+02  0.707106870788E+00
 -0.142232316550E+02 -0.283915403120E+02  0.347643128980E+02  0.100000000000E+01
 -0.142232316550E+02 -0.283915403120E+02  0.347643128980E+02  0.707106747737E+00
 -0.142232316550E+02 -0.283915403120E+02  0.347643128980E+02  0.100000000000E+01
 -0.142232316550E+02 -0.283915403120E+02  0.347643128980E+02  0.707106676110E+00
 -0.142232316550E+02 -0.283915403120E+02  0.347643128980E+02  0.100000000000E+01
 -0.142232316550E+02 -0.283915403120E+02  0.347643128980E+02  0.707106654939E+00
 -0.142232316550E+02 -0.283915403120E+02  0.347643128980E+02  0.100000000000E+01
 -0.140594932790E+02 -0.287494403600E+02  0.357214873820E+02  0.100000000000E+01
 -0.120640622730E+02 -0.280355417120E+02  0.361332107300E+02  0.707106870788E+00
 -0.133672132580E+02 -0.280047985330E+02  0.347624867790E+02  0.100000000000E+01
 -0.137388633610E+02 -0.272946108030E+02  0.342055249580E+02  0.707106747737E+00
 -0.146095917950E+02 -0.275394421720E+02  0.341130213600E+02  0.100000000000E+01
 -0.152185599170E+02 -0.280920211050E+02  0.342905539910E+02  0.707106676110E+00
 -0.147390443580E+02 -0.286245805560E+02  0.347654130220E+02  0.100000000000E+01
 -0.147665844040E+02 -0.289584106330E+02  0.354780301760E+02  0.707106654939E+00
 -0.140594932790E+02 -0.287494403600E+02  0.357214873820E+02  0.100000000000E+01
 -0.141167788580E+02 -0.286214480980E+02  0.346030258140E+02  0.100000000000E+01
 -0.141167788580E+02 -0.286214480980E+02  0.346030258140E+02  0.707107185835E+00
 -0.141167788580E+02 -0.286214480980E+02  0.346030258140E+02  0.100000000000E+01
 -0.141167788580E+02 -0.286214480980E+02  0.346030258140E+02  0.707106277674E+00
 -0.141167788580E+02 -0.286214480980E+02  0.346030258140E+02  0.100000000000E+01
 -0.141167788580E+02 -0.286214480980E+02  0.346030258140E+02  0.707106234867E+00
 -0.141167788580E+02 -0.286214480980E+02  0.346030258140E+02  0.100000000000E+01
 -0.141167788580E+02 -0.286214480980E+02  0.346030258140E+02  0.707108072075E+00
 -0.141167788580E+02 -0.286214480980E+02  0.346030258140E+02  0.100000000000E+01
 -0.139705434660E+02 -0.289707094760E+02  0.356223962440E+02  0.100000000000E+01
 -0.115855744330E+02 -0.280346892710E+02  0.362526035960E+02  0.707107185835E+00
 -0.133447542560E+02 -0.282418695020E+02  0.346223278200E+02  0.100000000000E+01
 -0.136291526990E+02 -0.273425624100E+02  0.340808021910E+02  0.707106277674E+00
 -0.145854837080E+02 -0.276357532550E+02  0.339658620850E+02  0.100000000000E+01
 -0.151825520810E+02 -0.282967976820E+02  0.341399292260E+02  0.707106234867E+00
 -0.145204688790E+02 -0.288199292270E+02  0.345929350390E+02  0.100000000000E+01
 -0.146704773380E+02 -0.291914802820E+02  0.353073824180E+02  0.707108072075E+00
 -0.139705434660E+02 -0.289707094760E+02  0.356223962440E+02  0.100000000000E+01
           1
           2
           3
           4
           5
           6
           7
           8
           9
          10
          11
          12
          13
          14
          15
          16
          17
          18
          19
          20
          21
          22
          23
          24
          25
          26
          27
          28
          29
          30
          31
          32
          33
          34
          35
          36
          37
          38
          39
          40
          41
          42
          43
          44
          45
          46
          47
          48
          49
          50
          51
          52
          53
          54
          55
          56
          57
          58
          59
          60
          61
          62
          63
          64
          65
          66
          67
          68
          69
          70
          71
          72
          73
          74
          75
          76
          77
          78
          79
          80
          81
          82
          83
          84
          85
          86
          87
          88
          89
          90
          91
          92
          93
          94
          95
          96
          97
          98
          99
         100
         101
         102
         103
         104
         105
         106
         107
         108
         109
         110
         111
         112
         113
         114
         115
         116
         117
         118
         119
         120
         121
         122
         123
         124
         125
         126
         127
         128
         129
         130
         131
         132
         133
         134
         135
         136
         137
         138
         139
         140
         141
         142
         143
         144
         145
         146
         147
         148
         149
         150
         151
         152
         153
         154
         155
         156
         157
         158
         159
         160
         161
         162
         163
         164
         165
         166
         167
         168
         169
         170
         171
         172
         173
         174
         175
         176
         177
         178
         179
         180
         181
         182
         183
         184
         185
         186
         187
         188
         189
         190
         191
         192
         193
         194
         195
         196
         197
         198
         199
         200
         201
         202
         203
         204
         205
         206
         207
         208
         209
         210
         211
         212
         213
         214
         215
         216
         217
         218
         219
         220
         221
         222
         223
         224
         225
         226
         227
         228
         229
         230
         231
         232
         233
         234
         235
         236
         237
         238
         239
         240
         241
         242
         243
         244
         245
         246
         247
         248
         249
         250
         251
         252
         253
         254
         255
         256
         257
         258
         259
         260
         261
         262
         263
         264
         265
         266
         267
         268
         269
         270
         271
         272
         273
         274
         275
         276
         277
         278
         279
         280
         281
         282
         283
         284
         285
         286
         287
         288
 1 0 0
 0 0 0
 0 0 0
 0 0 0
 0 0 0
 0 0 0
 0 0 0
 0 0 0
 0 0 0
 0 0 0
 0 0 0
 0 0 0
 0 0 0
 0 0 0
 0 0 0
 0 0 0
 0 0 0
 0 0 0
 0 0 0
 0 0 0
 0 0 0
 0 0 0
 0 0 0
 0 0 0
 0 0 0
 0 0 0
 0 0 0
 0 0 0
 0 0 0
 0 0 0
 0 0 0
 0 0 0
 0 0 0
 0 0 0
 0 0 0
 0 0 0
 0 0 0
 0 0 0
 0 0 0
 0 0 0
 0 0 0
 0 0 0
 0 0 0
 0 0 0
 0 0 0
 0 0 0
 0 0 0
 0 0 0
 0 0 0
 0 0 0
 0 0 0
 0 0 0
 0 0 0
 0 0 0
 0 0 0
 0 0 0
 0 0 0
 0 0 0
 0 0 0
 0 0 0
 0 0 0
 0 0 0
 0 0 0
 0 0 0
 0 0 0
 0 0 0
 0 0 0
 0 0 0
 0 0 0
 0 0 0
 0 0 0
 0 0 0
 0 0 0
 0 0 0
 0 0 0
 0 0 0
 0 0 0
 0 0 0
 0 0 0
 0 0 0
 0 0 0
 0 0 0
 0 0 0
 0 0 0
 0 0 0
 0 0 0
 0 0 0
 0 0 0
 0 0 0
 0 0 0
 0 0 0
 0 0 0
 0 0 0
 0 0 0
 0 0 0
 0 0 0
 0 0 0
 0 0 0
 0 0 0
 0 0 0
 0 0 0
 0 0 0
 0 0 0
 0 0 0
 0 0 0
 0 0 0
 0 0 0
 0 0 0
 0 0 0
 0 0 0
 0 0 0
 0 0 0
 0 0 0
 0 0 0
 0 0 0
 0 0 0
 0 0 0
 0 0 0
 0 0 0
 0 0 0
 0 0 0
 0 0 0
 0 0 0
 0 0 0
 0 0 0
 0 0 0
 0 0 0
 0 0 0
 0 0 0
 0 0 0
 0 0 0
 0 0 0
 0 0 0
 0 0 0
 0 0 0
 0 0 0
 0 0 0
 0 0 0
 0 0 0
 0 0 0
 0 0 0
 0 0 0
 0 0 0
 0 0 0
 0 0 0
 0 0 0
 0 0 0
 0 0 0
 0 0 0
 0 0 0
 0 0 0
 0 0 0
 0 0 0
 0 0 0
 0 0 0
 0 0 0
 0 0 0
 0 0 0
 0 0 0
 0 0 0
 0 0 0
 0 0 0
 0 0 0
 0 0 0
 0 0 0
 0 0 0
 0 0 0
 0 0 0
 0 0 0
 0 0 0
 0 0 0
 0 0 0
 0 0 0
 0 0 0
 0 0 0
 0 0 0
 0 0 0
 0 0 0
 0 0 0
 0 0 0
 0 0 0
 0 0 0
 0 0 0
 0 0 0
 0 0 0
 0 0 0
 0 0 0
 0 0 0
 0 0 0
 0 0 0
 0 0 0
 0 0 0
 0 0 0
 0 0 0
 0 0 0
 0 0 0
 0 0 0
 0 0 0
 0 0 0
 0 0 0
 0 0 0
 0 0 0
 0 0 0
 0 0 0
 0 0 0
 0 0 0
 0 0 0
 0 0 0
 0 0 0
 0 0 0
 0 0 0
 0 0 0
 0 0 0
 0 0 0
 0 0 0
 0 0 0
 0 0 0
 0 0 0
 0 0 0
 0 0 0
 0 0 0
 0 0 0
 0 0 0
 0 0 0
 0 0 0
 0 0 0
 0 0 0
 0 0 0
 0 0 0
 0 0 0
 0 0 0
 0 0 0
 0 0 0
 0 0 0
 0 0 0
 0 0 0
 0 0 0
 0 0 0
 0 0 0
 0 0 0
 0 0 0
 0 0 0
 0 0 0
 0 0 0
 0 0 0
 0 0 0
 0 0 0
 0 0 0
 0 0 0
 0 0 0
 0 0 0
 0 0 0
 0 0 0
 0 0 0
 0 0 0
 0 0 0
 0 0 0
 0 0 0
 0 0 0
 0 0 0
 0 0 0
 0 0 0
 0 0 0
 0 0 0
 0 0 0
 0 0 0
 0 0 0
 0 0 0
 0 0 0
 0 0 0
 0 0 0
 0 0 0
 0 0 0
 0 0 0
 0 0 0
 0 0 0
 0 0 0
 0 0 0
 0 0 0
 0 0 0
 0 0 0
 0 0 0
 0 0 0
 0 0 0
 0 0 0
 0 0 0
 0 0 0
 0 0 0
 0 0 0
  0.000000000  0.000000000  0.000000000
  0.000000000  0.000000000  0.000000000
  0.000000000  0.000000000  0.000000000
  0.000000000  0.000000000  0.000000000
  0.000000000  0.000000000  0.000000000
  0.000000000  0.000000000  0.000000000
  0.000000000  0.000000000  0.000000000
  0.000000000  0.000000000  0.000000000
  0.000000000  0.000000000  0.000000000
  0.000000000  0.000000000  0.000000000
  0.000000000  0.000000000  0.000000000
  0.000000000  0.000000000  0.000000000
  0.000000000  0.000000000  0.000000000
  0.000000000  0.000000000  0.000000000
  0.000000000  0.000000000  0.000000000
  0.000000000  0.000000000  0.000000000
  0.000000000  0.000000000  0.000000000
  0.000000000  0.000000000  0.000000000
  0.000000000  0.000000000  0.000000000
  0.000000000  0.000000000  0.000000000
  0.000000000  0.000000000  0.000000000
  0.000000000  0.000000000  0.000000000
  0.000000000  0.000000000  0.000000000
  0.000000000  0.000000000  0.000000000
  0.000000000  0.000000000  0.000000000
  0.000000000  0.000000000  0.000000000
  0.000000000  0.000000000  0.000000000
  0.000000000  0.000000000  0.000000000
  0.000000000  0.000000000  0.000000000
  0.000000000  0.000000000  0.000000000
  0.000000000  0.000000000  0.000000000
  0.000000000  0.000000000  0.000000000
  0.000000000  0.000000000  0.000000000
  0.000000000  0.000000000  0.000000000
  0.000000000  0.000000000  0.000000000
  0.000000000  0.000000000  0.000000000
  0.000000000  0.000000000  0.000000000
  0.000000000  0.000000000  0.000000000
  0.000000000  0.000000000  0.000000000
  0.000000000  0.000000000  0.000000000
  0.000000000  0.000000000  0.000000000
  0.000000000  0.000000000  0.000000000
  0.000000000  0.000000000  0.000000000
  0.000000000  0.000000000  0.000000000
  0.000000000  0.000000000  0.000000000
  0.000000000  0.000000000  0.000000000
  0.000000000  0.000000000  0.000000000
  0.000000000  0.000000000  0.000000000
  0.000000000  0.000000000  0.000000000
  0.000000000  0.000000000  0.000000000
  0.000000000  0.000000000  0.000000000
  0.000000000  0.000000000  0.000000000
  0.000000000  0.000000000  0.000000000
  0.000000000  0.000000000  0.000000000
  0.000000000  0.000000000  0.000000000
  0.000000000  0.000000000  0.000000000
  0.000000000  0.000000000  0.000000000
  0.000000000  0.000000000  0.000000000
  0.000000000  0.000000000  0.000000000
  0.000000000  0.000000000  0.000000000
  0.000000000  0.000000000  0.000000000
  0.000000000  0.000000000  0.000000000
  0.000000000  0.000000000  0.000000000
  0.000000000  0.000000000  0.000000000
  0.000000000  0.000000000  0.000000000
  0.000000000  0.000000000  0.000000000
  0.000000000  0.000000000  0.000000000
  0.000000000  0.000000000  0.000000000
  0.000000000  0.000000000  0.000000000
  0.000000000  0.000000000  0.000000000
  0.000000000  0.000000000  0.000000000
  0.000000000  0.000000000  0.000000000
  0.000000000  0.000000000  0.000000000
  0.000000000  0.000000000  0.000000000
  0.000000000  0.000000000  0.000000000
  0.000000000  0.000000000  0.000000000
  0.000000000  0.000000000  0.000000000
  0.000000000  0.000000000  0.000000000
  0.000000000  0.000000000  0.000000000
  0.000000000  0.000000000  0.000000000
  0.000000000  0.000000000  0.000000000
  0.000000000  0.000000000  0.000000000
  0.000000000  0.000000000  0.000000000
  0.000000000  0.000000000  0.000000000
  0.000000000  0.000000000  0.000000000
  0.000000000  0.000000000  0.000000000
  0.000000000  0.000000000  0.000000000
  0.000000000  0.000000000  0.000000000
  0.000000000  0.000000000  0.000000000
  0.000000000  0.000000000  0.000000000
  0.000000000  0.000000000  0.000000000
  0.000000000  0.000000000  0.000000000
  0.000000000  0.000000000  0.000000000
  0.000000000  0.000000000  0.000000000
  0.000000000  0.000000000  0.000000000
  0.000000000  0.000000000  0.000000000
  0.000000000  0.000000000  0.000000000
  0.000000000  0.000000000  0.000000000
  0.000000000  0.000000000  0.000000000
  0.000000000  0.000000000  0.000000000
  0.000000000  0.000000000  0.000000000
  0.000000000  0.000000000  0.000000000
  0.000000000  0.000000000  0.000000000
  0.000000000  0.000000000  0.000000000
  0.000000000  0.000000000  0.000000000
  0.000000000  0.000000000  0.000000000
  0.000000000  0.000000000  0.000000000
  0.000000000  0.000000000  0.000000000
  0.000000000  0.000000000  0.000000000
  0.000000000  0.000000000  0.000000000
  0.000000000  0.000000000  0.000000000
  0.000000000  0.000000000  0.000000000
  0.000000000  0.000000000  0.000000000
  0.000000000  0.000000000  0.000000000
  0.000000000  0.000000000  0.000000000
  0.000000000  0.000000000  0.000000000
  0.000000000  0.000000000  0.000000000
  0.000000000  0.000000000  0.000000000
  0.000000000  0.000000000  0.000000000
  0.000000000  0.000000000  0.000000000
  0.000000000  0.000000000  0.000000000
  0.000000000  0.000000000  0.000000000
  0.000000000  0.000000000  0.000000000
  0.000000000  0.000000000  0.000000000
  0.000000000  0.000000000  0.000000000
  0.000000000  0.000000000  0.000000000
  0.000000000  0.000000000  0.000000000
  0.000000000  0.000000000  0.000000000
  0.000000000  0.000000000  0.000000000
  0.000000000  0.000000000  0.000000000
  0.000000000  0.000000000  0.000000000
  0.000000000  0.000000000  0.000000000
  0.000000000  0.000000000  0.000000000
  0.000000000  0.000000000  0.000000000
  0.000000000  0.000000000  0.000000000
  0.000000000  0.000000000  0.000000000
  0.000000000  0.000000000  0.000000000
  0.000000000  0.000000000  0.000000000
  0.000000000  0.000000000  0.000000000
  0.000000000  0.000000000  0.000000000
  0.000000000  0.000000000  0.000000000
  0.000000000  0.000000000  0.000000000
  0.000000000  0.000000000  0.000000000
  0.000000000  0.000000000  0.000000000
  0.000000000  0.000000000  0.000000000
  0.000000000  0.000000000  0.000000000
  0.000000000  0.000000000  0.000000000
  0.000000000  0.000000000  0.000000000
  0.000000000  0.000000000  0.000000000
  0.000000000  0.000000000  0.000000000
  0.000000000  0.000000000  0.000000000
  0.000000000  0.000000000  0.000000000
  0.000000000  0.000000000  0.000000000
  0.000000000  0.000000000  0.000000000
  0.000000000  0.000000000  0.000000000
  0.000000000  0.000000000  0.000000000
  0.000000000  0.000000000  0.000000000
  0.000000000  0.000000000  0.000000000
  0.000000000  0.000000000  0.000000000
  0.000000000  0.000000000  0.000000000
  0.000000000  0.000000000  0.000000000
  0.000000000  0.000000000  0.000000000
  0.000000000  0.000000000  0.000000000
  0.000000000  0.000000000  0.000000000
  0.000000000  0.000000000  0.000000000
  0.000000000  0.000000000  0.000000000
  0.000000000  0.000000000  0.000000000
  0.000000000  0.000000000  0.000000000
  0.000000000  0.000000000  0.000000000
  0.000000000  0.000000000  0.000000000
  0.000000000  0.000000000  0.000000000
  0.000000000  0.000000000  0.000000000
  0.000000000  0.000000000  0.000000000
  0.000000000  0.000000000  0.000000000
  0.000000000  0.000000000  0.000000000
  0.000000000  0.000000000  0.000000000
  0.000000000  0.000000000  0.000000000
  0.000000000  0.000000000  0.000000000
  0.000000000  0.000000000  0.000000000
  0.000000000  0.000000000  0.000000000
  0.000000000  0.000000000  0.000000000
  0.000000000  0.000000000  0.000000000
  0.000000000  0.000000000  0.000000000
  0.000000000  0.000000000  0.000000000
  0.000000000  0.000000000  0.000000000
  0.000000000  0.000000000  0.000000000
  0.000000000  0.000000000  0.000000000
  0.000000000  0.000000000  0.000000000
  0.000000000  0.000000000  0.000000000
  0.000000000  0.000000000  0.000000000
  0.000000000  0.000000000  0.000000000
  0.000000000  0.000000000  0.000000000
  0.000000000  0.000000000  0.000000000
  0.000000000  0.000000000  0.000000000
  0.000000000  0.000000000  0.000000000
  0.000000000  0.000000000  0.000000000
  0.000000000  0.000000000  0.000000000
  0.000000000  0.000000000  0.000000000
  0.000000000  0.000000000  0.000000000
  0.000000000  0.000000000  0.000000000
  0.000000000  0.000000000  0.000000000
  0.000000000  0.000000000  0.000000000
  0.000000000  0.000000000  0.000000000
  0.000000000  0.000000000  0.000000000
  0.000000000  0.000000000  0.000000000
  0.000000000  0.000000000  0.000000000
  0.000000000  0.000000000  0.000000000
  0.000000000  0.000000000  0.000000000
  0.000000000  0.000000000  0.000000000
  0.000000000  0.000000000  0.000000000
  0.000000000  0.000000000  0.000000000
  0.000000000  0.000000000  0.000000000
  0.000000000  0.000000000  0.000000000
  0.000000000  0.000000000  0.000000000
  0.000000000  0.000000000  0.000000000
  0.000000000  0.000000000  0.000000000
  0.000000000  0.000000000  0.000000000
  0.000000000  0.000000000  0.000000000
  0.000000000  0.000000000  0.000000000
  0.000000000  0.000000000  0.000000000
  0.000000000  0.000000000  0.000000000
  0.000000000  0.000000000  0.000000000
  0.000000000  0.000000000  0.000000000
  0.000000000  0.000000000  0.000000000
  0.000000000  0.000000000  0.000000000
  0.000000000  0.000000000  0.000000000
  0.000000000  0.000000000  0.000000000
  0.000000000  0.000000000  0.000000000
  0.000000000  0.000000000  0.000000000
  0.000000000  0.000000000  0.000000000
  0.000000000  0.000000000  0.000000000
  0.000000000  0.000000000  0.000000000
  0.000000000  0.000000000  0.000000000
  0.000000000  0.000000000  0.000000000
  0.000000000  0.000000000  0.000000000
  0.000000000  0.000000000  0.000000000
  0.000000000  0.000000000  0.000000000
  0.000000000  0.000000000  0.000000000
  0.000000000  0.000000000  0.000000000
  0.000000000  0.000000000  0.000000000
  0.000000000  0.000000000  0.000000000
  0.000000000  0.000000000  0.000000000
  0.000000000  0.000000000  0.000000000
  0.000000000  0.000000000  0.000000000
  0.000000000  0.000000000  0.000000000
  0.000000000  0.000000000  0.000000000
  0.000000000  0.000000000  0.000000000
  0.000000000  0.000000000  0.000000000
  0.000000000  0.000000000  0.000000000
  0.000000000  0.000000000  0.000000000
  0.000000000  0.000000000  0.000000000
  0.000000000  0.000000000  0.000000000
  0.000000000  0.000000000  0.000000000
  0.000000000  0.000000000  0.000000000
  0.000000000  0.000000000  0.000000000
  0.000000000  0.000000000  0.000000000
  0.000000000  0.000000000  0.000000000
  0.000000000  0.000000000  0.000000000
  0.000000000  0.000000000  0.000000000
  0.000000000  0.000000000  0.000000000
  0.000000000  0.000000000  0.000000000
  0.000000000  0.000000000  0.000000000
  0.000000000  0.000000000  0.000000000
  0.000000000  0.000000000  0.000000000
  0.000000000  0.000000000  0.000000000
  0.000000000  0.000000000  0.000000000
  0.000000000  0.000000000  0.000000000
  0.000000000  0.000000000  0.000000000
  0.000000000  0.000000000  0.000000000
  0.000000000  0.000000000  0.000000000
  0.000000000  0.000000000  0.000000000
  0.000000000  0.000000000  0.000000000
  0.000000000  0.000000000  0.000000000
  0.000000000  0.000000000  0.000000000
  0.000000000  0.000000000  0.000000000
  0.000000000  0.000000000  0.000000000
  0.000000000  0.000000000  0.000000000
  0.000000000  0.000000000  0.000000000
  0.000000000  0.000000000  0.000000000
  0.000000000  0.000000000  0.000000000
  0.000000000  0.000000000  0.000000000
  0.000000000  0.000000000  0.000000000
  0.000000000  0.000000000  0.000000000
  0.000000000  0.000000000  0.000000000
  0.000000000  0.000000000  0.000000000
  0.000000000  0.000000000  0.000000000
  0.000000000  0.000000000  0.000000000
  0.000000000  0.000000000  0.000000000
 0 0 0
 0 0 0
 0 0 0
 0 0 0
 0 0 0
 0 0 0
 0 0 0
 0 0 0
 0 0 0
 0 0 0
 0 0 0
 0 0 0
 0 0 0
 0 0 0
 0 0 0
 0 0 0
 0 0 0
 0 0 0
 0 0 0
 0 0 0
 0 0 0
 0 0 0
 0 0 0
 0 0 0
 0 0 0
 0 0 0
 0 0 0
 0 0 0
 0 0 0
 0 0 0
 0 0 0
 0 0 0
 0 0 0
 0 0 0
 0 0 0
 0 0 0
 0 0 0
 0 0 0
 0 0 0
 0 0 0
 0 0 0
 0 0 0
 0 0 0
 0 0 0
 0 0 0
 0 0 0
 0 0 0
 0 0 0
 0 0 0
 0 0 0
 0 0 0
 0 0 0
 0 0 0
 0 0 0
 0 0 0
 0 0 0
 0 0 0
 0 0 0
 0 0 0
 0 0 0
 0 0 0
 0 0 0
 0 0 0
 0 0 0
 0 0 0
 0 0 0
 0 0 0
 0 0 0
 0 0 0
 0 0 0
 0 0 0
 0 0 0
 0 0 0
 0 0 0
 0 0 0
 0 0 0
 0 0 0
 0 0 0
 0 0 0
 0 0 0
 0 0 0
 0 0 0
 0 0 0
 0 0 0
 0 0 0
 0 0 0
 0 0 0
 0 0 0
 0 0 0
 0 0 0
 0 0 0
 0 0 0
 0 0 0
 0 0 0
 0 0 0
 0 0 0
 0 0 0
 0 0 0
 0 0 0
 0 0 0
 0 0 0
 0 0 0
 0 0 0
 0 0 0
 0 0 0
 0 0 0
 0 0 0
 0 0 0
 0 0 0
 0 0 0
 0 0 0
 0 0 0
 0 0 0
 0 0 0
 0 0 0
 0 0 0
 0 0 0
 0 0 0
 0 0 0
 0 0 0
 0 0 0
 0 0 0
 0 0 0
 0 0 0
 0 0 0
 0 0 0
 0 0 0
 0 0 0
 0 0 0
 0 0 0
 0 0 0
 0 0 0
 0 0 0
 0 0 0
 0 0 0
 0 0 0
 0 0 0
 0 0 0
 0 0 0
 0 0 0
 0 0 0
 0 0 0
 0 0 0
 0 0 0
 0 0 0
 0 0 0
 0 0 0
 0 0 0
 0 0 0
 0 0 0
 0 0 0
 0 0 0
 0 0 0
 0 0 0
 0 0 0
 0 0 0
 0 0 0
 0 0 0
 0 0 0
 0 0 0
 0 0 0
 0 0 0
 0 0 0
 0 0 0
 0 0 0
 0 0 0
 0 0 0
 0 0 0
 0 0 0
 0 0 0
 0 0 0
 0 0 0
 0 0 0
 0 0 0
 0 0 0
 0 0 0
 0 0 0
 0 0 0
 0 0 0
 0 0 0
 0 0 0
 0 0 0
 0 0 0
 0 0 0
 0 0 0
 0 0 0
 0 0 0
 0 0 0
 0 0 0
 0 0 0
 0 0 0
 0 0 0
 0 0 0
 0 0 0
 0 0 0
 0 0 0
 0 0 0
 0 0 0
 0 0 0
 0 0 0
 0 0 0
 0 0 0
 0 0 0
 0 0 0
 0 0 0
 0 0 0
 0 0 0
 0 0 0
 0 0 0
 0 0 0
  0.000000000  0.000000000  0.000000000
  0.000000000  0.000000000  0.000000000
  0.000000000  0.000000000  0.000000000
  0.000000000  0.000000000  0.000000000
  0.000000000  0.000000000  0.000000000
  0.000000000  0.000000000  0.000000000
  0.000000000  0.000000000  0.000000000
  0.000000000  0.000000000  0.000000000
  0.000000000  0.000000000  0.000000000
  0.000000000  0.000000000  0.000000000
  0.000000000  0.000000000  0.000000000
  0.000000000  0.000000000  0.000000000
  0.000000000  0.000000000  0.000000000
  0.000000000  0.000000000  0.000000000
  0.000000000  0.000000000  0.000000000
  0.000000000  0.000000000  0.000000000
  0.000000000  0.000000000  0.000000000
  0.000000000  0.000000000  0.000000000
  0.000000000  0.000000000  0.000000000
  0.000000000  0.000000000  0.000000000
  0.000000000  0.000000000  0.000000000
  0.000000000  0.000000000  0.000000000
  0.000000000  0.000000000  0.000000000
  0.000000000  0.000000000  0.000000000
  0.000000000  0.000000000  0.000000000
  0.000000000  0.000000000  0.000000000
  0.000000000  0.000000000  0.000000000
  0.000000000  0.000000000  0.000000000
  0.000000000  0.000000000  0.000000000
  0.000000000  0.000000000  0.000000000
  0.000000000  0.000000000  0.000000000
  0.000000000  0.000000000  0.000000000
  0.000000000  0.000000000  0.000000000
  0.000000000  0.000000000  0.000000000
  0.000000000  0.000000000  0.000000000
  0.000000000  0.000000000  0.000000000
  0.000000000  0.000000000  0.000000000
  0.000000000  0.000000000  0.000000000
  0.000000000  0.000000000  0.000000000
  0.000000000  0.000000000  0.000000000
  0.000000000  0.000000000  0.000000000
  0.000000000  0.000000000  0.000000000
  0.000000000  0.000000000  0.000000000
  0.000000000  0.000000000  0.000000000
  0.000000000  0.000000000  0.000000000
  0.000000000  0.000000000  0.000000000
  0.000000000  0.000000000  0.000000000
  0.000000000  0.000000000  0.000000000
  0.000000000  0.000000000  0.000000000
  0.000000000  0.000000000  0.000000000
  0.000000000  0.000000000  0.000000000
  0.000000000  0.000000000  0.000000000
  0.000000000  0.000000000  0.000000000
  0.000000000  0.000000000  0.000000000
  0.000000000  0.000000000  0.000000000
  0.000000000  0.000000000  0.000000000
  0.000000000  0.000000000  0.000000000
  0.000000000  0.000000000  0.000000000
  0.000000000  0.000000000  0.000000000
  0.000000000  0.000000000  0.000000000
  0.000000000  0.000000000  0.000000000
  0.000000000  0.000000000  0.000000000
  0.000000000  0.000000000  0.000000000
  0.000000000  0.000000000  0.000000000
  0.000000000  0.000000000  0.000000000
  0.000000000  0.000000000  0.000000000
  0.000000000  0.000000000  0.000000000
  0.000000000  0.000000000  0.000000000
  0.000000000  0.000000000  0.000000000
  0.000000000  0.000000000  0.000000000
  0.000000000  0.000000000  0.000000000
  0.000000000  0.000000000  0.000000000
  0.000000000  0.000000000  0.000000000
  0.000000000  0.000000000  0.000000000
  0.000000000  0.000000000  0.000000000
  0.000000000  0.000000000  0.000000000
  0.000000000  0.000000000  0.000000000
  0.000000000  0.000000000  0.000000000
  0.000000000  0.000000000  0.000000000
  0.000000000  0.000000000  0.000000000
  0.000000000  0.000000000  0.000000000
  0.000000000  0.000000000  0.000000000
  0.000000000  0.000000000  0.000000000
  0.000000000  0.000000000  0.000000000
  0.000000000  0.000000000  0.000000000
  0.000000000  0.000000000  0.000000000
  0.000000000  0.000000000  0.000000000
  0.000000000  0.000000000  0.000000000
  0.000000000  0.000000000  0.000000000
  0.000000000  0.000000000  0.000000000
  0.000000000  0.000000000  0.000000000
  0.000000000  0.000000000  0.000000000
  0.000000000  0.000000000  0.000000000
  0.000000000  0.000000000  0.000000000
  0.000000000  0.000000000  0.000000000
  0.000000000  0.000000000  0.000000000
  0.000000000  0.000000000  0.000000000
  0.000000000  0.000000000  0.000000000
  0.000000000  0.000000000  0.000000000
  0.000000000  0.000000000  0.000000000
  0.000000000  0.000000000  0.000000000
  0.000000000  0.000000000  0.000000000
  0.000000000  0.000000000  0.000000000
  0.000000000  0.000000000  0.000000000
  0.000000000  0.000000000  0.000000000
  0.000000000  0.000000000  0.000000000
  0.000000000  0.000000000  0.000000000
  0.000000000  0.000000000  0.000000000
  0.000000000  0.000000000  0.000000000
  0.000000000  0.000000000  0.000000000
  0.000000000  0.000000000  0.000000000
  0.000000000  0.000000000  0.000000000
  0.000000000  0.000000000  0.000000000
  0.000000000  0.000000000  0.000000000
  0.000000000  0.000000000  0.000000000
  0.000000000  0.000000000  0.000000000
  0.000000000  0.000000000  0.000000000
  0.000000000  0.000000000  0.000000000
  0.000000000  0.000000000  0.000000000
  0.000000000  0.000000000  0.000000000
  0.000000000  0.000000000  0.000000000
  0.000000000  0.000000000  0.000000000
  0.000000000  0.000000000  0.000000000
  0.000000000  0.000000000  0.000000000
  0.000000000  0.000000000  0.000000000
  0.000000000  0.000000000  0.000000000
  0.000000000  0.000000000  0.000000000
  0.000000000  0.000000000  0.000000000
  0.000000000  0.000000000  0.000000000
  0.000000000  0.000000000  0.000000000
  0.000000000  0.000000000  0.000000000
  0.000000000  0.000000000  0.000000000
  0.000000000  0.000000000  0.000000000
  0.000000000  0.000000000  0.000000000
  0.000000000  0.000000000  0.000000000
  0.000000000  0.000000000  0.000000000
  0.000000000  0.000000000  0.000000000
  0.000000000  0.000000000  0.000000000
  0.000000000  0.000000000  0.000000000
  0.000000000  0.000000000  0.000000000
  0.000000000  0.000000000  0.000000000
  0.000000000  0.000000000  0.000000000
  0.000000000  0.000000000  0.000000000
  0.000000000  0.000000000  0.000000000
  0.000000000  0.000000000  0.000000000
  0.000000000  0.000000000  0.000000000
  0.000000000  0.000000000  0.000000000
  0.000000000  0.000000000  0.000000000
  0.000000000  0.000000000  0.000000000
  0.000000000  0.000000000  0.000000000
  0.000000000  0.000000000  0.000000000
  0.000000000  0.000000000  0.000000000
  0.000000000  0.000000000  0.000000000
  0.000000000  0.000000000  0.000000000
  0.000000000  0.000000000  0.000000000
  0.000000000  0.000000000  0.000000000
  0.000000000  0.000000000  0.000000000
  0.000000000  0.000000000  0.000000000
  0.000000000  0.000000000  0.000000000
  0.000000000  0.000000000  0.000000000
  0.000000000  0.000000000  0.000000000
  0.000000000  0.000000000  0.000000000
  0.000000000  0.000000000  0.000000000
  0.000000000  0.000000000  0.000000000
  0.000000000  0.000000000  0.000000000
  0.000000000  0.000000000  0.000000000
  0.000000000  0.000000000  0.000000000
  0.000000000  0.000000000  0.000000000
  0.000000000  0.000000000  0.000000000
  0.000000000  0.000000000  0.000000000
  0.000000000  0.000000000  0.000000000
  0.000000000  0.000000000  0.000000000
  0.000000000  0.000000000  0.000000000
  0.000000000  0.000000000  0.000000000
  0.000000000  0.000000000  0.000000000
  0.000000000  0.000000000  0.000000000
  0.000000000  0.000000000  0.000000000
  0.000000000  0.000000000  0.000000000
  0.000000000  0.000000000  0.000000000
  0.000000000  0.000000000  0.000000000
  0.000000000  0.000000000  0.000000000
  0.000000000  0.000000000  0.000000000
  0.000000000  0.000000000  0.000000000
  0.000000000  0.000000000  0.000000000
  0.000000000  0.000000000  0.000000000
  0.000000000  0.000000000  0.000000000
  0.000000000  0.000000000  0.000000000
  0.000000000  0.000000000  0.000000000
  0.000000000  0.000000000  0.000000000
  0.000000000  0.000000000  0.000000000
  0.000000000  0.000000000  0.000000000
  0.000000000  0.000000000  0.000000000
  0.000000000  0.000000000  0.000000000
  0.000000000  0.000000000  0.000000000
  0.000000000  0.000000000  0.000000000
  0.000000000  0.000000000  0.000000000
  0.000000000  0.000000000  0.000000000
  0.000000000  0.000000000  0.000000000
  0.000000000  0.000000000  0.000000000
  0.000000000  0.000000000  0.000000000
  0.000000000  0.000000000  0.000000000
  0.000000000  0.000000000  0.000000000
  0.000000000  0.000000000  0.000000000
  0.000000000  0.000000000  0.000000000
  0.000000000  0.000000000  0.000000000
  0.000000000  0.000000000  0.000000000
  0.000000000  0.000000000  0.000000000
  0.000000000  0.000000000  0.000000000
  0.000000000  0.000000000  0.000000000
  0.000000000  0.000000000  0.000000000
  0.000000000  0.000000000  0.000000000
  0.000000000  0.000000000  0.000000000
  0.000000000  0.000000000  0.000000000
  0.000000000  0.000000000  0.000000000
  0.000000000  0.000000000  0.000000000
  0.000000000  0.000000000  0.000000000
  0.000000000  0.000000000  0.000000000
  0.000000000  0.000000000  0.000000000
  0.000000000  0.000000000  0.000000000
  0.000000000  0.000000000  0.000000000
  0.000000000  0.000000000  0.000000000
  0.000000000  0.000000000  0.000000000
  0.000000000  0.000000000  0.000000000
  0.000000000  0.000000000  0.000000000
  0.000000000  0.000000000  0.000000000
  0.000000000  0.000000000  0.000000000
  0.000000000  0.000000000  0.000000000
  0.000000000  0.000000000  0.000000000
  0.000000000  0.000000000  0.000000000
  0.000000000  0.000000000  0.000000000
  0.000000000  0.000000000  0.000000000
  0.000000000  0.000000000  0.000000000
  0.000000000  0.000000000  0.000000000
  0.000000000  0.000000000  0.000000000
  0.000000000  0.000000000  0.000000000
  0.000000000  0.000000000  0.000000000
  0.000000000  0.000000000  0.000000000
  0.000000000  0.000000000  0.000000000
  0.000000000  0.000000000  0.000000000
  0.000000000  0.000000000  0.000000000
  0.000000000  0.000000000  0.000000000
  0.000000000  0.000000000  0.000000000
  0.000000000  0.000000000  0.000000000
  0.000000000  0.000000000  0.000000000
  0.000000000  0.000000000  0.000000000
  0.000000000  0.000000000  0.000000000
  0.000000000  0.000000000  0.000000000
  0.000000000  0.000000000  0.000000000
  0.000000000  0.000000000  0.000000000
  0.000000000  0.000000000  0.000000000
  0.000000000  0.000000000  0.000000000
  0.000000000  0.000000000  0.000000000
  0.000000000  0.000000000  0.000000000
  0.000000000  0.000000000  0.000000000
  0.000000000  0.000000000  0.000000000
  0.000000000  0.000000000  0.000000000
  0.000000000  0.000000000  0.000000000
  0.000000000  0.000000000  0.000000000
  0.000000000  0.000000000  0.000000000
  0.000000000  0.000000000  0.000000000
  0.000000000  0.000000000  0.000000000
  0.000000000  0.000000000  0.000000000
  0.000000000  0.000000000  0.000000000
  0.000000000  0.000000000  0.000000000
  0.000000000  0.000000000  0.000000000
  0.000000000  0.000000000  0.000000000
  0.000000000  0.000000000  0.000000000
  0.000000000  0.000000000  0.000000000
  0.000000000  0.000000000  0.000000000
  0.000000000  0.000000000  0.000000000
  0.000000000  0.000000000  0.000000000
  0.000000000  0.000000000  0.000000000
  0.000000000  0.000000000  0.000000000
  0.000000000  0.000000000  0.000000000
  0.000000000  0.000000000  0.000000000
  0.000000000  0.000000000  0.000000000
  0.000000000  0.000000000  0.000000000
  0.000000000  0.000000000  0.000000000
  0.000000000  0.000000000  0.000000000
  0.000000000  0.000000000  0.000000000
  0.000000000  0.000000000  0.000000000
  0.000000000  0.000000000  0.000000000
  0.000000000  0.000000000  0.000000000
  0.000000000  0.000000000  0.000000000
  0.000000000  0.000000000  0.000000000
  0.000000000  0.000000000  0.000000000
  0.000000000  0.000000000  0.000000000
  0.000000000  0.000000000  0.000000000
  0.000000000  0.000000000  0.000000000
  0.000000000  0.000000000  0.000000000
  0.000000000  0.000000000  0.000000000
  0.000000000  0.000000000  0.000000000
  0.000000000  0.000000000  0.000000000
  0.000000000  0.000000000  0.000000000
  0.000000000  0.000000000  0.000000000
  0.000000000  0.000000000  0.000000000
  0.000000000  0.000000000  0.000000000
  0.000000000  0.000000000  0.000000000
  0.000000000  0.000000000  0.000000000
  0.000000000  0.000000000  0.000000000
  0.000000000  0.000000000  0.000000000
  0.000000000  0.000000000  0.000000000
  0.000000000  0.000000000  0.000000000
  0.000000000  0.000000000  0.000000000
  0.000000000  0.000000000  0.000000000
  0.000000000  0.000000000  0.000000000
  0.000000000  0.000000000  0.000000000
  0.000000000  0.000000000  0.000000000
   1.06000000000000     
   1.06000000000000     
   1.06000000000000     
   1.06000000000000     
   1.06000000000000     
   1.06000000000000     
   1.06000000000000     
   1.06000000000000     
   1.06000000000000     
   1.06000000000000     
   1.06000000000000     
   1.06000000000000     
   1.06000000000000     
   1.06000000000000     
   1.06000000000000     
   1.06000000000000     
   1.06000000000000     
   1.06000000000000     
   1.06000000000000     
   1.06000000000000     
   1.06000000000000     
   1.06000000000000     
   1.06000000000000     
   1.06000000000000     
   1.06000000000000     
   1.06000000000000     
   1.06000000000000     
   1.06000000000000     
   1.06000000000000     
   1.06000000000000     
   1.06000000000000     
   1.06000000000000     
   1.06000000000000     
   1.06000000000000     
   1.06000000000000     
   1.06000000000000     
   1.06000000000000     
   1.06000000000000     
   1.06000000000000     
   1.06000000000000     
   1.06000000000000     
   1.06000000000000     
   1.06000000000000     
   1.06000000000000     
   1.06000000000000     
   1.06000000000000     
   1.06000000000000     
   1.06000000000000     
   1.06000000000000     
   1.06000000000000     
   1.06000000000000     
   1.06000000000000     
   1.06000000000000     
   1.06000000000000     
   1.06000000000000     
   1.06000000000000     
   1.06000000000000     
   1.06000000000000     
   1.06000000000000     
   1.06000000000000     
   1.06000000000000     
   1.06000000000000     
   1.06000000000000     
   1.06000000000000     
   1.06000000000000     
   1.06000000000000     
   1.06000000000000     
   1.06000000000000     
   1.06000000000000     
   1.06000000000000     
   1.06000000000000     
   1.06000000000000     
   1.06000000000000     
   1.06000000000000     
   1.06000000000000     
   1.06000000000000     
   1.06000000000000     
   1.06000000000000     
   1.06000000000000     
   1.06000000000000     
   1.06000000000000     
   1.06000000000000     
   1.06000000000000     
   1.06000000000000     
   1.06000000000000     
   1.06000000000000     
   1.06000000000000     
   1.06000000000000     
   1.06000000000000     
   1.06000000000000     
   1.06000000000000     
   1.06000000000000     
   1.06000000000000     
   1.06000000000000     
   1.06000000000000     
   1.06000000000000     
   1.06000000000000     
   1.06000000000000     
  3.000000000000000E-002
  3.000000000000000E-002
  3.000000000000000E-002
  3.000000000000000E-002
  3.000000000000000E-002
  3.000000000000000E-002
  3.000000000000000E-002
  3.000000000000000E-002
  3.000000000000000E-002
  3.000000000000000E-002
  3.000000000000000E-002
  3.000000000000000E-002
  3.000000000000000E-002
  3.000000000000000E-002
  3.000000000000000E-002
  3.000000000000000E-002
  3.000000000000000E-002
  3.000000000000000E-002
  3.000000000000000E-002
  3.000000000000000E-002
  3.000000000000000E-002
  3.000000000000000E-002
  3.000000000000000E-002
  3.000000000000000E-002
  3.000000000000000E-002
  3.000000000000000E-002
  3.000000000000000E-002
  3.000000000000000E-002
  3.000000000000000E-002
  3.000000000000000E-002
  3.000000000000000E-002
  3.000000000000000E-002
  3.000000000000000E-002
  3.000000000000000E-002
  3.000000000000000E-002
  3.000000000000000E-002
  3.000000000000000E-002
  3.000000000000000E-002
  3.000000000000000E-002
  3.000000000000000E-002
  3.000000000000000E-002
  3.000000000000000E-002
  3.000000000000000E-002
  3.000000000000000E-002
  3.000000000000000E-002
  3.000000000000000E-002
  3.000000000000000E-002
  3.000000000000000E-002
  3.000000000000000E-002
  3.000000000000000E-002
  3.000000000000000E-002
  3.000000000000000E-002
  3.000000000000000E-002
  3.000000000000000E-002
  3.000000000000000E-002
  3.000000000000000E-002
  3.000000000000000E-002
  3.000000000000000E-002
  3.000000000000000E-002
  3.000000000000000E-002
  3.000000000000000E-002
  3.000000000000000E-002
  3.000000000000000E-002
  3.000000000000000E-002
  3.000000000000000E-002
  3.000000000000000E-002
  3.000000000000000E-002
  3.000000000000000E-002
  3.000000000000000E-002
  3.000000000000000E-002
  3.000000000000000E-002
  3.000000000000000E-002
  3.000000000000000E-002
  3.000000000000000E-002
  3.000000000000000E-002
  3.000000000000000E-002
  3.000000000000000E-002
  3.000000000000000E-002
  3.000000000000000E-002
  3.000000000000000E-002
  3.000000000000000E-002
  3.000000000000000E-002
  3.000000000000000E-002
  3.000000000000000E-002
  3.000000000000000E-002
  3.000000000000000E-002
  3.000000000000000E-002
  3.000000000000000E-002
  3.000000000000000E-002
  3.000000000000000E-002
  3.000000000000000E-002
  3.000000000000000E-002
  3.000000000000000E-002
  3.000000000000000E-002
  3.000000000000000E-002
  3.000000000000000E-002
  3.000000000000000E-002
  3.000000000000000E-002
