           3
 2 1 2
   9   2   8
  0.000000000  0.000000000  0.000000000  0.250000000  0.250000000  0.500000000  0.500000000  0.750000000  0.750000000  1.000000000  1.000000000  1.000000000
  0.000000000  0.000000000  1.000000000  1.000000000
  0.000000000  0.000000000  0.000000000  0.000563777  0.001127555  0.001691332  0.002255109  0.002818887  0.003382664  0.003382664  0.003382664
 -0.150684751680E+02 -0.118920858900E+01  0.625963674870E+02  0.100000000000E+01
 -0.150684751680E+02 -0.118920858900E+01  0.625963674870E+02  0.707106732115E+00
 -0.150684751680E+02 -0.118920858900E+01  0.625963674870E+02  0.100000000000E+01
 -0.150684751680E+02 -0.118920858900E+01  0.625963674870E+02  0.707106944557E+00
 -0.150684751680E+02 -0.118920858900E+01  0.625963674870E+02  0.100000000000E+01
 -0.150684751680E+02 -0.118920858900E+01  0.625963674870E+02  0.707106761435E+00
 -0.150684751680E+02 -0.118920858900E+01  0.625963674870E+02  0.100000000000E+01
 -0.150684751680E+02 -0.118920858900E+01  0.625963674870E+02  0.707106686639E+00
 -0.150684751680E+02 -0.118920858900E+01  0.625963674870E+02  0.100000000000E+01
 -0.155477427880E+02 -0.223748921700E+01  0.635041787670E+02  0.100000000000E+01
 -0.145140560390E+02 -0.252674430500E+01  0.631410746520E+02  0.707106732115E+00
 -0.140173445330E+02 -0.181170003100E+01  0.624324864070E+02  0.100000000000E+01
 -0.128706703130E+02 -0.935002983000E+00  0.612807433480E+02  0.707106944557E+00
 -0.143276676870E+02  0.431124909000E+00  0.611931573700E+02  0.100000000000E+01
 -0.165291767090E+02  0.200236691800E+01  0.613691100210E+02  0.707106761435E+00
 -0.171653842320E+02  0.526053000000E-01  0.629232943150E+02  0.100000000000E+01
 -0.172542995870E+02 -0.153359057200E+01  0.639620801610E+02  0.707106686639E+00
 -0.155477427880E+02 -0.223748921700E+01  0.635041787670E+02  0.100000000000E+01
 -0.151881651950E+02 -0.132928884500E+01  0.623675602570E+02  0.100000000000E+01
 -0.151881651950E+02 -0.132928884500E+01  0.623675602570E+02  0.707106881144E+00
 -0.151881651950E+02 -0.132928884500E+01  0.623675602570E+02  0.100000000000E+01
 -0.151881651950E+02 -0.132928884500E+01  0.623675602570E+02  0.707106547280E+00
 -0.151881651950E+02 -0.132928884500E+01  0.623675602570E+02  0.100000000000E+01
 -0.151881651950E+02 -0.132928884500E+01  0.623675602570E+02  0.707106725470E+00
 -0.151881651950E+02 -0.132928884500E+01  0.623675602570E+02  0.100000000000E+01
 -0.151881651950E+02 -0.132928884500E+01  0.623675602570E+02  0.707106995075E+00
 -0.151881651950E+02 -0.132928884500E+01  0.623675602570E+02  0.100000000000E+01
 -0.156878758290E+02 -0.241247981700E+01  0.632773917790E+02  0.100000000000E+01
 -0.146023235060E+02 -0.262197865000E+01  0.629789143520E+02  0.707106881144E+00
 -0.140611758830E+02 -0.190981240500E+01  0.622954053630E+02  0.100000000000E+01
 -0.128702297680E+02 -0.970701283000E+00  0.612025106580E+02  0.707106547280E+00
 -0.144287777720E+02  0.316788740000E+00  0.609849320040E+02  0.100000000000E+01
 -0.166358639220E+02  0.185871887300E+01  0.611580035190E+02  0.707106725470E+00
 -0.173892471760E+02 -0.413455230000E-01  0.626920014670E+02  0.100000000000E+01
 -0.175730738680E+02 -0.174550572500E+01  0.638203792730E+02  0.707106995075E+00
 -0.156878758290E+02 -0.241247981700E+01  0.632773917790E+02  0.100000000000E+01
 -0.153078076030E+02 -0.146549515000E+01  0.621363999960E+02  0.100000000000E+01
 -0.153078076030E+02 -0.146549515000E+01  0.621363999960E+02  0.707106469264E+00
 -0.153078076030E+02 -0.146549515000E+01  0.621363999960E+02  0.100000000000E+01
 -0.153078076030E+02 -0.146549515000E+01  0.621363999960E+02  0.707106952657E+00
 -0.153078076030E+02 -0.146549515000E+01  0.621363999960E+02  0.100000000000E+01
 -0.153078076030E+02 -0.146549515000E+01  0.621363999960E+02  0.707106856855E+00
 -0.153078076030E+02 -0.146549515000E+01  0.621363999960E+02  0.100000000000E+01
 -0.153078076030E+02 -0.146549515000E+01  0.621363999960E+02  0.707106748735E+00
 -0.153078076030E+02 -0.146549515000E+01  0.621363999960E+02  0.100000000000E+01
 -0.158180122250E+02 -0.256308891800E+01  0.630348992260E+02  0.100000000000E+01
 -0.146964176390E+02 -0.270772058900E+01  0.628183930950E+02  0.707106469264E+00
 -0.140952133270E+02 -0.200505867800E+01  0.621658356060E+02  0.100000000000E+01
 -0.128704756250E+02 -0.100090263200E+01  0.611302974310E+02  0.707106952657E+00
 -0.145333492610E+02  0.200584684000E+00  0.607725292930E+02  0.100000000000E+01
 -0.167143754680E+02  0.166855692800E+01  0.609493288620E+02  0.707106856855E+00
 -0.175306006370E+02 -0.181487421000E+00  0.624427321940E+02  0.100000000000E+01
 -0.177412754950E+02 -0.191909897800E+01  0.635777337140E+02  0.707106748735E+00
 -0.158180122250E+02 -0.256308891800E+01  0.630348992260E+02  0.100000000000E+01
 -0.154273874920E+02 -0.159840235600E+01  0.619032943230E+02  0.100000000000E+01
 -0.154273874920E+02 -0.159840235600E+01  0.619032943230E+02  0.707106700049E+00
 -0.154273874920E+02 -0.159840235600E+01  0.619032943230E+02  0.100000000000E+01
 -0.154273874920E+02 -0.159840235600E+01  0.619032943230E+02  0.707106904648E+00
 -0.154273874920E+02 -0.159840235600E+01  0.619032943230E+02  0.100000000000E+01
 -0.154273874920E+02 -0.159840235600E+01  0.619032943230E+02  0.707106815741E+00
 -0.154273874920E+02 -0.159840235600E+01  0.619032943230E+02  0.100000000000E+01
 -0.154273874920E+02 -0.159840235600E+01  0.619032943230E+02  0.707106644346E+00
 -0.154273874920E+02 -0.159840235600E+01  0.619032943230E+02  0.100000000000E+01
 -0.159384058170E+02 -0.269064664200E+01  0.627778824030E+02  0.100000000000E+01
 -0.147683781520E+02 -0.283767154300E+01  0.626921805830E+02  0.707106700049E+00
 -0.141202392770E+02 -0.209436211700E+01  0.620476674270E+02  0.100000000000E+01
 -0.130768875810E+02 -0.975285713000E+00  0.610662390140E+02  0.707106904648E+00
 -0.146407225450E+02  0.830045310000E-01  0.605569466130E+02  0.100000000000E+01
 -0.167931618780E+02  0.144086018600E+01  0.607545037850E+02  0.707106815741E+00
 -0.176378479000E+02 -0.338650557000E+00  0.621849920260E+02  0.100000000000E+01
 -0.178835773330E+02 -0.208736269400E+01  0.633214097770E+02  0.707106644346E+00
 -0.159384058170E+02 -0.269064664200E+01  0.627778824030E+02  0.100000000000E+01
 -0.155468973670E+02 -0.172845684400E+01  0.616685489060E+02  0.100000000000E+01
 -0.155468973670E+02 -0.172845684400E+01  0.616685489060E+02  0.707106806441E+00
 -0.155468973670E+02 -0.172845684400E+01  0.616685489060E+02  0.100000000000E+01
 -0.155468973670E+02 -0.172845684400E+01  0.616685489060E+02  0.707106866858E+00
 -0.155468973670E+02 -0.172845684400E+01  0.616685489060E+02  0.100000000000E+01
 -0.155468973670E+02 -0.172845684400E+01  0.616685489060E+02  0.707106774359E+00
 -0.155468973670E+02 -0.172845684400E+01  0.616685489060E+02  0.100000000000E+01
 -0.155468973670E+02 -0.172845684400E+01  0.616685489060E+02  0.707106649615E+00
 -0.155468973670E+02 -0.172845684400E+01  0.616685489060E+02  0.100000000000E+01
 -0.160522184750E+02 -0.280246467300E+01  0.625121534780E+02  0.100000000000E+01
 -0.148199224230E+02 -0.299345775400E+01  0.626014657210E+02  0.707106806441E+00
 -0.141262453190E+02 -0.217824047800E+01  0.619468955250E+02  0.100000000000E+01
 -0.132666593710E+02 -0.955344241000E+00  0.609732922260E+02  0.707106866858E+00
 -0.147725280440E+02 -0.826167540000E-01  0.603757844760E+02  0.100000000000E+01
 -0.168747299430E+02  0.120547718200E+01  0.605589851900E+02  0.707106774359E+00
 -0.177314196450E+02 -0.500782828000E+00  0.619229867420E+02  0.100000000000E+01
 -0.179989422560E+02 -0.225244905700E+01  0.630532696210E+02  0.707106649615E+00
 -0.160522184750E+02 -0.280246467300E+01  0.625121534780E+02  0.100000000000E+01
 -0.156663340090E+02 -0.185601324500E+01  0.614323993140E+02  0.100000000000E+01
 -0.156663340090E+02 -0.185601324500E+01  0.614323993140E+02  0.707106868156E+00
 -0.156663340090E+02 -0.185601324500E+01  0.614323993140E+02  0.100000000000E+01
 -0.156663340090E+02 -0.185601324500E+01  0.614323993140E+02  0.707106694046E+00
 -0.156663340090E+02 -0.185601324500E+01  0.614323993140E+02  0.100000000000E+01
 -0.156663340090E+02 -0.185601324500E+01  0.614323993140E+02  0.707106763692E+00
 -0.156663340090E+02 -0.185601324500E+01  0.614323993140E+02  0.100000000000E+01
 -0.156663340090E+02 -0.185601324500E+01  0.614323993140E+02  0.707106899048E+00
 -0.156663340090E+02 -0.185601324500E+01  0.614323993140E+02  0.100000000000E+01
 -0.161591900960E+02 -0.289836128800E+01  0.622373775710E+02  0.100000000000E+01
 -0.148565083970E+02 -0.317011020400E+01  0.625562004650E+02  0.707106868156E+00
 -0.141219588320E+02 -0.224970019100E+01  0.618681830850E+02  0.100000000000E+01
 -0.133474426150E+02 -0.942373708000E+00  0.608704739250E+02  0.707106694046E+00
 -0.149108496880E+02 -0.258228094000E+00  0.601984732500E+02  0.100000000000E+01
 -0.170090004890E+02  0.108089620000E+01  0.603176598300E+02  0.707106763692E+00
 -0.178206185990E+02 -0.662608745000E+00  0.616587305590E+02  0.100000000000E+01
 -0.181035837780E+02 -0.242683430000E+01  0.627884332550E+02  0.707106899048E+00
 -0.161591900960E+02 -0.289836128800E+01  0.622373775710E+02  0.100000000000E+01
 -0.157856966820E+02 -0.198135871000E+01  0.611950313090E+02  0.100000000000E+01
 -0.157856966820E+02 -0.198135871000E+01  0.611950313090E+02  0.707106549083E+00
 -0.157856966820E+02 -0.198135871000E+01  0.611950313090E+02  0.100000000000E+01
 -0.157856966820E+02 -0.198135871000E+01  0.611950313090E+02  0.707106779688E+00
 -0.157856966820E+02 -0.198135871000E+01  0.611950313090E+02  0.100000000000E+01
 -0.157856966820E+02 -0.198135871000E+01  0.611950313090E+02  0.707106826927E+00
 -0.157856966820E+02 -0.198135871000E+01  0.611950313090E+02  0.100000000000E+01
 -0.157856966820E+02 -0.198135871000E+01  0.611950313090E+02  0.707106806919E+00
 -0.157856966820E+02 -0.198135871000E+01  0.611950313090E+02  0.100000000000E+01
 -0.162750729230E+02 -0.301181540800E+01  0.619789078250E+02  0.100000000000E+01
 -0.149111732470E+02 -0.330289158500E+01  0.625086088980E+02  0.707106549083E+00
 -0.141136663760E+02 -0.230385887400E+01  0.618149348210E+02  0.100000000000E+01
 -0.133905365440E+02 -0.911359978000E+00  0.607683341840E+02  0.707106779688E+00
 -0.150394978520E+02 -0.410121219000E+00  0.599997763840E+02  0.100000000000E+01
 -0.171164765170E+02  0.102371327200E+01  0.600228816980E+02  0.707106826927E+00
 -0.179052177920E+02 -0.824331897000E+00  0.613927958760E+02  0.100000000000E+01
 -0.182141468260E+02 -0.257423447200E+01  0.625130940540E+02  0.707106806919E+00
 -0.162750729230E+02 -0.301181540800E+01  0.619789078250E+02  0.100000000000E+01
 -0.159049861350E+02 -0.210472956200E+01  0.609565941700E+02  0.100000000000E+01
 -0.159049861350E+02 -0.210472956200E+01  0.609565941700E+02  0.707106456405E+00
 -0.159049861350E+02 -0.210472956200E+01  0.609565941700E+02  0.100000000000E+01
 -0.159049861350E+02 -0.210472956200E+01  0.609565941700E+02  0.707106755157E+00
 -0.159049861350E+02 -0.210472956200E+01  0.609565941700E+02  0.100000000000E+01
 -0.159049861350E+02 -0.210472956200E+01  0.609565941700E+02  0.707106897615E+00
 -0.159049861350E+02 -0.210472956200E+01  0.609565941700E+02  0.100000000000E+01
 -0.159049861350E+02 -0.210472956200E+01  0.609565941700E+02  0.707106672274E+00
 -0.159049861350E+02 -0.210472956200E+01  0.609565941700E+02  0.100000000000E+01
 -0.164127140190E+02 -0.316026888500E+01  0.617248646390E+02  0.100000000000E+01
 -0.150068672830E+02 -0.340076415200E+01  0.624296773510E+02  0.707106456405E+00
 -0.141176343260E+02 -0.235101632900E+01  0.617994228980E+02  0.100000000000E+01
 -0.133938968910E+02 -0.854159160000E+00  0.607112372150E+02  0.707106755157E+00
 -0.151545969380E+02 -0.544709467000E+00  0.598211351440E+02  0.100000000000E+01
 -0.171881751040E+02  0.941238004000E+00  0.597716956990E+02  0.707106897615E+00
 -0.179938851900E+02 -0.977810484000E+00  0.611243919470E+02  0.100000000000E+01
 -0.183765414550E+02 -0.269974944300E+01  0.622103560490E+02  0.707106672274E+00
 -0.164127140190E+02 -0.316026888500E+01  0.617248646390E+02  0.100000000000E+01
           1
           2
           3
           4
           5
           6
           7
           8
           9
          10
          11
          12
          13
          14
          15
          16
          17
          18
          19
          20
          21
          22
          23
          24
          25
          26
          27
          28
          29
          30
          31
          32
          33
          34
          35
          36
          37
          38
          39
          40
          41
          42
          43
          44
          45
          46
          47
          48
          49
          50
          51
          52
          53
          54
          55
          56
          57
          58
          59
          60
          61
          62
          63
          64
          65
          66
          67
          68
          69
          70
          71
          72
          73
          74
          75
          76
          77
          78
          79
          80
          81
          82
          83
          84
          85
          86
          87
          88
          89
          90
          91
          92
          93
          94
          95
          96
          97
          98
          99
         100
         101
         102
         103
         104
         105
         106
         107
         108
         109
         110
         111
         112
         113
         114
         115
         116
         117
         118
         119
         120
         121
         122
         123
         124
         125
         126
         127
         128
         129
         130
         131
         132
         133
         134
         135
         136
         137
         138
         139
         140
         141
         142
         143
         144
 1 0 0
 0 0 0
 0 0 0
 0 0 0
 0 0 0
 0 0 0
 0 0 0
 0 0 0
 0 0 0
 0 0 0
 0 0 0
 0 0 0
 0 0 0
 0 0 0
 0 0 0
 0 0 0
 0 0 0
 0 0 0
 0 0 0
 0 0 0
 0 0 0
 0 0 0
 0 0 0
 0 0 0
 0 0 0
 0 0 0
 0 0 0
 0 0 0
 0 0 0
 0 0 0
 0 0 0
 0 0 0
 0 0 0
 0 0 0
 0 0 0
 0 0 0
 0 0 0
 0 0 0
 0 0 0
 0 0 0
 0 0 0
 0 0 0
 0 0 0
 0 0 0
 0 0 0
 0 0 0
 0 0 0
 0 0 0
 0 0 0
 0 0 0
 0 0 0
 0 0 0
 0 0 0
 0 0 0
 0 0 0
 0 0 0
 0 0 0
 0 0 0
 0 0 0
 0 0 0
 0 0 0
 0 0 0
 0 0 0
 0 0 0
 0 0 0
 0 0 0
 0 0 0
 0 0 0
 0 0 0
 0 0 0
 0 0 0
 0 0 0
 0 0 0
 0 0 0
 0 0 0
 0 0 0
 0 0 0
 0 0 0
 0 0 0
 0 0 0
 0 0 0
 0 0 0
 0 0 0
 0 0 0
 0 0 0
 0 0 0
 0 0 0
 0 0 0
 0 0 0
 0 0 0
 0 0 0
 0 0 0
 0 0 0
 0 0 0
 0 0 0
 0 0 0
 0 0 0
 0 0 0
 0 0 0
 0 0 0
 0 0 0
 0 0 0
 0 0 0
 0 0 0
 0 0 0
 0 0 0
 0 0 0
 0 0 0
 0 0 0
 0 0 0
 0 0 0
 0 0 0
 0 0 0
 0 0 0
 0 0 0
 0 0 0
 0 0 0
 0 0 0
 0 0 0
 0 0 0
 0 0 0
 0 0 0
 0 0 0
 0 0 0
 0 0 0
 0 0 0
 0 0 0
 0 0 0
 0 0 0
 0 0 0
 0 0 0
 0 0 0
 0 0 0
 0 0 0
 0 0 0
 0 0 0
 0 0 0
 0 0 0
 0 0 0
 0 0 0
 0 0 0
 0 0 0
 0 0 0
 0 0 0
 0 0 0
  0.000000000  0.000000000  0.000000000
  0.000000000  0.000000000  0.000000000
  0.000000000  0.000000000  0.000000000
  0.000000000  0.000000000  0.000000000
  0.000000000  0.000000000  0.000000000
  0.000000000  0.000000000  0.000000000
  0.000000000  0.000000000  0.000000000
  0.000000000  0.000000000  0.000000000
  0.000000000  0.000000000  0.000000000
  0.000000000  0.000000000  0.000000000
  0.000000000  0.000000000  0.000000000
  0.000000000  0.000000000  0.000000000
  0.000000000  0.000000000  0.000000000
  0.000000000  0.000000000  0.000000000
  0.000000000  0.000000000  0.000000000
  0.000000000  0.000000000  0.000000000
  0.000000000  0.000000000  0.000000000
  0.000000000  0.000000000  0.000000000
  0.000000000  0.000000000  0.000000000
  0.000000000  0.000000000  0.000000000
  0.000000000  0.000000000  0.000000000
  0.000000000  0.000000000  0.000000000
  0.000000000  0.000000000  0.000000000
  0.000000000  0.000000000  0.000000000
  0.000000000  0.000000000  0.000000000
  0.000000000  0.000000000  0.000000000
  0.000000000  0.000000000  0.000000000
  0.000000000  0.000000000  0.000000000
  0.000000000  0.000000000  0.000000000
  0.000000000  0.000000000  0.000000000
  0.000000000  0.000000000  0.000000000
  0.000000000  0.000000000  0.000000000
  0.000000000  0.000000000  0.000000000
  0.000000000  0.000000000  0.000000000
  0.000000000  0.000000000  0.000000000
  0.000000000  0.000000000  0.000000000
  0.000000000  0.000000000  0.000000000
  0.000000000  0.000000000  0.000000000
  0.000000000  0.000000000  0.000000000
  0.000000000  0.000000000  0.000000000
  0.000000000  0.000000000  0.000000000
  0.000000000  0.000000000  0.000000000
  0.000000000  0.000000000  0.000000000
  0.000000000  0.000000000  0.000000000
  0.000000000  0.000000000  0.000000000
  0.000000000  0.000000000  0.000000000
  0.000000000  0.000000000  0.000000000
  0.000000000  0.000000000  0.000000000
  0.000000000  0.000000000  0.000000000
  0.000000000  0.000000000  0.000000000
  0.000000000  0.000000000  0.000000000
  0.000000000  0.000000000  0.000000000
  0.000000000  0.000000000  0.000000000
  0.000000000  0.000000000  0.000000000
  0.000000000  0.000000000  0.000000000
  0.000000000  0.000000000  0.000000000
  0.000000000  0.000000000  0.000000000
  0.000000000  0.000000000  0.000000000
  0.000000000  0.000000000  0.000000000
  0.000000000  0.000000000  0.000000000
  0.000000000  0.000000000  0.000000000
  0.000000000  0.000000000  0.000000000
  0.000000000  0.000000000  0.000000000
  0.000000000  0.000000000  0.000000000
  0.000000000  0.000000000  0.000000000
  0.000000000  0.000000000  0.000000000
  0.000000000  0.000000000  0.000000000
  0.000000000  0.000000000  0.000000000
  0.000000000  0.000000000  0.000000000
  0.000000000  0.000000000  0.000000000
  0.000000000  0.000000000  0.000000000
  0.000000000  0.000000000  0.000000000
  0.000000000  0.000000000  0.000000000
  0.000000000  0.000000000  0.000000000
  0.000000000  0.000000000  0.000000000
  0.000000000  0.000000000  0.000000000
  0.000000000  0.000000000  0.000000000
  0.000000000  0.000000000  0.000000000
  0.000000000  0.000000000  0.000000000
  0.000000000  0.000000000  0.000000000
  0.000000000  0.000000000  0.000000000
  0.000000000  0.000000000  0.000000000
  0.000000000  0.000000000  0.000000000
  0.000000000  0.000000000  0.000000000
  0.000000000  0.000000000  0.000000000
  0.000000000  0.000000000  0.000000000
  0.000000000  0.000000000  0.000000000
  0.000000000  0.000000000  0.000000000
  0.000000000  0.000000000  0.000000000
  0.000000000  0.000000000  0.000000000
  0.000000000  0.000000000  0.000000000
  0.000000000  0.000000000  0.000000000
  0.000000000  0.000000000  0.000000000
  0.000000000  0.000000000  0.000000000
  0.000000000  0.000000000  0.000000000
  0.000000000  0.000000000  0.000000000
  0.000000000  0.000000000  0.000000000
  0.000000000  0.000000000  0.000000000
  0.000000000  0.000000000  0.000000000
  0.000000000  0.000000000  0.000000000
  0.000000000  0.000000000  0.000000000
  0.000000000  0.000000000  0.000000000
  0.000000000  0.000000000  0.000000000
  0.000000000  0.000000000  0.000000000
  0.000000000  0.000000000  0.000000000
  0.000000000  0.000000000  0.000000000
  0.000000000  0.000000000  0.000000000
  0.000000000  0.000000000  0.000000000
  0.000000000  0.000000000  0.000000000
  0.000000000  0.000000000  0.000000000
  0.000000000  0.000000000  0.000000000
  0.000000000  0.000000000  0.000000000
  0.000000000  0.000000000  0.000000000
  0.000000000  0.000000000  0.000000000
  0.000000000  0.000000000  0.000000000
  0.000000000  0.000000000  0.000000000
  0.000000000  0.000000000  0.000000000
  0.000000000  0.000000000  0.000000000
  0.000000000  0.000000000  0.000000000
  0.000000000  0.000000000  0.000000000
  0.000000000  0.000000000  0.000000000
  0.000000000  0.000000000  0.000000000
  0.000000000  0.000000000  0.000000000
  0.000000000  0.000000000  0.000000000
  0.000000000  0.000000000  0.000000000
  0.000000000  0.000000000  0.000000000
  0.000000000  0.000000000  0.000000000
  0.000000000  0.000000000  0.000000000
  0.000000000  0.000000000  0.000000000
  0.000000000  0.000000000  0.000000000
  0.000000000  0.000000000  0.000000000
  0.000000000  0.000000000  0.000000000
  0.000000000  0.000000000  0.000000000
  0.000000000  0.000000000  0.000000000
  0.000000000  0.000000000  0.000000000
  0.000000000  0.000000000  0.000000000
  0.000000000  0.000000000  0.000000000
  0.000000000  0.000000000  0.000000000
  0.000000000  0.000000000  0.000000000
  0.000000000  0.000000000  0.000000000
  0.000000000  0.000000000  0.000000000
  0.000000000  0.000000000  0.000000000
  0.000000000  0.000000000  0.000000000
  0.000000000  0.000000000  0.000000000
 0 0 0
 0 0 0
 0 0 0
 0 0 0
 0 0 0
 0 0 0
 0 0 0
 0 0 0
 0 0 0
 0 0 0
 0 0 0
 0 0 0
 0 0 0
 0 0 0
 0 0 0
 0 0 0
 0 0 0
 0 0 0
 0 0 0
 0 0 0
 0 0 0
 0 0 0
 0 0 0
 0 0 0
 0 0 0
 0 0 0
 0 0 0
 0 0 0
 0 0 0
 0 0 0
 0 0 0
 0 0 0
 0 0 0
 0 0 0
 0 0 0
 0 0 0
 0 0 0
 0 0 0
 0 0 0
 0 0 0
 0 0 0
 0 0 0
 0 0 0
 0 0 0
 0 0 0
 0 0 0
 0 0 0
 0 0 0
 0 0 0
 0 0 0
 0 0 0
 0 0 0
 0 0 0
 0 0 0
 0 0 0
 0 0 0
 0 0 0
 0 0 0
 0 0 0
 0 0 0
 0 0 0
 0 0 0
 0 0 0
 0 0 0
 0 0 0
 0 0 0
 0 0 0
 0 0 0
 0 0 0
 0 0 0
 0 0 0
 0 0 0
 0 0 0
 0 0 0
 0 0 0
 0 0 0
 0 0 0
 0 0 0
 0 0 0
 0 0 0
 0 0 0
 0 0 0
 0 0 0
 0 0 0
 0 0 0
 0 0 0
 0 0 0
 0 0 0
 0 0 0
 0 0 0
 0 0 0
 0 0 0
 0 0 0
 0 0 0
 0 0 0
 0 0 0
 0 0 0
 0 0 0
  0.000000000  0.000000000  0.000000000
  0.000000000  0.000000000  0.000000000
  0.000000000  0.000000000  0.000000000
  0.000000000  0.000000000  0.000000000
  0.000000000  0.000000000  0.000000000
  0.000000000  0.000000000  0.000000000
  0.000000000  0.000000000  0.000000000
  0.000000000  0.000000000  0.000000000
  0.000000000  0.000000000  0.000000000
  0.000000000  0.000000000  0.000000000
  0.000000000  0.000000000  0.000000000
  0.000000000  0.000000000  0.000000000
  0.000000000  0.000000000  0.000000000
  0.000000000  0.000000000  0.000000000
  0.000000000  0.000000000  0.000000000
  0.000000000  0.000000000  0.000000000
  0.000000000  0.000000000  0.000000000
  0.000000000  0.000000000  0.000000000
  0.000000000  0.000000000  0.000000000
  0.000000000  0.000000000  0.000000000
  0.000000000  0.000000000  0.000000000
  0.000000000  0.000000000  0.000000000
  0.000000000  0.000000000  0.000000000
  0.000000000  0.000000000  0.000000000
  0.000000000  0.000000000  0.000000000
  0.000000000  0.000000000  0.000000000
  0.000000000  0.000000000  0.000000000
  0.000000000  0.000000000  0.000000000
  0.000000000  0.000000000  0.000000000
  0.000000000  0.000000000  0.000000000
  0.000000000  0.000000000  0.000000000
  0.000000000  0.000000000  0.000000000
  0.000000000  0.000000000  0.000000000
  0.000000000  0.000000000  0.000000000
  0.000000000  0.000000000  0.000000000
  0.000000000  0.000000000  0.000000000
  0.000000000  0.000000000  0.000000000
  0.000000000  0.000000000  0.000000000
  0.000000000  0.000000000  0.000000000
  0.000000000  0.000000000  0.000000000
  0.000000000  0.000000000  0.000000000
  0.000000000  0.000000000  0.000000000
  0.000000000  0.000000000  0.000000000
  0.000000000  0.000000000  0.000000000
  0.000000000  0.000000000  0.000000000
  0.000000000  0.000000000  0.000000000
  0.000000000  0.000000000  0.000000000
  0.000000000  0.000000000  0.000000000
  0.000000000  0.000000000  0.000000000
  0.000000000  0.000000000  0.000000000
  0.000000000  0.000000000  0.000000000
  0.000000000  0.000000000  0.000000000
  0.000000000  0.000000000  0.000000000
  0.000000000  0.000000000  0.000000000
  0.000000000  0.000000000  0.000000000
  0.000000000  0.000000000  0.000000000
  0.000000000  0.000000000  0.000000000
  0.000000000  0.000000000  0.000000000
  0.000000000  0.000000000  0.000000000
  0.000000000  0.000000000  0.000000000
  0.000000000  0.000000000  0.000000000
  0.000000000  0.000000000  0.000000000
  0.000000000  0.000000000  0.000000000
  0.000000000  0.000000000  0.000000000
  0.000000000  0.000000000  0.000000000
  0.000000000  0.000000000  0.000000000
  0.000000000  0.000000000  0.000000000
  0.000000000  0.000000000  0.000000000
  0.000000000  0.000000000  0.000000000
  0.000000000  0.000000000  0.000000000
  0.000000000  0.000000000  0.000000000
  0.000000000  0.000000000  0.000000000
  0.000000000  0.000000000  0.000000000
  0.000000000  0.000000000  0.000000000
  0.000000000  0.000000000  0.000000000
  0.000000000  0.000000000  0.000000000
  0.000000000  0.000000000  0.000000000
  0.000000000  0.000000000  0.000000000
  0.000000000  0.000000000  0.000000000
  0.000000000  0.000000000  0.000000000
  0.000000000  0.000000000  0.000000000
  0.000000000  0.000000000  0.000000000
  0.000000000  0.000000000  0.000000000
  0.000000000  0.000000000  0.000000000
  0.000000000  0.000000000  0.000000000
  0.000000000  0.000000000  0.000000000
  0.000000000  0.000000000  0.000000000
  0.000000000  0.000000000  0.000000000
  0.000000000  0.000000000  0.000000000
  0.000000000  0.000000000  0.000000000
  0.000000000  0.000000000  0.000000000
  0.000000000  0.000000000  0.000000000
  0.000000000  0.000000000  0.000000000
  0.000000000  0.000000000  0.000000000
  0.000000000  0.000000000  0.000000000
  0.000000000  0.000000000  0.000000000
  0.000000000  0.000000000  0.000000000
  0.000000000  0.000000000  0.000000000
  0.000000000  0.000000000  0.000000000
  0.000000000  0.000000000  0.000000000
  0.000000000  0.000000000  0.000000000
  0.000000000  0.000000000  0.000000000
  0.000000000  0.000000000  0.000000000
  0.000000000  0.000000000  0.000000000
  0.000000000  0.000000000  0.000000000
  0.000000000  0.000000000  0.000000000
  0.000000000  0.000000000  0.000000000
  0.000000000  0.000000000  0.000000000
  0.000000000  0.000000000  0.000000000
  0.000000000  0.000000000  0.000000000
  0.000000000  0.000000000  0.000000000
  0.000000000  0.000000000  0.000000000
  0.000000000  0.000000000  0.000000000
  0.000000000  0.000000000  0.000000000
  0.000000000  0.000000000  0.000000000
  0.000000000  0.000000000  0.000000000
  0.000000000  0.000000000  0.000000000
  0.000000000  0.000000000  0.000000000
  0.000000000  0.000000000  0.000000000
  0.000000000  0.000000000  0.000000000
  0.000000000  0.000000000  0.000000000
  0.000000000  0.000000000  0.000000000
  0.000000000  0.000000000  0.000000000
  0.000000000  0.000000000  0.000000000
  0.000000000  0.000000000  0.000000000
  0.000000000  0.000000000  0.000000000
  0.000000000  0.000000000  0.000000000
  0.000000000  0.000000000  0.000000000
  0.000000000  0.000000000  0.000000000
  0.000000000  0.000000000  0.000000000
  0.000000000  0.000000000  0.000000000
  0.000000000  0.000000000  0.000000000
  0.000000000  0.000000000  0.000000000
  0.000000000  0.000000000  0.000000000
  0.000000000  0.000000000  0.000000000
  0.000000000  0.000000000  0.000000000
  0.000000000  0.000000000  0.000000000
  0.000000000  0.000000000  0.000000000
  0.000000000  0.000000000  0.000000000
  0.000000000  0.000000000  0.000000000
   1.06000000000000     
   1.06000000000000     
   1.06000000000000     
   1.06000000000000     
   1.06000000000000     
   1.06000000000000     
   1.06000000000000     
   1.06000000000000     
   1.06000000000000     
   1.06000000000000     
   1.06000000000000     
   1.06000000000000     
   1.06000000000000     
   1.06000000000000     
   1.06000000000000     
   1.06000000000000     
   1.06000000000000     
   1.06000000000000     
   1.06000000000000     
   1.06000000000000     
   1.06000000000000     
   1.06000000000000     
   1.06000000000000     
   1.06000000000000     
   1.06000000000000     
   1.06000000000000     
   1.06000000000000     
   1.06000000000000     
   1.06000000000000     
   1.06000000000000     
   1.06000000000000     
   1.06000000000000     
   1.06000000000000     
   1.06000000000000     
   1.06000000000000     
   1.06000000000000     
   1.06000000000000     
   1.06000000000000     
   1.06000000000000     
   1.06000000000000     
   1.06000000000000     
   1.06000000000000     
  3.000000000000000E-002
  3.000000000000000E-002
  3.000000000000000E-002
  3.000000000000000E-002
  3.000000000000000E-002
  3.000000000000000E-002
  3.000000000000000E-002
  3.000000000000000E-002
  3.000000000000000E-002
  3.000000000000000E-002
  3.000000000000000E-002
  3.000000000000000E-002
  3.000000000000000E-002
  3.000000000000000E-002
  3.000000000000000E-002
  3.000000000000000E-002
  3.000000000000000E-002
  3.000000000000000E-002
  3.000000000000000E-002
  3.000000000000000E-002
  3.000000000000000E-002
  3.000000000000000E-002
  3.000000000000000E-002
  3.000000000000000E-002
  3.000000000000000E-002
  3.000000000000000E-002
  3.000000000000000E-002
  3.000000000000000E-002
  3.000000000000000E-002
  3.000000000000000E-002
  3.000000000000000E-002
  3.000000000000000E-002
  3.000000000000000E-002
  3.000000000000000E-002
  3.000000000000000E-002
  3.000000000000000E-002
  3.000000000000000E-002
  3.000000000000000E-002
  3.000000000000000E-002
  3.000000000000000E-002
  3.000000000000000E-002
  3.000000000000000E-002
