           3
 2 1 2
   9   2  19
  0.000000000  0.000000000  0.000000000  0.250000000  0.250000000  0.500000000  0.500000000  0.750000000  0.750000000  1.000000000  1.000000000  1.000000000
  0.000000000  0.000000000  1.000000000  1.000000000
  0.076955603  0.076955603  0.076955603  0.077428181  0.077900759  0.078373337  0.078845915  0.079318493  0.079791071  0.080263649  0.080736227  0.081208805  0.081681383  0.082153961  0.082626539  0.083099117  0.083571695  0.084044273  0.084516851  0.084989429  0.084989429  0.084989429
 -0.477467640400E+01 -0.277748643130E+02  0.528990969310E+02  0.100000000000E+01
 -0.477467640400E+01 -0.277748643130E+02  0.528990969310E+02  0.707106858749E+00
 -0.477467640400E+01 -0.277748643130E+02  0.528990969310E+02  0.100000000000E+01
 -0.477467640400E+01 -0.277748643130E+02  0.528990969310E+02  0.707107239681E+00
 -0.477467640400E+01 -0.277748643130E+02  0.528990969310E+02  0.100000000000E+01
 -0.477467640400E+01 -0.277748643130E+02  0.528990969310E+02  0.707106905108E+00
 -0.477467640400E+01 -0.277748643130E+02  0.528990969310E+02  0.100000000000E+01
 -0.477467640400E+01 -0.277748643130E+02  0.528990969310E+02  0.707106266708E+00
 -0.477467640400E+01 -0.277748643130E+02  0.528990969310E+02  0.100000000000E+01
 -0.484720026600E+01 -0.279510905920E+02  0.526950814530E+02  0.100000000000E+01
 -0.479326606900E+01 -0.288001785410E+02  0.527788118100E+02  0.707106858749E+00
 -0.457454529500E+01 -0.284182661480E+02  0.533837169240E+02  0.100000000000E+01
 -0.451773891600E+01 -0.278963068830E+02  0.535701505680E+02  0.707107239681E+00
 -0.470754904400E+01 -0.276117511910E+02  0.530879320770E+02  0.100000000000E+01
 -0.447472019400E+01 -0.275532721080E+02  0.529029349280E+02  0.707106905108E+00
 -0.438738930600E+01 -0.276434477620E+02  0.526479080930E+02  0.100000000000E+01
 -0.454809090800E+01 -0.278644460370E+02  0.524764921860E+02  0.707106266708E+00
 -0.484720026600E+01 -0.279510905920E+02  0.526950814530E+02  0.100000000000E+01
 -0.449151823000E+01 -0.278444094520E+02  0.528694753250E+02  0.100000000000E+01
 -0.449151823000E+01 -0.278444094520E+02  0.528694753250E+02  0.707107566909E+00
 -0.449151823000E+01 -0.278444094520E+02  0.528694753250E+02  0.100000000000E+01
 -0.449151823000E+01 -0.278444094520E+02  0.528694753250E+02  0.707108629980E+00
 -0.449151823000E+01 -0.278444094520E+02  0.528694753250E+02  0.100000000000E+01
 -0.449151823000E+01 -0.278444094520E+02  0.528694753250E+02  0.707106199716E+00
 -0.449151823000E+01 -0.278444094520E+02  0.528694753250E+02  0.100000000000E+01
 -0.449151823000E+01 -0.278444094520E+02  0.528694753250E+02  0.707105533503E+00
 -0.449151823000E+01 -0.278444094520E+02  0.528694753250E+02  0.100000000000E+01
 -0.455427760200E+01 -0.280677360200E+02  0.526151104930E+02  0.100000000000E+01
 -0.442889739400E+01 -0.288132310620E+02  0.527471242050E+02  0.707107566909E+00
 -0.430230803600E+01 -0.283479374390E+02  0.532648757140E+02  0.100000000000E+01
 -0.430606218600E+01 -0.279261182690E+02  0.533870276440E+02  0.707108629980E+00
 -0.445041248200E+01 -0.276981383860E+02  0.530360779330E+02  0.100000000000E+01
 -0.433143321900E+01 -0.276296519440E+02  0.528800986140E+02  0.707106199716E+00
 -0.429845128700E+01 -0.276929601930E+02  0.526888723980E+02  0.100000000000E+01
 -0.433270014300E+01 -0.278736533430E+02  0.524442841150E+02  0.707105533503E+00
 -0.455427760200E+01 -0.280677360200E+02  0.526151104930E+02  0.100000000000E+01
 -0.420117039600E+01 -0.278716298460E+02  0.528389944310E+02  0.100000000000E+01
 -0.420117039600E+01 -0.278716298460E+02  0.528389944310E+02  0.707106631038E+00
 -0.420117039600E+01 -0.278716298460E+02  0.528389944310E+02  0.100000000000E+01
 -0.420117039600E+01 -0.278716298460E+02  0.528389944310E+02  0.707104611637E+00
 -0.420117039600E+01 -0.278716298460E+02  0.528389944310E+02  0.100000000000E+01
 -0.420117039600E+01 -0.278716298460E+02  0.528389944310E+02  0.707106870679E+00
 -0.420117039600E+01 -0.278716298460E+02  0.528389944310E+02  0.100000000000E+01
 -0.420117039600E+01 -0.278716298460E+02  0.528389944310E+02  0.707108976396E+00
 -0.420117039600E+01 -0.278716298460E+02  0.528389944310E+02  0.100000000000E+01
 -0.424330977300E+01 -0.281484548800E+02  0.525238747010E+02  0.100000000000E+01
 -0.408265190900E+01 -0.286997624920E+02  0.527572779940E+02  0.707106631038E+00
 -0.405156706500E+01 -0.282407449580E+02  0.531432476810E+02  0.100000000000E+01
 -0.406577221500E+01 -0.279066904540E+02  0.532945006440E+02  0.707104611637E+00
 -0.417965070900E+01 -0.277302605150E+02  0.529999178640E+02  0.100000000000E+01
 -0.411413590500E+01 -0.276566484280E+02  0.528542519500E+02  0.707106870679E+00
 -0.410209945700E+01 -0.277192465700E+02  0.526918792210E+02  0.100000000000E+01
 -0.409786813700E+01 -0.278712215770E+02  0.524032600990E+02  0.707108976396E+00
 -0.424330977300E+01 -0.281484548800E+02  0.525238747010E+02  0.100000000000E+01
 -0.390965684800E+01 -0.278652289730E+02  0.528074617050E+02  0.100000000000E+01
 -0.390965684800E+01 -0.278652289730E+02  0.528074617050E+02  0.707106501011E+00
 -0.390965684800E+01 -0.278652289730E+02  0.528074617050E+02  0.100000000000E+01
 -0.390965684800E+01 -0.278652289730E+02  0.528074617050E+02  0.707105364491E+00
 -0.390965684800E+01 -0.278652289730E+02  0.528074617050E+02  0.100000000000E+01
 -0.390965684800E+01 -0.278652289730E+02  0.528074617050E+02  0.707107142066E+00
 -0.390965684800E+01 -0.278652289730E+02  0.528074617050E+02  0.100000000000E+01
 -0.390965684800E+01 -0.278652289730E+02  0.528074617050E+02  0.707108261646E+00
 -0.390965684800E+01 -0.278652289730E+02  0.528074617050E+02  0.100000000000E+01
 -0.392702358100E+01 -0.281784617000E+02  0.524469253680E+02  0.100000000000E+01
 -0.377203334000E+01 -0.286151564260E+02  0.527260341190E+02  0.707106501011E+00
 -0.377090405500E+01 -0.282094332360E+02  0.530998220730E+02  0.100000000000E+01
 -0.378546982800E+01 -0.278740823940E+02  0.533411631590E+02  0.707105364491E+00
 -0.390037567500E+01 -0.276978319890E+02  0.530001365320E+02  0.100000000000E+01
 -0.387164660700E+01 -0.276328640130E+02  0.528339402840E+02  0.707107142066E+00
 -0.386863870200E+01 -0.277118309870E+02  0.526722130960E+02  0.100000000000E+01
 -0.386502324200E+01 -0.278706258000E+02  0.523703302720E+02  0.707108261646E+00
 -0.392702358100E+01 -0.281784617000E+02  0.524469253680E+02  0.100000000000E+01
 -0.362013180700E+01 -0.278316128940E+02  0.527745361580E+02  0.100000000000E+01
 -0.362013180700E+01 -0.278316128940E+02  0.527745361580E+02  0.707107357620E+00
 -0.362013180700E+01 -0.278316128940E+02  0.527745361580E+02  0.100000000000E+01
 -0.362013180700E+01 -0.278316128940E+02  0.527745361580E+02  0.707107116504E+00
 -0.362013180700E+01 -0.278316128940E+02  0.527745361580E+02  0.100000000000E+01
 -0.362013180700E+01 -0.278316128940E+02  0.527745361580E+02  0.707105383431E+00
 -0.362013180700E+01 -0.278316128940E+02  0.527745361580E+02  0.100000000000E+01
 -0.362013180700E+01 -0.278316128940E+02  0.527745361580E+02  0.707107264827E+00
 -0.362013180700E+01 -0.278316128940E+02  0.527745361580E+02  0.100000000000E+01
 -0.361321021600E+01 -0.281574102310E+02  0.523933675640E+02  0.100000000000E+01
 -0.347430679300E+01 -0.285496368150E+02  0.526739434280E+02  0.707107357620E+00
 -0.348976751400E+01 -0.281747025800E+02  0.530701524570E+02  0.100000000000E+01
 -0.351777822800E+01 -0.278449809310E+02  0.533369501050E+02  0.707107116504E+00
 -0.362388409400E+01 -0.276549894950E+02  0.529811788650E+02  0.100000000000E+01
 -0.362769944600E+01 -0.275944552000E+02  0.528085212060E+02  0.707105383431E+00
 -0.362638613500E+01 -0.276837052760E+02  0.526480007290E+02  0.100000000000E+01
 -0.362357143600E+01 -0.278500668110E+02  0.523840905600E+02  0.707107264827E+00
 -0.361321021600E+01 -0.281574102310E+02  0.523933675640E+02  0.100000000000E+01
 -0.333437090400E+01 -0.277751850490E+02  0.527397787140E+02  0.100000000000E+01
 -0.333437090400E+01 -0.277751850490E+02  0.527397787140E+02  0.707106201596E+00
 -0.333437090400E+01 -0.277751850490E+02  0.527397787140E+02  0.100000000000E+01
 -0.333437090400E+01 -0.277751850490E+02  0.527397787140E+02  0.707109075369E+00
 -0.333437090400E+01 -0.277751850490E+02  0.527397787140E+02  0.100000000000E+01
 -0.333437090400E+01 -0.277751850490E+02  0.527397787140E+02  0.707108370791E+00
 -0.333437090400E+01 -0.277751850490E+02  0.527397787140E+02  0.100000000000E+01
 -0.333437090400E+01 -0.277751850490E+02  0.527397787140E+02  0.707103476977E+00
 -0.333437090400E+01 -0.277751850490E+02  0.527397787140E+02  0.100000000000E+01
 -0.331067081000E+01 -0.280546874220E+02  0.524065622680E+02  0.100000000000E+01
 -0.318407955400E+01 -0.284636693390E+02  0.526458167720E+02  0.707106201596E+00
 -0.321410597900E+01 -0.281240591250E+02  0.530409696170E+02  0.100000000000E+01
 -0.326644456900E+01 -0.278087247140E+02  0.532144606520E+02  0.707109075369E+00
 -0.334765122300E+01 -0.276185646140E+02  0.529264998930E+02  0.100000000000E+01
 -0.338172778600E+01 -0.275586533230E+02  0.527686230490E+02  0.707108370791E+00
 -0.338456085300E+01 -0.276295892390E+02  0.526140854230E+02  0.100000000000E+01
 -0.337589770500E+01 -0.277861565920E+02  0.523909515050E+02  0.707103476977E+00
 -0.331067081000E+01 -0.280546874220E+02  0.524065622680E+02  0.100000000000E+01
 -0.305357430600E+01 -0.276988172870E+02  0.527026435010E+02  0.100000000000E+01
 -0.305357430600E+01 -0.276988172870E+02  0.527026435010E+02  0.707107615935E+00
 -0.305357430600E+01 -0.276988172870E+02  0.527026435010E+02  0.100000000000E+01
 -0.305357430600E+01 -0.276988172870E+02  0.527026435010E+02  0.707108770116E+00
 -0.305357430600E+01 -0.276988172870E+02  0.527026435010E+02  0.100000000000E+01
 -0.305357430600E+01 -0.276988172870E+02  0.527026435010E+02  0.707104996667E+00
 -0.305357430600E+01 -0.276988172870E+02  0.527026435010E+02  0.100000000000E+01
 -0.305357430600E+01 -0.276988172870E+02  0.527026435010E+02  0.707105742024E+00
 -0.305357430600E+01 -0.276988172870E+02  0.527026435010E+02  0.100000000000E+01
 -0.301353295100E+01 -0.279856593720E+02  0.523536817990E+02  0.100000000000E+01
 -0.284774074500E+01 -0.283978406480E+02  0.526329701380E+02  0.707107615935E+00
 -0.292332874800E+01 -0.280023646910E+02  0.529670992430E+02  0.100000000000E+01
 -0.299055558300E+01 -0.277504907690E+02  0.530422544260E+02  0.707108770116E+00
 -0.307232966800E+01 -0.275644620490E+02  0.528660980420E+02  0.100000000000E+01
 -0.312414359500E+01 -0.274596434100E+02  0.527254592630E+02  0.707104996667E+00
 -0.312455491900E+01 -0.275333928840E+02  0.525585230060E+02  0.100000000000E+01
 -0.310963040900E+01 -0.276975613900E+02  0.523011582300E+02  0.707105742024E+00
 -0.301353295100E+01 -0.279856593720E+02  0.523536817990E+02  0.100000000000E+01
 -0.277882356000E+01 -0.276041886220E+02  0.526624291390E+02  0.100000000000E+01
 -0.277882356000E+01 -0.276041886220E+02  0.526624291390E+02  0.707106773781E+00
 -0.277882356000E+01 -0.276041886220E+02  0.526624291390E+02  0.100000000000E+01
 -0.277882356000E+01 -0.276041886220E+02  0.526624291390E+02  0.707108003569E+00
 -0.277882356000E+01 -0.276041886220E+02  0.526624291390E+02  0.100000000000E+01
 -0.277882356000E+01 -0.276041886220E+02  0.526624291390E+02  0.707106387590E+00
 -0.277882356000E+01 -0.276041886220E+02  0.526624291390E+02  0.100000000000E+01
 -0.277882356000E+01 -0.276041886220E+02  0.526624291390E+02  0.707105959806E+00
 -0.277882356000E+01 -0.276041886220E+02  0.526624291390E+02  0.100000000000E+01
 -0.271885310700E+01 -0.279220950940E+02  0.522672774010E+02  0.100000000000E+01
 -0.255069210400E+01 -0.282333865670E+02  0.525865919740E+02  0.707106773781E+00
 -0.265673901300E+01 -0.278398265370E+02  0.528705322030E+02  0.100000000000E+01
 -0.271870909900E+01 -0.276296166120E+02  0.529878090610E+02  0.707108003569E+00
 -0.280636870600E+01 -0.274581711910E+02  0.528439274430E+02  0.100000000000E+01
 -0.287864601700E+01 -0.273317407750E+02  0.526885603110E+02  0.707106387590E+00
 -0.287854662200E+01 -0.274117117590E+02  0.524924444360E+02  0.100000000000E+01
 -0.285566409700E+01 -0.275986185630E+02  0.521802556160E+02  0.707105959806E+00
 -0.271885310700E+01 -0.279220950940E+02  0.522672774010E+02  0.100000000000E+01
 -0.251121511200E+01 -0.274924533900E+02  0.526181231050E+02  0.100000000000E+01
 -0.251121511200E+01 -0.274924533900E+02  0.526181231050E+02  0.707106315430E+00
 -0.251121511200E+01 -0.274924533900E+02  0.526181231050E+02  0.100000000000E+01
 -0.251121511200E+01 -0.274924533900E+02  0.526181231050E+02  0.707104969740E+00
 -0.251121511200E+01 -0.274924533900E+02  0.526181231050E+02  0.100000000000E+01
 -0.251121511200E+01 -0.274924533900E+02  0.526181231050E+02  0.707107936152E+00
 -0.251121511200E+01 -0.274924533900E+02  0.526181231050E+02  0.100000000000E+01
 -0.251121511200E+01 -0.274924533900E+02  0.526181231050E+02  0.707107903422E+00
 -0.251121511200E+01 -0.274924533900E+02  0.526181231050E+02  0.100000000000E+01
 -0.244024092500E+01 -0.278029796170E+02  0.522243091590E+02  0.100000000000E+01
 -0.226961617400E+01 -0.280578526800E+02  0.525339985040E+02  0.707106315430E+00
 -0.237308406800E+01 -0.277176629430E+02  0.528205979900E+02  0.100000000000E+01
 -0.244225084500E+01 -0.275124776050E+02  0.529553847760E+02  0.707104969740E+00
 -0.254919707500E+01 -0.273262742040E+02  0.528288710510E+02  0.100000000000E+01
 -0.264818275100E+01 -0.271757300450E+02  0.526560653890E+02  0.707107936152E+00
 -0.263813040900E+01 -0.272855288790E+02  0.524320868050E+02  0.100000000000E+01
 -0.258668557700E+01 -0.275031815080E+02  0.521656215510E+02  0.707107903422E+00
 -0.244024092500E+01 -0.278029796170E+02  0.522243091590E+02  0.100000000000E+01
 -0.225151167000E+01 -0.273654831690E+02  0.525681524720E+02  0.100000000000E+01
 -0.225151167000E+01 -0.273654831690E+02  0.525681524720E+02  0.707105517590E+00
 -0.225151167000E+01 -0.273654831690E+02  0.525681524720E+02  0.100000000000E+01
 -0.225151167000E+01 -0.273654831690E+02  0.525681524720E+02  0.707108090607E+00
 -0.225151167000E+01 -0.273654831690E+02  0.525681524720E+02  0.100000000000E+01
 -0.225151167000E+01 -0.273654831690E+02  0.525681524720E+02  0.707108039630E+00
 -0.225151167000E+01 -0.273654831690E+02  0.525681524720E+02  0.100000000000E+01
 -0.225151167000E+01 -0.273654831690E+02  0.525681524720E+02  0.707105476915E+00
 -0.225151167000E+01 -0.273654831690E+02  0.525681524720E+02  0.100000000000E+01
 -0.218496761000E+01 -0.276265906870E+02  0.522320287850E+02  0.100000000000E+01
 -0.201988695900E+01 -0.278389335530E+02  0.524889120300E+02  0.707105517590E+00
 -0.210133333700E+01 -0.275750798390E+02  0.527607043220E+02  0.100000000000E+01
 -0.216733112400E+01 -0.273748441680E+02  0.529469480960E+02  0.707108090607E+00
 -0.230059685600E+01 -0.271728792740E+02  0.528160911190E+02  0.100000000000E+01
 -0.243325591300E+01 -0.269989987250E+02  0.526177795040E+02  0.707108039630E+00
 -0.240033093000E+01 -0.271577813540E+02  0.523773446270E+02  0.100000000000E+01
 -0.233891044500E+01 -0.273666814430E+02  0.521475239650E+02  0.707105476915E+00
 -0.218496761000E+01 -0.276265906870E+02  0.522320287850E+02  0.100000000000E+01
 -0.200047468800E+01 -0.272251370290E+02  0.525102997070E+02  0.100000000000E+01
 -0.200047468800E+01 -0.272251370290E+02  0.525102997070E+02  0.707107655577E+00
 -0.200047468800E+01 -0.272251370290E+02  0.525102997070E+02  0.100000000000E+01
 -0.200047468800E+01 -0.272251370290E+02  0.525102997070E+02  0.707106730850E+00
 -0.200047468800E+01 -0.272251370290E+02  0.525102997070E+02  0.100000000000E+01
 -0.200047468800E+01 -0.272251370290E+02  0.525102997070E+02  0.707105920998E+00
 -0.200047468800E+01 -0.272251370290E+02  0.525102997070E+02  0.100000000000E+01
 -0.200047468800E+01 -0.272251370290E+02  0.525102997070E+02  0.707106817322E+00
 -0.200047468800E+01 -0.272251370290E+02  0.525102997070E+02  0.100000000000E+01
 -0.194454597800E+01 -0.274366269140E+02  0.522363963040E+02  0.100000000000E+01
 -0.177034702100E+01 -0.276374181810E+02  0.524516899260E+02  0.707107655577E+00
 -0.180828598000E+01 -0.274554358000E+02  0.527273631150E+02  0.100000000000E+01
 -0.188805647800E+01 -0.272209903200E+02  0.529612428820E+02  0.707106730850E+00
 -0.205651103800E+01 -0.270132414890E+02  0.527847301980E+02  0.100000000000E+01
 -0.218834256700E+01 -0.268854314980E+02  0.525654620610E+02  0.707105920998E+00
 -0.214818369500E+01 -0.270481392290E+02  0.523434729050E+02  0.100000000000E+01
 -0.208327489800E+01 -0.272330898480E+02  0.521667366720E+02  0.707106817322E+00
 -0.194454597800E+01 -0.274366269140E+02  0.522363963040E+02  0.100000000000E+01
 -0.175922993700E+01 -0.270731806740E+02  0.524412554780E+02  0.100000000000E+01
 -0.175922993700E+01 -0.270731806740E+02  0.524412554780E+02  0.707107486549E+00
 -0.175922993700E+01 -0.270731806740E+02  0.524412554780E+02  0.100000000000E+01
 -0.175922993700E+01 -0.270731806740E+02  0.524412554780E+02  0.707104530572E+00
 -0.175922993700E+01 -0.270731806740E+02  0.524412554780E+02  0.100000000000E+01
 -0.175922993700E+01 -0.270731806740E+02  0.524412554780E+02  0.707105367467E+00
 -0.175922993700E+01 -0.270731806740E+02  0.524412554780E+02  0.100000000000E+01
 -0.175922993700E+01 -0.270731806740E+02  0.524412554780E+02  0.707109740147E+00
 -0.175922993700E+01 -0.270731806740E+02  0.524412554780E+02  0.100000000000E+01
 -0.171148574900E+01 -0.272627180240E+02  0.521980799770E+02  0.100000000000E+01
 -0.152060778600E+01 -0.274652392820E+02  0.523710726210E+02  0.707107486549E+00
 -0.154406178800E+01 -0.272926149380E+02  0.526545326560E+02  0.100000000000E+01
 -0.160330284300E+01 -0.270631424320E+02  0.529444959320E+02  0.707104530572E+00
 -0.181265973400E+01 -0.268610729630E+02  0.527133861350E+02  0.100000000000E+01
 -0.196896030800E+01 -0.267282748520E+02  0.525035922160E+02  0.707105367467E+00
 -0.191948040000E+01 -0.269097536870E+02  0.522824102260E+02  0.100000000000E+01
 -0.185970599100E+01 -0.270803899720E+02  0.521154486430E+02  0.707109740147E+00
 -0.171148574900E+01 -0.272627180240E+02  0.521980799770E+02  0.100000000000E+01
 -0.152982252200E+01 -0.269115452130E+02  0.523558994310E+02  0.100000000000E+01
 -0.152982252200E+01 -0.269115452130E+02  0.523558994310E+02  0.707106340477E+00
 -0.152982252200E+01 -0.269115452130E+02  0.523558994310E+02  0.100000000000E+01
 -0.152982252200E+01 -0.269115452130E+02  0.523558994310E+02  0.707107226596E+00
 -0.152982252200E+01 -0.269115452130E+02  0.523558994310E+02  0.100000000000E+01
 -0.152982252200E+01 -0.269115452130E+02  0.523558994310E+02  0.707107513546E+00
 -0.152982252200E+01 -0.269115452130E+02  0.523558994310E+02  0.100000000000E+01
 -0.152982252200E+01 -0.269115452130E+02  0.523558994310E+02  0.707106044128E+00
 -0.152982252200E+01 -0.269115452130E+02  0.523558994310E+02  0.100000000000E+01
 -0.149285760000E+01 -0.270835759070E+02  0.521421193220E+02  0.100000000000E+01
 -0.128875205300E+01 -0.272660834280E+02  0.523015944910E+02  0.707106340477E+00
 -0.126417735400E+01 -0.271375065510E+02  0.525836660960E+02  0.100000000000E+01
 -0.131868573700E+01 -0.268807924820E+02  0.529042095730E+02  0.707107226596E+00
 -0.157977120600E+01 -0.266790880420E+02  0.526447703080E+02  0.100000000000E+01
 -0.175167739400E+01 -0.265709001350E+02  0.524309600690E+02  0.707107513546E+00
 -0.170057807300E+01 -0.267662975010E+02  0.522094925650E+02  0.100000000000E+01
 -0.163925873400E+01 -0.269281061380E+02  0.520706145340E+02  0.707106044128E+00
 -0.149285760000E+01 -0.270835759070E+02  0.521421193220E+02  0.100000000000E+01
 -0.131472051400E+01 -0.267416729860E+02  0.522514385230E+02  0.100000000000E+01
 -0.131472051400E+01 -0.267416729860E+02  0.522514385230E+02  0.707106220660E+00
 -0.131472051400E+01 -0.267416729860E+02  0.522514385230E+02  0.100000000000E+01
 -0.131472051400E+01 -0.267416729860E+02  0.522514385230E+02  0.707106397298E+00
 -0.131472051400E+01 -0.267416729860E+02  0.522514385230E+02  0.100000000000E+01
 -0.131472051400E+01 -0.267416729860E+02  0.522514385230E+02  0.707107180520E+00
 -0.131472051400E+01 -0.267416729860E+02  0.522514385230E+02  0.100000000000E+01
 -0.131472051400E+01 -0.267416729860E+02  0.522514385230E+02  0.707107326269E+00
 -0.131472051400E+01 -0.267416729860E+02  0.522514385230E+02  0.100000000000E+01
 -0.128469513100E+01 -0.269080673770E+02  0.520518346090E+02  0.100000000000E+01
 -0.107211240100E+01 -0.270736250110E+02  0.521868681820E+02  0.707106220660E+00
 -0.104168494100E+01 -0.269353074010E+02  0.524539287430E+02  0.100000000000E+01
 -0.107574650900E+01 -0.266880852050E+02  0.527697536670E+02  0.707106397298E+00
 -0.135579984600E+01 -0.265140187750E+02  0.525245265610E+02  0.100000000000E+01
 -0.156591195500E+01 -0.263929582780E+02  0.523259647190E+02  0.707107180520E+00
 -0.151200574600E+01 -0.266017592300E+02  0.521051260470E+02  0.100000000000E+01
 -0.144725471900E+01 -0.267756539850E+02  0.519574649480E+02  0.707107326269E+00
 -0.128469513100E+01 -0.269080673770E+02  0.520518346090E+02  0.100000000000E+01
 -0.111502401000E+01 -0.265645389660E+02  0.521298127840E+02  0.100000000000E+01
 -0.111502401000E+01 -0.265645389660E+02  0.521298127840E+02  0.707106623980E+00
 -0.111502401000E+01 -0.265645389660E+02  0.521298127840E+02  0.100000000000E+01
 -0.111502401000E+01 -0.265645389660E+02  0.521298127840E+02  0.707108455051E+00
 -0.111502401000E+01 -0.265645389660E+02  0.521298127840E+02  0.100000000000E+01
 -0.111502401000E+01 -0.265645389660E+02  0.521298127840E+02  0.707107219402E+00
 -0.111502401000E+01 -0.265645389660E+02  0.521298127840E+02  0.100000000000E+01
 -0.111502401000E+01 -0.265645389660E+02  0.521298127840E+02  0.707104826313E+00
 -0.111502401000E+01 -0.265645389660E+02  0.521298127840E+02  0.100000000000E+01
 -0.108680452500E+01 -0.267442922340E+02  0.519202336510E+02  0.100000000000E+01
 -0.871260542000E+00 -0.268716310810E+02  0.520635393380E+02  0.707106623980E+00
 -0.847686275000E+00 -0.267252598910E+02  0.523036578050E+02  0.100000000000E+01
 -0.885633559000E+00 -0.265022866640E+02  0.525592390280E+02  0.707108455051E+00
 -0.115228202500E+01 -0.263272111560E+02  0.524065226820E+02  0.100000000000E+01
 -0.137582315100E+01 -0.262222275370E+02  0.522199837430E+02  0.707107219402E+00
 -0.134661240100E+01 -0.264253101650E+02  0.519792173410E+02  0.100000000000E+01
 -0.127328434500E+01 -0.266216520410E+02  0.518137141450E+02  0.707104826313E+00
 -0.108680452500E+01 -0.267442922340E+02  0.519202336510E+02  0.100000000000E+01
 -0.929173943000E+00 -0.263814072060E+02  0.519956939680E+02  0.100000000000E+01
 -0.929173943000E+00 -0.263814072060E+02  0.519956939680E+02  0.707106540368E+00
 -0.929173943000E+00 -0.263814072060E+02  0.519956939680E+02  0.100000000000E+01
 -0.929173943000E+00 -0.263814072060E+02  0.519956939680E+02  0.707105999501E+00
 -0.929173943000E+00 -0.263814072060E+02  0.519956939680E+02  0.100000000000E+01
 -0.929173943000E+00 -0.263814072060E+02  0.519956939680E+02  0.707106987491E+00
 -0.929173943000E+00 -0.263814072060E+02  0.519956939680E+02  0.100000000000E+01
 -0.929173943000E+00 -0.263814072060E+02  0.519956939680E+02  0.707107597389E+00
 -0.929173943000E+00 -0.263814072060E+02  0.519956939680E+02  0.100000000000E+01
 -0.900478039000E+00 -0.265949000020E+02  0.517547939160E+02  0.100000000000E+01
 -0.666515337000E+00 -0.267002159120E+02  0.519114742550E+02  0.707106540368E+00
 -0.656424492000E+00 -0.265231267110E+02  0.521537801170E+02  0.100000000000E+01
 -0.706146108000E+00 -0.262825256800E+02  0.524034794730E+02  0.707105999501E+00
 -0.962053757000E+00 -0.261367859630E+02  0.522717160610E+02  0.100000000000E+01
 -0.122308022400E+01 -0.260229899630E+02  0.520921100340E+02  0.707106987491E+00
 -0.121580838800E+01 -0.262324722530E+02  0.518295584910E+02  0.100000000000E+01
 -0.114482831800E+01 -0.264616566260E+02  0.516213110520E+02  0.707107597389E+00
 -0.900478039000E+00 -0.265949000020E+02  0.517547939160E+02  0.100000000000E+01
 -0.773198409000E+00 -0.262072294600E+02  0.518205750880E+02  0.100000000000E+01
 -0.773198409000E+00 -0.262072294600E+02  0.518205750880E+02  0.707106759936E+00
 -0.773198409000E+00 -0.262072294600E+02  0.518205750880E+02  0.100000000000E+01
 -0.773198409000E+00 -0.262072294600E+02  0.518205750880E+02  0.707107250465E+00
 -0.773198409000E+00 -0.262072294600E+02  0.518205750880E+02  0.100000000000E+01
 -0.773198409000E+00 -0.262072294600E+02  0.518205750880E+02  0.707106801262E+00
 -0.773198409000E+00 -0.262072294600E+02  0.518205750880E+02  0.100000000000E+01
 -0.773198409000E+00 -0.262072294600E+02  0.518205750880E+02  0.707106313087E+00
 -0.773198409000E+00 -0.262072294600E+02  0.518205750880E+02  0.100000000000E+01
 -0.784138438000E+00 -0.264902684030E+02  0.516053112270E+02  0.100000000000E+01
 -0.506996659000E+00 -0.265438320230E+02  0.517316452870E+02  0.707106759936E+00
 -0.453676535000E+00 -0.263083036140E+02  0.519372335490E+02  0.100000000000E+01
 -0.417993081000E+00 -0.260043644460E+02  0.521827160750E+02  0.707107250465E+00
 -0.761229791000E+00 -0.258975784650E+02  0.520560801700E+02  0.100000000000E+01
 -0.107848287100E+01 -0.258243114080E+02  0.519202743460E+02  0.707106801262E+00
 -0.112809098800E+01 -0.260949668540E+02  0.516910040190E+02  0.100000000000E+01
 -0.110042205700E+01 -0.263737812980E+02  0.515019569540E+02  0.707106313087E+00
 -0.784138438000E+00 -0.264902684030E+02  0.516053112270E+02  0.100000000000E+01
 -0.672424399000E+00 -0.260706598780E+02  0.515822249810E+02  0.100000000000E+01
 -0.672424399000E+00 -0.260706598780E+02  0.515822249810E+02  0.707106321594E+00
 -0.672424399000E+00 -0.260706598780E+02  0.515822249810E+02  0.100000000000E+01
 -0.672424399000E+00 -0.260706598780E+02  0.515822249810E+02  0.707107500101E+00
 -0.672424399000E+00 -0.260706598780E+02  0.515822249810E+02  0.100000000000E+01
 -0.672424399000E+00 -0.260706598780E+02  0.515822249810E+02  0.707107156734E+00
 -0.672424399000E+00 -0.260706598780E+02  0.515822249810E+02  0.100000000000E+01
 -0.672424399000E+00 -0.260706598780E+02  0.515822249810E+02  0.707106146319E+00
 -0.672424399000E+00 -0.260706598780E+02  0.515822249810E+02  0.100000000000E+01
 -0.707230339000E+00 -0.263766236100E+02  0.514294458650E+02  0.100000000000E+01
 -0.416936619000E+00 -0.263955727860E+02  0.515103905940E+02  0.707106321594E+00
 -0.334986000000E+00 -0.261441101070E+02  0.516524466400E+02  0.100000000000E+01
 -0.264391324000E+00 -0.258042299100E+02  0.518320331620E+02  0.707107500101E+00
 -0.632508547000E+00 -0.257197770670E+02  0.517574353690E+02  0.100000000000E+01
 -0.966789278000E+00 -0.256868435910E+02  0.516693837890E+02  0.707107156734E+00
 -0.105648532400E+01 -0.259870607960E+02  0.515023028140E+02  0.100000000000E+01
 -0.105915446900E+01 -0.263131017710E+02  0.513501383490E+02  0.707106146319E+00
 -0.707230339000E+00 -0.263766236100E+02  0.514294458650E+02  0.100000000000E+01
 -0.606464238000E+00 -0.259635257350E+02  0.513173471640E+02  0.100000000000E+01
 -0.606464238000E+00 -0.259635257350E+02  0.513173471640E+02  0.707106468767E+00
 -0.606464238000E+00 -0.259635257350E+02  0.513173471640E+02  0.100000000000E+01
 -0.606464238000E+00 -0.259635257350E+02  0.513173471640E+02  0.707107427979E+00
 -0.606464238000E+00 -0.259635257350E+02  0.513173471640E+02  0.100000000000E+01
 -0.606464238000E+00 -0.259635257350E+02  0.513173471640E+02  0.707107037513E+00
 -0.606464238000E+00 -0.259635257350E+02  0.513173471640E+02  0.100000000000E+01
 -0.606464238000E+00 -0.259635257350E+02  0.513173471640E+02  0.707106190505E+00
 -0.606464238000E+00 -0.259635257350E+02  0.513173471640E+02  0.100000000000E+01
 -0.645704663000E+00 -0.262581890110E+02  0.512032814610E+02  0.100000000000E+01
 -0.374561966000E+00 -0.262788371620E+02  0.512513702650E+02  0.707106468767E+00
 -0.322414781000E+00 -0.260164899090E+02  0.513564514480E+02  0.100000000000E+01
 -0.308812162000E+00 -0.257529266750E+02  0.514540778140E+02  0.707107427979E+00
 -0.564571747000E+00 -0.256489472620E+02  0.514391248950E+02  0.100000000000E+01
 -0.863886369000E+00 -0.256237483010E+02  0.513869050820E+02  0.707107037513E+00
 -0.962844334000E+00 -0.258970748080E+02  0.512682881860E+02  0.100000000000E+01
 -0.999857175000E+00 -0.262201188090E+02  0.511444647220E+02  0.707106190505E+00
 -0.645704663000E+00 -0.262581890110E+02  0.512032814610E+02  0.100000000000E+01
           1
           2
           3
           4
           5
           6
           7
           8
           9
          10
          11
          12
          13
          14
          15
          16
          17
          18
          19
          20
          21
          22
          23
          24
          25
          26
          27
          28
          29
          30
          31
          32
          33
          34
          35
          36
          37
          38
          39
          40
          41
          42
          43
          44
          45
          46
          47
          48
          49
          50
          51
          52
          53
          54
          55
          56
          57
          58
          59
          60
          61
          62
          63
          64
          65
          66
          67
          68
          69
          70
          71
          72
          73
          74
          75
          76
          77
          78
          79
          80
          81
          82
          83
          84
          85
          86
          87
          88
          89
          90
          91
          92
          93
          94
          95
          96
          97
          98
          99
         100
         101
         102
         103
         104
         105
         106
         107
         108
         109
         110
         111
         112
         113
         114
         115
         116
         117
         118
         119
         120
         121
         122
         123
         124
         125
         126
         127
         128
         129
         130
         131
         132
         133
         134
         135
         136
         137
         138
         139
         140
         141
         142
         143
         144
         145
         146
         147
         148
         149
         150
         151
         152
         153
         154
         155
         156
         157
         158
         159
         160
         161
         162
         163
         164
         165
         166
         167
         168
         169
         170
         171
         172
         173
         174
         175
         176
         177
         178
         179
         180
         181
         182
         183
         184
         185
         186
         187
         188
         189
         190
         191
         192
         193
         194
         195
         196
         197
         198
         199
         200
         201
         202
         203
         204
         205
         206
         207
         208
         209
         210
         211
         212
         213
         214
         215
         216
         217
         218
         219
         220
         221
         222
         223
         224
         225
         226
         227
         228
         229
         230
         231
         232
         233
         234
         235
         236
         237
         238
         239
         240
         241
         242
         243
         244
         245
         246
         247
         248
         249
         250
         251
         252
         253
         254
         255
         256
         257
         258
         259
         260
         261
         262
         263
         264
         265
         266
         267
         268
         269
         270
         271
         272
         273
         274
         275
         276
         277
         278
         279
         280
         281
         282
         283
         284
         285
         286
         287
         288
         289
         290
         291
         292
         293
         294
         295
         296
         297
         298
         299
         300
         301
         302
         303
         304
         305
         306
         307
         308
         309
         310
         311
         312
         313
         314
         315
         316
         317
         318
         319
         320
         321
         322
         323
         324
         325
         326
         327
         328
         329
         330
         331
         332
         333
         334
         335
         336
         337
         338
         339
         340
         341
         342
 1 0 0
 0 0 0
 0 0 0
 0 0 0
 0 0 0
 0 0 0
 0 0 0
 0 0 0
 0 0 0
 0 0 0
 0 0 0
 0 0 0
 0 0 0
 0 0 0
 0 0 0
 0 0 0
 0 0 0
 0 0 0
 0 0 0
 0 0 0
 0 0 0
 0 0 0
 0 0 0
 0 0 0
 0 0 0
 0 0 0
 0 0 0
 0 0 0
 0 0 0
 0 0 0
 0 0 0
 0 0 0
 0 0 0
 0 0 0
 0 0 0
 0 0 0
 0 0 0
 0 0 0
 0 0 0
 0 0 0
 0 0 0
 0 0 0
 0 0 0
 0 0 0
 0 0 0
 0 0 0
 0 0 0
 0 0 0
 0 0 0
 0 0 0
 0 0 0
 0 0 0
 0 0 0
 0 0 0
 0 0 0
 0 0 0
 0 0 0
 0 0 0
 0 0 0
 0 0 0
 0 0 0
 0 0 0
 0 0 0
 0 0 0
 0 0 0
 0 0 0
 0 0 0
 0 0 0
 0 0 0
 0 0 0
 0 0 0
 0 0 0
 0 0 0
 0 0 0
 0 0 0
 0 0 0
 0 0 0
 0 0 0
 0 0 0
 0 0 0
 0 0 0
 0 0 0
 0 0 0
 0 0 0
 0 0 0
 0 0 0
 0 0 0
 0 0 0
 0 0 0
 0 0 0
 0 0 0
 0 0 0
 0 0 0
 0 0 0
 0 0 0
 0 0 0
 0 0 0
 0 0 0
 0 0 0
 0 0 0
 0 0 0
 0 0 0
 0 0 0
 0 0 0
 0 0 0
 0 0 0
 0 0 0
 0 0 0
 0 0 0
 0 0 0
 0 0 0
 0 0 0
 0 0 0
 0 0 0
 0 0 0
 0 0 0
 0 0 0
 0 0 0
 0 0 0
 0 0 0
 0 0 0
 0 0 0
 0 0 0
 0 0 0
 0 0 0
 0 0 0
 0 0 0
 0 0 0
 0 0 0
 0 0 0
 0 0 0
 0 0 0
 0 0 0
 0 0 0
 0 0 0
 0 0 0
 0 0 0
 0 0 0
 0 0 0
 0 0 0
 0 0 0
 0 0 0
 0 0 0
 0 0 0
 0 0 0
 0 0 0
 0 0 0
 0 0 0
 0 0 0
 0 0 0
 0 0 0
 0 0 0
 0 0 0
 0 0 0
 0 0 0
 0 0 0
 0 0 0
 0 0 0
 0 0 0
 0 0 0
 0 0 0
 0 0 0
 0 0 0
 0 0 0
 0 0 0
 0 0 0
 0 0 0
 0 0 0
 0 0 0
 0 0 0
 0 0 0
 0 0 0
 0 0 0
 0 0 0
 0 0 0
 0 0 0
 0 0 0
 0 0 0
 0 0 0
 0 0 0
 0 0 0
 0 0 0
 0 0 0
 0 0 0
 0 0 0
 0 0 0
 0 0 0
 0 0 0
 0 0 0
 0 0 0
 0 0 0
 0 0 0
 0 0 0
 0 0 0
 0 0 0
 0 0 0
 0 0 0
 0 0 0
 0 0 0
 0 0 0
 0 0 0
 0 0 0
 0 0 0
 0 0 0
 0 0 0
 0 0 0
 0 0 0
 0 0 0
 0 0 0
 0 0 0
 0 0 0
 0 0 0
 0 0 0
 0 0 0
 0 0 0
 0 0 0
 0 0 0
 0 0 0
 0 0 0
 0 0 0
 0 0 0
 0 0 0
 0 0 0
 0 0 0
 0 0 0
 0 0 0
 0 0 0
 0 0 0
 0 0 0
 0 0 0
 0 0 0
 0 0 0
 0 0 0
 0 0 0
 0 0 0
 0 0 0
 0 0 0
 0 0 0
 0 0 0
 0 0 0
 0 0 0
 0 0 0
 0 0 0
 0 0 0
 0 0 0
 0 0 0
 0 0 0
 0 0 0
 0 0 0
 0 0 0
 0 0 0
 0 0 0
 0 0 0
 0 0 0
 0 0 0
 0 0 0
 0 0 0
 0 0 0
 0 0 0
 0 0 0
 0 0 0
 0 0 0
 0 0 0
 0 0 0
 0 0 0
 0 0 0
 0 0 0
 0 0 0
 0 0 0
 0 0 0
 0 0 0
 0 0 0
 0 0 0
 0 0 0
 0 0 0
 0 0 0
 0 0 0
 0 0 0
 0 0 0
 0 0 0
 0 0 0
 0 0 0
 0 0 0
 0 0 0
 0 0 0
 0 0 0
 0 0 0
 0 0 0
 0 0 0
 0 0 0
 0 0 0
 0 0 0
 0 0 0
 0 0 0
 0 0 0
 0 0 0
 0 0 0
 0 0 0
 0 0 0
 0 0 0
 0 0 0
 0 0 0
 0 0 0
 0 0 0
 0 0 0
 0 0 0
 0 0 0
 0 0 0
 0 0 0
 0 0 0
 0 0 0
 0 0 0
 0 0 0
 0 0 0
 0 0 0
 0 0 0
 0 0 0
 0 0 0
 0 0 0
 0 0 0
 0 0 0
 0 0 0
 0 0 0
 0 0 0
 0 0 0
 0 0 0
 0 0 0
 0 0 0
 0 0 0
 0 0 0
 0 0 0
 0 0 0
 0 0 0
 0 0 0
 0 0 0
 0 0 0
 0 0 0
 0 0 0
 0 0 0
 0 0 0
 0 0 0
 0 0 0
 0 0 0
  0.000000000  0.000000000  0.000000000
  0.000000000  0.000000000  0.000000000
  0.000000000  0.000000000  0.000000000
  0.000000000  0.000000000  0.000000000
  0.000000000  0.000000000  0.000000000
  0.000000000  0.000000000  0.000000000
  0.000000000  0.000000000  0.000000000
  0.000000000  0.000000000  0.000000000
  0.000000000  0.000000000  0.000000000
  0.000000000  0.000000000  0.000000000
  0.000000000  0.000000000  0.000000000
  0.000000000  0.000000000  0.000000000
  0.000000000  0.000000000  0.000000000
  0.000000000  0.000000000  0.000000000
  0.000000000  0.000000000  0.000000000
  0.000000000  0.000000000  0.000000000
  0.000000000  0.000000000  0.000000000
  0.000000000  0.000000000  0.000000000
  0.000000000  0.000000000  0.000000000
  0.000000000  0.000000000  0.000000000
  0.000000000  0.000000000  0.000000000
  0.000000000  0.000000000  0.000000000
  0.000000000  0.000000000  0.000000000
  0.000000000  0.000000000  0.000000000
  0.000000000  0.000000000  0.000000000
  0.000000000  0.000000000  0.000000000
  0.000000000  0.000000000  0.000000000
  0.000000000  0.000000000  0.000000000
  0.000000000  0.000000000  0.000000000
  0.000000000  0.000000000  0.000000000
  0.000000000  0.000000000  0.000000000
  0.000000000  0.000000000  0.000000000
  0.000000000  0.000000000  0.000000000
  0.000000000  0.000000000  0.000000000
  0.000000000  0.000000000  0.000000000
  0.000000000  0.000000000  0.000000000
  0.000000000  0.000000000  0.000000000
  0.000000000  0.000000000  0.000000000
  0.000000000  0.000000000  0.000000000
  0.000000000  0.000000000  0.000000000
  0.000000000  0.000000000  0.000000000
  0.000000000  0.000000000  0.000000000
  0.000000000  0.000000000  0.000000000
  0.000000000  0.000000000  0.000000000
  0.000000000  0.000000000  0.000000000
  0.000000000  0.000000000  0.000000000
  0.000000000  0.000000000  0.000000000
  0.000000000  0.000000000  0.000000000
  0.000000000  0.000000000  0.000000000
  0.000000000  0.000000000  0.000000000
  0.000000000  0.000000000  0.000000000
  0.000000000  0.000000000  0.000000000
  0.000000000  0.000000000  0.000000000
  0.000000000  0.000000000  0.000000000
  0.000000000  0.000000000  0.000000000
  0.000000000  0.000000000  0.000000000
  0.000000000  0.000000000  0.000000000
  0.000000000  0.000000000  0.000000000
  0.000000000  0.000000000  0.000000000
  0.000000000  0.000000000  0.000000000
  0.000000000  0.000000000  0.000000000
  0.000000000  0.000000000  0.000000000
  0.000000000  0.000000000  0.000000000
  0.000000000  0.000000000  0.000000000
  0.000000000  0.000000000  0.000000000
  0.000000000  0.000000000  0.000000000
  0.000000000  0.000000000  0.000000000
  0.000000000  0.000000000  0.000000000
  0.000000000  0.000000000  0.000000000
  0.000000000  0.000000000  0.000000000
  0.000000000  0.000000000  0.000000000
  0.000000000  0.000000000  0.000000000
  0.000000000  0.000000000  0.000000000
  0.000000000  0.000000000  0.000000000
  0.000000000  0.000000000  0.000000000
  0.000000000  0.000000000  0.000000000
  0.000000000  0.000000000  0.000000000
  0.000000000  0.000000000  0.000000000
  0.000000000  0.000000000  0.000000000
  0.000000000  0.000000000  0.000000000
  0.000000000  0.000000000  0.000000000
  0.000000000  0.000000000  0.000000000
  0.000000000  0.000000000  0.000000000
  0.000000000  0.000000000  0.000000000
  0.000000000  0.000000000  0.000000000
  0.000000000  0.000000000  0.000000000
  0.000000000  0.000000000  0.000000000
  0.000000000  0.000000000  0.000000000
  0.000000000  0.000000000  0.000000000
  0.000000000  0.000000000  0.000000000
  0.000000000  0.000000000  0.000000000
  0.000000000  0.000000000  0.000000000
  0.000000000  0.000000000  0.000000000
  0.000000000  0.000000000  0.000000000
  0.000000000  0.000000000  0.000000000
  0.000000000  0.000000000  0.000000000
  0.000000000  0.000000000  0.000000000
  0.000000000  0.000000000  0.000000000
  0.000000000  0.000000000  0.000000000
  0.000000000  0.000000000  0.000000000
  0.000000000  0.000000000  0.000000000
  0.000000000  0.000000000  0.000000000
  0.000000000  0.000000000  0.000000000
  0.000000000  0.000000000  0.000000000
  0.000000000  0.000000000  0.000000000
  0.000000000  0.000000000  0.000000000
  0.000000000  0.000000000  0.000000000
  0.000000000  0.000000000  0.000000000
  0.000000000  0.000000000  0.000000000
  0.000000000  0.000000000  0.000000000
  0.000000000  0.000000000  0.000000000
  0.000000000  0.000000000  0.000000000
  0.000000000  0.000000000  0.000000000
  0.000000000  0.000000000  0.000000000
  0.000000000  0.000000000  0.000000000
  0.000000000  0.000000000  0.000000000
  0.000000000  0.000000000  0.000000000
  0.000000000  0.000000000  0.000000000
  0.000000000  0.000000000  0.000000000
  0.000000000  0.000000000  0.000000000
  0.000000000  0.000000000  0.000000000
  0.000000000  0.000000000  0.000000000
  0.000000000  0.000000000  0.000000000
  0.000000000  0.000000000  0.000000000
  0.000000000  0.000000000  0.000000000
  0.000000000  0.000000000  0.000000000
  0.000000000  0.000000000  0.000000000
  0.000000000  0.000000000  0.000000000
  0.000000000  0.000000000  0.000000000
  0.000000000  0.000000000  0.000000000
  0.000000000  0.000000000  0.000000000
  0.000000000  0.000000000  0.000000000
  0.000000000  0.000000000  0.000000000
  0.000000000  0.000000000  0.000000000
  0.000000000  0.000000000  0.000000000
  0.000000000  0.000000000  0.000000000
  0.000000000  0.000000000  0.000000000
  0.000000000  0.000000000  0.000000000
  0.000000000  0.000000000  0.000000000
  0.000000000  0.000000000  0.000000000
  0.000000000  0.000000000  0.000000000
  0.000000000  0.000000000  0.000000000
  0.000000000  0.000000000  0.000000000
  0.000000000  0.000000000  0.000000000
  0.000000000  0.000000000  0.000000000
  0.000000000  0.000000000  0.000000000
  0.000000000  0.000000000  0.000000000
  0.000000000  0.000000000  0.000000000
  0.000000000  0.000000000  0.000000000
  0.000000000  0.000000000  0.000000000
  0.000000000  0.000000000  0.000000000
  0.000000000  0.000000000  0.000000000
  0.000000000  0.000000000  0.000000000
  0.000000000  0.000000000  0.000000000
  0.000000000  0.000000000  0.000000000
  0.000000000  0.000000000  0.000000000
  0.000000000  0.000000000  0.000000000
  0.000000000  0.000000000  0.000000000
  0.000000000  0.000000000  0.000000000
  0.000000000  0.000000000  0.000000000
  0.000000000  0.000000000  0.000000000
  0.000000000  0.000000000  0.000000000
  0.000000000  0.000000000  0.000000000
  0.000000000  0.000000000  0.000000000
  0.000000000  0.000000000  0.000000000
  0.000000000  0.000000000  0.000000000
  0.000000000  0.000000000  0.000000000
  0.000000000  0.000000000  0.000000000
  0.000000000  0.000000000  0.000000000
  0.000000000  0.000000000  0.000000000
  0.000000000  0.000000000  0.000000000
  0.000000000  0.000000000  0.000000000
  0.000000000  0.000000000  0.000000000
  0.000000000  0.000000000  0.000000000
  0.000000000  0.000000000  0.000000000
  0.000000000  0.000000000  0.000000000
  0.000000000  0.000000000  0.000000000
  0.000000000  0.000000000  0.000000000
  0.000000000  0.000000000  0.000000000
  0.000000000  0.000000000  0.000000000
  0.000000000  0.000000000  0.000000000
  0.000000000  0.000000000  0.000000000
  0.000000000  0.000000000  0.000000000
  0.000000000  0.000000000  0.000000000
  0.000000000  0.000000000  0.000000000
  0.000000000  0.000000000  0.000000000
  0.000000000  0.000000000  0.000000000
  0.000000000  0.000000000  0.000000000
  0.000000000  0.000000000  0.000000000
  0.000000000  0.000000000  0.000000000
  0.000000000  0.000000000  0.000000000
  0.000000000  0.000000000  0.000000000
  0.000000000  0.000000000  0.000000000
  0.000000000  0.000000000  0.000000000
  0.000000000  0.000000000  0.000000000
  0.000000000  0.000000000  0.000000000
  0.000000000  0.000000000  0.000000000
  0.000000000  0.000000000  0.000000000
  0.000000000  0.000000000  0.000000000
  0.000000000  0.000000000  0.000000000
  0.000000000  0.000000000  0.000000000
  0.000000000  0.000000000  0.000000000
  0.000000000  0.000000000  0.000000000
  0.000000000  0.000000000  0.000000000
  0.000000000  0.000000000  0.000000000
  0.000000000  0.000000000  0.000000000
  0.000000000  0.000000000  0.000000000
  0.000000000  0.000000000  0.000000000
  0.000000000  0.000000000  0.000000000
  0.000000000  0.000000000  0.000000000
  0.000000000  0.000000000  0.000000000
  0.000000000  0.000000000  0.000000000
  0.000000000  0.000000000  0.000000000
  0.000000000  0.000000000  0.000000000
  0.000000000  0.000000000  0.000000000
  0.000000000  0.000000000  0.000000000
  0.000000000  0.000000000  0.000000000
  0.000000000  0.000000000  0.000000000
  0.000000000  0.000000000  0.000000000
  0.000000000  0.000000000  0.000000000
  0.000000000  0.000000000  0.000000000
  0.000000000  0.000000000  0.000000000
  0.000000000  0.000000000  0.000000000
  0.000000000  0.000000000  0.000000000
  0.000000000  0.000000000  0.000000000
  0.000000000  0.000000000  0.000000000
  0.000000000  0.000000000  0.000000000
  0.000000000  0.000000000  0.000000000
  0.000000000  0.000000000  0.000000000
  0.000000000  0.000000000  0.000000000
  0.000000000  0.000000000  0.000000000
  0.000000000  0.000000000  0.000000000
  0.000000000  0.000000000  0.000000000
  0.000000000  0.000000000  0.000000000
  0.000000000  0.000000000  0.000000000
  0.000000000  0.000000000  0.000000000
  0.000000000  0.000000000  0.000000000
  0.000000000  0.000000000  0.000000000
  0.000000000  0.000000000  0.000000000
  0.000000000  0.000000000  0.000000000
  0.000000000  0.000000000  0.000000000
  0.000000000  0.000000000  0.000000000
  0.000000000  0.000000000  0.000000000
  0.000000000  0.000000000  0.000000000
  0.000000000  0.000000000  0.000000000
  0.000000000  0.000000000  0.000000000
  0.000000000  0.000000000  0.000000000
  0.000000000  0.000000000  0.000000000
  0.000000000  0.000000000  0.000000000
  0.000000000  0.000000000  0.000000000
  0.000000000  0.000000000  0.000000000
  0.000000000  0.000000000  0.000000000
  0.000000000  0.000000000  0.000000000
  0.000000000  0.000000000  0.000000000
  0.000000000  0.000000000  0.000000000
  0.000000000  0.000000000  0.000000000
  0.000000000  0.000000000  0.000000000
  0.000000000  0.000000000  0.000000000
  0.000000000  0.000000000  0.000000000
  0.000000000  0.000000000  0.000000000
  0.000000000  0.000000000  0.000000000
  0.000000000  0.000000000  0.000000000
  0.000000000  0.000000000  0.000000000
  0.000000000  0.000000000  0.000000000
  0.000000000  0.000000000  0.000000000
  0.000000000  0.000000000  0.000000000
  0.000000000  0.000000000  0.000000000
  0.000000000  0.000000000  0.000000000
  0.000000000  0.000000000  0.000000000
  0.000000000  0.000000000  0.000000000
  0.000000000  0.000000000  0.000000000
  0.000000000  0.000000000  0.000000000
  0.000000000  0.000000000  0.000000000
  0.000000000  0.000000000  0.000000000
  0.000000000  0.000000000  0.000000000
  0.000000000  0.000000000  0.000000000
  0.000000000  0.000000000  0.000000000
  0.000000000  0.000000000  0.000000000
  0.000000000  0.000000000  0.000000000
  0.000000000  0.000000000  0.000000000
  0.000000000  0.000000000  0.000000000
  0.000000000  0.000000000  0.000000000
  0.000000000  0.000000000  0.000000000
  0.000000000  0.000000000  0.000000000
  0.000000000  0.000000000  0.000000000
  0.000000000  0.000000000  0.000000000
  0.000000000  0.000000000  0.000000000
  0.000000000  0.000000000  0.000000000
  0.000000000  0.000000000  0.000000000
  0.000000000  0.000000000  0.000000000
  0.000000000  0.000000000  0.000000000
  0.000000000  0.000000000  0.000000000
  0.000000000  0.000000000  0.000000000
  0.000000000  0.000000000  0.000000000
  0.000000000  0.000000000  0.000000000
  0.000000000  0.000000000  0.000000000
  0.000000000  0.000000000  0.000000000
  0.000000000  0.000000000  0.000000000
  0.000000000  0.000000000  0.000000000
  0.000000000  0.000000000  0.000000000
  0.000000000  0.000000000  0.000000000
  0.000000000  0.000000000  0.000000000
  0.000000000  0.000000000  0.000000000
  0.000000000  0.000000000  0.000000000
  0.000000000  0.000000000  0.000000000
  0.000000000  0.000000000  0.000000000
  0.000000000  0.000000000  0.000000000
  0.000000000  0.000000000  0.000000000
  0.000000000  0.000000000  0.000000000
  0.000000000  0.000000000  0.000000000
  0.000000000  0.000000000  0.000000000
  0.000000000  0.000000000  0.000000000
  0.000000000  0.000000000  0.000000000
  0.000000000  0.000000000  0.000000000
  0.000000000  0.000000000  0.000000000
  0.000000000  0.000000000  0.000000000
  0.000000000  0.000000000  0.000000000
  0.000000000  0.000000000  0.000000000
  0.000000000  0.000000000  0.000000000
  0.000000000  0.000000000  0.000000000
  0.000000000  0.000000000  0.000000000
  0.000000000  0.000000000  0.000000000
  0.000000000  0.000000000  0.000000000
  0.000000000  0.000000000  0.000000000
  0.000000000  0.000000000  0.000000000
  0.000000000  0.000000000  0.000000000
  0.000000000  0.000000000  0.000000000
  0.000000000  0.000000000  0.000000000
  0.000000000  0.000000000  0.000000000
  0.000000000  0.000000000  0.000000000
  0.000000000  0.000000000  0.000000000
  0.000000000  0.000000000  0.000000000
  0.000000000  0.000000000  0.000000000
  0.000000000  0.000000000  0.000000000
  0.000000000  0.000000000  0.000000000
  0.000000000  0.000000000  0.000000000
  0.000000000  0.000000000  0.000000000
  0.000000000  0.000000000  0.000000000
  0.000000000  0.000000000  0.000000000
  0.000000000  0.000000000  0.000000000
  0.000000000  0.000000000  0.000000000
  0.000000000  0.000000000  0.000000000
 0 0 0
 0 0 0
 0 0 0
 0 0 0
 0 0 0
 0 0 0
 0 0 0
 0 0 0
 0 0 0
 0 0 0
 0 0 0
 0 0 0
 0 0 0
 0 0 0
 0 0 0
 0 0 0
 0 0 0
 0 0 0
 0 0 0
 0 0 0
 0 0 0
 0 0 0
 0 0 0
 0 0 0
 0 0 0
 0 0 0
 0 0 0
 0 0 0
 0 0 0
 0 0 0
 0 0 0
 0 0 0
 0 0 0
 0 0 0
 0 0 0
 0 0 0
 0 0 0
 0 0 0
 0 0 0
 0 0 0
 0 0 0
 0 0 0
 0 0 0
 0 0 0
 0 0 0
 0 0 0
 0 0 0
 0 0 0
 0 0 0
 0 0 0
 0 0 0
 0 0 0
 0 0 0
 0 0 0
 0 0 0
 0 0 0
 0 0 0
 0 0 0
 0 0 0
 0 0 0
 0 0 0
 0 0 0
 0 0 0
 0 0 0
 0 0 0
 0 0 0
 0 0 0
 0 0 0
 0 0 0
 0 0 0
 0 0 0
 0 0 0
 0 0 0
 0 0 0
 0 0 0
 0 0 0
 0 0 0
 0 0 0
 0 0 0
 0 0 0
 0 0 0
 0 0 0
 0 0 0
 0 0 0
 0 0 0
 0 0 0
 0 0 0
 0 0 0
 0 0 0
 0 0 0
 0 0 0
 0 0 0
 0 0 0
 0 0 0
 0 0 0
 0 0 0
 0 0 0
 0 0 0
 0 0 0
 0 0 0
 0 0 0
 0 0 0
 0 0 0
 0 0 0
 0 0 0
 0 0 0
 0 0 0
 0 0 0
 0 0 0
 0 0 0
 0 0 0
 0 0 0
 0 0 0
 0 0 0
 0 0 0
 0 0 0
 0 0 0
 0 0 0
 0 0 0
 0 0 0
 0 0 0
 0 0 0
 0 0 0
 0 0 0
 0 0 0
 0 0 0
 0 0 0
 0 0 0
 0 0 0
 0 0 0
 0 0 0
 0 0 0
 0 0 0
 0 0 0
 0 0 0
 0 0 0
 0 0 0
 0 0 0
 0 0 0
 0 0 0
 0 0 0
 0 0 0
 0 0 0
 0 0 0
 0 0 0
 0 0 0
 0 0 0
 0 0 0
 0 0 0
 0 0 0
 0 0 0
 0 0 0
 0 0 0
 0 0 0
 0 0 0
 0 0 0
 0 0 0
 0 0 0
 0 0 0
 0 0 0
 0 0 0
 0 0 0
 0 0 0
 0 0 0
 0 0 0
 0 0 0
 0 0 0
 0 0 0
 0 0 0
 0 0 0
 0 0 0
 0 0 0
 0 0 0
 0 0 0
 0 0 0
 0 0 0
 0 0 0
 0 0 0
 0 0 0
 0 0 0
 0 0 0
 0 0 0
 0 0 0
 0 0 0
 0 0 0
 0 0 0
 0 0 0
 0 0 0
 0 0 0
 0 0 0
 0 0 0
 0 0 0
 0 0 0
 0 0 0
 0 0 0
 0 0 0
 0 0 0
 0 0 0
 0 0 0
 0 0 0
 0 0 0
 0 0 0
 0 0 0
 0 0 0
 0 0 0
 0 0 0
 0 0 0
 0 0 0
 0 0 0
 0 0 0
 0 0 0
 0 0 0
 0 0 0
 0 0 0
 0 0 0
 0 0 0
 0 0 0
 0 0 0
 0 0 0
 0 0 0
 0 0 0
 0 0 0
 0 0 0
 0 0 0
 0 0 0
 0 0 0
 0 0 0
 0 0 0
 0 0 0
 0 0 0
 0 0 0
 0 0 0
 0 0 0
 0 0 0
 0 0 0
 0 0 0
 0 0 0
 0 0 0
 0 0 0
 0 0 0
 0 0 0
 0 0 0
 0 0 0
 0 0 0
 0 0 0
 0 0 0
 0 0 0
 0 0 0
 0 0 0
 0 0 0
 0 0 0
 0 0 0
  0.000000000  0.000000000  0.000000000
  0.000000000  0.000000000  0.000000000
  0.000000000  0.000000000  0.000000000
  0.000000000  0.000000000  0.000000000
  0.000000000  0.000000000  0.000000000
  0.000000000  0.000000000  0.000000000
  0.000000000  0.000000000  0.000000000
  0.000000000  0.000000000  0.000000000
  0.000000000  0.000000000  0.000000000
  0.000000000  0.000000000  0.000000000
  0.000000000  0.000000000  0.000000000
  0.000000000  0.000000000  0.000000000
  0.000000000  0.000000000  0.000000000
  0.000000000  0.000000000  0.000000000
  0.000000000  0.000000000  0.000000000
  0.000000000  0.000000000  0.000000000
  0.000000000  0.000000000  0.000000000
  0.000000000  0.000000000  0.000000000
  0.000000000  0.000000000  0.000000000
  0.000000000  0.000000000  0.000000000
  0.000000000  0.000000000  0.000000000
  0.000000000  0.000000000  0.000000000
  0.000000000  0.000000000  0.000000000
  0.000000000  0.000000000  0.000000000
  0.000000000  0.000000000  0.000000000
  0.000000000  0.000000000  0.000000000
  0.000000000  0.000000000  0.000000000
  0.000000000  0.000000000  0.000000000
  0.000000000  0.000000000  0.000000000
  0.000000000  0.000000000  0.000000000
  0.000000000  0.000000000  0.000000000
  0.000000000  0.000000000  0.000000000
  0.000000000  0.000000000  0.000000000
  0.000000000  0.000000000  0.000000000
  0.000000000  0.000000000  0.000000000
  0.000000000  0.000000000  0.000000000
  0.000000000  0.000000000  0.000000000
  0.000000000  0.000000000  0.000000000
  0.000000000  0.000000000  0.000000000
  0.000000000  0.000000000  0.000000000
  0.000000000  0.000000000  0.000000000
  0.000000000  0.000000000  0.000000000
  0.000000000  0.000000000  0.000000000
  0.000000000  0.000000000  0.000000000
  0.000000000  0.000000000  0.000000000
  0.000000000  0.000000000  0.000000000
  0.000000000  0.000000000  0.000000000
  0.000000000  0.000000000  0.000000000
  0.000000000  0.000000000  0.000000000
  0.000000000  0.000000000  0.000000000
  0.000000000  0.000000000  0.000000000
  0.000000000  0.000000000  0.000000000
  0.000000000  0.000000000  0.000000000
  0.000000000  0.000000000  0.000000000
  0.000000000  0.000000000  0.000000000
  0.000000000  0.000000000  0.000000000
  0.000000000  0.000000000  0.000000000
  0.000000000  0.000000000  0.000000000
  0.000000000  0.000000000  0.000000000
  0.000000000  0.000000000  0.000000000
  0.000000000  0.000000000  0.000000000
  0.000000000  0.000000000  0.000000000
  0.000000000  0.000000000  0.000000000
  0.000000000  0.000000000  0.000000000
  0.000000000  0.000000000  0.000000000
  0.000000000  0.000000000  0.000000000
  0.000000000  0.000000000  0.000000000
  0.000000000  0.000000000  0.000000000
  0.000000000  0.000000000  0.000000000
  0.000000000  0.000000000  0.000000000
  0.000000000  0.000000000  0.000000000
  0.000000000  0.000000000  0.000000000
  0.000000000  0.000000000  0.000000000
  0.000000000  0.000000000  0.000000000
  0.000000000  0.000000000  0.000000000
  0.000000000  0.000000000  0.000000000
  0.000000000  0.000000000  0.000000000
  0.000000000  0.000000000  0.000000000
  0.000000000  0.000000000  0.000000000
  0.000000000  0.000000000  0.000000000
  0.000000000  0.000000000  0.000000000
  0.000000000  0.000000000  0.000000000
  0.000000000  0.000000000  0.000000000
  0.000000000  0.000000000  0.000000000
  0.000000000  0.000000000  0.000000000
  0.000000000  0.000000000  0.000000000
  0.000000000  0.000000000  0.000000000
  0.000000000  0.000000000  0.000000000
  0.000000000  0.000000000  0.000000000
  0.000000000  0.000000000  0.000000000
  0.000000000  0.000000000  0.000000000
  0.000000000  0.000000000  0.000000000
  0.000000000  0.000000000  0.000000000
  0.000000000  0.000000000  0.000000000
  0.000000000  0.000000000  0.000000000
  0.000000000  0.000000000  0.000000000
  0.000000000  0.000000000  0.000000000
  0.000000000  0.000000000  0.000000000
  0.000000000  0.000000000  0.000000000
  0.000000000  0.000000000  0.000000000
  0.000000000  0.000000000  0.000000000
  0.000000000  0.000000000  0.000000000
  0.000000000  0.000000000  0.000000000
  0.000000000  0.000000000  0.000000000
  0.000000000  0.000000000  0.000000000
  0.000000000  0.000000000  0.000000000
  0.000000000  0.000000000  0.000000000
  0.000000000  0.000000000  0.000000000
  0.000000000  0.000000000  0.000000000
  0.000000000  0.000000000  0.000000000
  0.000000000  0.000000000  0.000000000
  0.000000000  0.000000000  0.000000000
  0.000000000  0.000000000  0.000000000
  0.000000000  0.000000000  0.000000000
  0.000000000  0.000000000  0.000000000
  0.000000000  0.000000000  0.000000000
  0.000000000  0.000000000  0.000000000
  0.000000000  0.000000000  0.000000000
  0.000000000  0.000000000  0.000000000
  0.000000000  0.000000000  0.000000000
  0.000000000  0.000000000  0.000000000
  0.000000000  0.000000000  0.000000000
  0.000000000  0.000000000  0.000000000
  0.000000000  0.000000000  0.000000000
  0.000000000  0.000000000  0.000000000
  0.000000000  0.000000000  0.000000000
  0.000000000  0.000000000  0.000000000
  0.000000000  0.000000000  0.000000000
  0.000000000  0.000000000  0.000000000
  0.000000000  0.000000000  0.000000000
  0.000000000  0.000000000  0.000000000
  0.000000000  0.000000000  0.000000000
  0.000000000  0.000000000  0.000000000
  0.000000000  0.000000000  0.000000000
  0.000000000  0.000000000  0.000000000
  0.000000000  0.000000000  0.000000000
  0.000000000  0.000000000  0.000000000
  0.000000000  0.000000000  0.000000000
  0.000000000  0.000000000  0.000000000
  0.000000000  0.000000000  0.000000000
  0.000000000  0.000000000  0.000000000
  0.000000000  0.000000000  0.000000000
  0.000000000  0.000000000  0.000000000
  0.000000000  0.000000000  0.000000000
  0.000000000  0.000000000  0.000000000
  0.000000000  0.000000000  0.000000000
  0.000000000  0.000000000  0.000000000
  0.000000000  0.000000000  0.000000000
  0.000000000  0.000000000  0.000000000
  0.000000000  0.000000000  0.000000000
  0.000000000  0.000000000  0.000000000
  0.000000000  0.000000000  0.000000000
  0.000000000  0.000000000  0.000000000
  0.000000000  0.000000000  0.000000000
  0.000000000  0.000000000  0.000000000
  0.000000000  0.000000000  0.000000000
  0.000000000  0.000000000  0.000000000
  0.000000000  0.000000000  0.000000000
  0.000000000  0.000000000  0.000000000
  0.000000000  0.000000000  0.000000000
  0.000000000  0.000000000  0.000000000
  0.000000000  0.000000000  0.000000000
  0.000000000  0.000000000  0.000000000
  0.000000000  0.000000000  0.000000000
  0.000000000  0.000000000  0.000000000
  0.000000000  0.000000000  0.000000000
  0.000000000  0.000000000  0.000000000
  0.000000000  0.000000000  0.000000000
  0.000000000  0.000000000  0.000000000
  0.000000000  0.000000000  0.000000000
  0.000000000  0.000000000  0.000000000
  0.000000000  0.000000000  0.000000000
  0.000000000  0.000000000  0.000000000
  0.000000000  0.000000000  0.000000000
  0.000000000  0.000000000  0.000000000
  0.000000000  0.000000000  0.000000000
  0.000000000  0.000000000  0.000000000
  0.000000000  0.000000000  0.000000000
  0.000000000  0.000000000  0.000000000
  0.000000000  0.000000000  0.000000000
  0.000000000  0.000000000  0.000000000
  0.000000000  0.000000000  0.000000000
  0.000000000  0.000000000  0.000000000
  0.000000000  0.000000000  0.000000000
  0.000000000  0.000000000  0.000000000
  0.000000000  0.000000000  0.000000000
  0.000000000  0.000000000  0.000000000
  0.000000000  0.000000000  0.000000000
  0.000000000  0.000000000  0.000000000
  0.000000000  0.000000000  0.000000000
  0.000000000  0.000000000  0.000000000
  0.000000000  0.000000000  0.000000000
  0.000000000  0.000000000  0.000000000
  0.000000000  0.000000000  0.000000000
  0.000000000  0.000000000  0.000000000
  0.000000000  0.000000000  0.000000000
  0.000000000  0.000000000  0.000000000
  0.000000000  0.000000000  0.000000000
  0.000000000  0.000000000  0.000000000
  0.000000000  0.000000000  0.000000000
  0.000000000  0.000000000  0.000000000
  0.000000000  0.000000000  0.000000000
  0.000000000  0.000000000  0.000000000
  0.000000000  0.000000000  0.000000000
  0.000000000  0.000000000  0.000000000
  0.000000000  0.000000000  0.000000000
  0.000000000  0.000000000  0.000000000
  0.000000000  0.000000000  0.000000000
  0.000000000  0.000000000  0.000000000
  0.000000000  0.000000000  0.000000000
  0.000000000  0.000000000  0.000000000
  0.000000000  0.000000000  0.000000000
  0.000000000  0.000000000  0.000000000
  0.000000000  0.000000000  0.000000000
  0.000000000  0.000000000  0.000000000
  0.000000000  0.000000000  0.000000000
  0.000000000  0.000000000  0.000000000
  0.000000000  0.000000000  0.000000000
  0.000000000  0.000000000  0.000000000
  0.000000000  0.000000000  0.000000000
  0.000000000  0.000000000  0.000000000
  0.000000000  0.000000000  0.000000000
  0.000000000  0.000000000  0.000000000
  0.000000000  0.000000000  0.000000000
  0.000000000  0.000000000  0.000000000
  0.000000000  0.000000000  0.000000000
  0.000000000  0.000000000  0.000000000
  0.000000000  0.000000000  0.000000000
  0.000000000  0.000000000  0.000000000
  0.000000000  0.000000000  0.000000000
  0.000000000  0.000000000  0.000000000
  0.000000000  0.000000000  0.000000000
  0.000000000  0.000000000  0.000000000
  0.000000000  0.000000000  0.000000000
  0.000000000  0.000000000  0.000000000
  0.000000000  0.000000000  0.000000000
  0.000000000  0.000000000  0.000000000
  0.000000000  0.000000000  0.000000000
  0.000000000  0.000000000  0.000000000
  0.000000000  0.000000000  0.000000000
  0.000000000  0.000000000  0.000000000
  0.000000000  0.000000000  0.000000000
  0.000000000  0.000000000  0.000000000
  0.000000000  0.000000000  0.000000000
  0.000000000  0.000000000  0.000000000
  0.000000000  0.000000000  0.000000000
  0.000000000  0.000000000  0.000000000
  0.000000000  0.000000000  0.000000000
  0.000000000  0.000000000  0.000000000
  0.000000000  0.000000000  0.000000000
  0.000000000  0.000000000  0.000000000
  0.000000000  0.000000000  0.000000000
  0.000000000  0.000000000  0.000000000
  0.000000000  0.000000000  0.000000000
  0.000000000  0.000000000  0.000000000
  0.000000000  0.000000000  0.000000000
  0.000000000  0.000000000  0.000000000
  0.000000000  0.000000000  0.000000000
  0.000000000  0.000000000  0.000000000
  0.000000000  0.000000000  0.000000000
  0.000000000  0.000000000  0.000000000
  0.000000000  0.000000000  0.000000000
  0.000000000  0.000000000  0.000000000
  0.000000000  0.000000000  0.000000000
  0.000000000  0.000000000  0.000000000
  0.000000000  0.000000000  0.000000000
  0.000000000  0.000000000  0.000000000
  0.000000000  0.000000000  0.000000000
  0.000000000  0.000000000  0.000000000
  0.000000000  0.000000000  0.000000000
  0.000000000  0.000000000  0.000000000
  0.000000000  0.000000000  0.000000000
  0.000000000  0.000000000  0.000000000
  0.000000000  0.000000000  0.000000000
  0.000000000  0.000000000  0.000000000
  0.000000000  0.000000000  0.000000000
  0.000000000  0.000000000  0.000000000
  0.000000000  0.000000000  0.000000000
  0.000000000  0.000000000  0.000000000
  0.000000000  0.000000000  0.000000000
  0.000000000  0.000000000  0.000000000
  0.000000000  0.000000000  0.000000000
  0.000000000  0.000000000  0.000000000
  0.000000000  0.000000000  0.000000000
  0.000000000  0.000000000  0.000000000
  0.000000000  0.000000000  0.000000000
  0.000000000  0.000000000  0.000000000
  0.000000000  0.000000000  0.000000000
  0.000000000  0.000000000  0.000000000
  0.000000000  0.000000000  0.000000000
  0.000000000  0.000000000  0.000000000
  0.000000000  0.000000000  0.000000000
  0.000000000  0.000000000  0.000000000
  0.000000000  0.000000000  0.000000000
  0.000000000  0.000000000  0.000000000
  0.000000000  0.000000000  0.000000000
  0.000000000  0.000000000  0.000000000
  0.000000000  0.000000000  0.000000000
  0.000000000  0.000000000  0.000000000
  0.000000000  0.000000000  0.000000000
  0.000000000  0.000000000  0.000000000
  0.000000000  0.000000000  0.000000000
  0.000000000  0.000000000  0.000000000
  0.000000000  0.000000000  0.000000000
  0.000000000  0.000000000  0.000000000
  0.000000000  0.000000000  0.000000000
  0.000000000  0.000000000  0.000000000
  0.000000000  0.000000000  0.000000000
  0.000000000  0.000000000  0.000000000
  0.000000000  0.000000000  0.000000000
  0.000000000  0.000000000  0.000000000
  0.000000000  0.000000000  0.000000000
  0.000000000  0.000000000  0.000000000
  0.000000000  0.000000000  0.000000000
  0.000000000  0.000000000  0.000000000
  0.000000000  0.000000000  0.000000000
  0.000000000  0.000000000  0.000000000
  0.000000000  0.000000000  0.000000000
  0.000000000  0.000000000  0.000000000
  0.000000000  0.000000000  0.000000000
  0.000000000  0.000000000  0.000000000
  0.000000000  0.000000000  0.000000000
  0.000000000  0.000000000  0.000000000
  0.000000000  0.000000000  0.000000000
  0.000000000  0.000000000  0.000000000
  0.000000000  0.000000000  0.000000000
  0.000000000  0.000000000  0.000000000
  0.000000000  0.000000000  0.000000000
  0.000000000  0.000000000  0.000000000
  0.000000000  0.000000000  0.000000000
  0.000000000  0.000000000  0.000000000
  0.000000000  0.000000000  0.000000000
  0.000000000  0.000000000  0.000000000
  0.000000000  0.000000000  0.000000000
  0.000000000  0.000000000  0.000000000
  0.000000000  0.000000000  0.000000000
  0.000000000  0.000000000  0.000000000
  0.000000000  0.000000000  0.000000000
  0.000000000  0.000000000  0.000000000
  0.000000000  0.000000000  0.000000000
  0.000000000  0.000000000  0.000000000
  0.000000000  0.000000000  0.000000000
  0.000000000  0.000000000  0.000000000
  0.000000000  0.000000000  0.000000000
  0.000000000  0.000000000  0.000000000
  0.000000000  0.000000000  0.000000000
  0.000000000  0.000000000  0.000000000
  0.000000000  0.000000000  0.000000000
  0.000000000  0.000000000  0.000000000
  0.000000000  0.000000000  0.000000000
  0.000000000  0.000000000  0.000000000
  0.000000000  0.000000000  0.000000000
  0.000000000  0.000000000  0.000000000
  0.000000000  0.000000000  0.000000000
  0.000000000  0.000000000  0.000000000
  0.000000000  0.000000000  0.000000000
  0.000000000  0.000000000  0.000000000
  0.000000000  0.000000000  0.000000000
  0.000000000  0.000000000  0.000000000
  0.000000000  0.000000000  0.000000000
  0.000000000  0.000000000  0.000000000
  0.000000000  0.000000000  0.000000000
  0.000000000  0.000000000  0.000000000
  0.000000000  0.000000000  0.000000000
  0.000000000  0.000000000  0.000000000
  0.000000000  0.000000000  0.000000000
  0.000000000  0.000000000  0.000000000
  0.000000000  0.000000000  0.000000000
  0.000000000  0.000000000  0.000000000
  0.000000000  0.000000000  0.000000000
  0.000000000  0.000000000  0.000000000
   1.06000000000000     
   1.06000000000000     
   1.06000000000000     
   1.06000000000000     
   1.06000000000000     
   1.06000000000000     
   1.06000000000000     
   1.06000000000000     
   1.06000000000000     
   1.06000000000000     
   1.06000000000000     
   1.06000000000000     
   1.06000000000000     
   1.06000000000000     
   1.06000000000000     
   1.06000000000000     
   1.06000000000000     
   1.06000000000000     
   1.06000000000000     
   1.06000000000000     
   1.06000000000000     
   1.06000000000000     
   1.06000000000000     
   1.06000000000000     
   1.06000000000000     
   1.06000000000000     
   1.06000000000000     
   1.06000000000000     
   1.06000000000000     
   1.06000000000000     
   1.06000000000000     
   1.06000000000000     
   1.06000000000000     
   1.06000000000000     
   1.06000000000000     
   1.06000000000000     
   1.06000000000000     
   1.06000000000000     
   1.06000000000000     
   1.06000000000000     
   1.06000000000000     
   1.06000000000000     
   1.06000000000000     
   1.06000000000000     
   1.06000000000000     
   1.06000000000000     
   1.06000000000000     
   1.06000000000000     
   1.06000000000000     
   1.06000000000000     
   1.06000000000000     
   1.06000000000000     
   1.06000000000000     
   1.06000000000000     
   1.06000000000000     
   1.06000000000000     
   1.06000000000000     
   1.06000000000000     
   1.06000000000000     
   1.06000000000000     
   1.06000000000000     
   1.06000000000000     
   1.06000000000000     
   1.06000000000000     
   1.06000000000000     
   1.06000000000000     
   1.06000000000000     
   1.06000000000000     
   1.06000000000000     
   1.06000000000000     
   1.06000000000000     
   1.06000000000000     
   1.06000000000000     
   1.06000000000000     
   1.06000000000000     
   1.06000000000000     
   1.06000000000000     
   1.06000000000000     
   1.06000000000000     
   1.06000000000000     
   1.06000000000000     
   1.06000000000000     
   1.06000000000000     
   1.06000000000000     
   1.06000000000000     
   1.06000000000000     
   1.06000000000000     
   1.06000000000000     
   1.06000000000000     
   1.06000000000000     
   1.06000000000000     
   1.06000000000000     
   1.06000000000000     
   1.06000000000000     
   1.06000000000000     
   1.06000000000000     
   1.06000000000000     
   1.06000000000000     
   1.06000000000000     
   1.06000000000000     
   1.06000000000000     
   1.06000000000000     
   1.06000000000000     
   1.06000000000000     
   1.06000000000000     
   1.06000000000000     
   1.06000000000000     
   1.06000000000000     
   1.06000000000000     
   1.06000000000000     
   1.06000000000000     
   1.06000000000000     
   1.06000000000000     
   1.06000000000000     
   1.06000000000000     
   1.06000000000000     
   1.06000000000000     
   1.06000000000000     
   1.06000000000000     
  3.000000000000000E-002
  3.000000000000000E-002
  3.000000000000000E-002
  3.000000000000000E-002
  3.000000000000000E-002
  3.000000000000000E-002
  3.000000000000000E-002
  3.000000000000000E-002
  3.000000000000000E-002
  3.000000000000000E-002
  3.000000000000000E-002
  3.000000000000000E-002
  3.000000000000000E-002
  3.000000000000000E-002
  3.000000000000000E-002
  3.000000000000000E-002
  3.000000000000000E-002
  3.000000000000000E-002
  3.000000000000000E-002
  3.000000000000000E-002
  3.000000000000000E-002
  3.000000000000000E-002
  3.000000000000000E-002
  3.000000000000000E-002
  3.000000000000000E-002
  3.000000000000000E-002
  3.000000000000000E-002
  3.000000000000000E-002
  3.000000000000000E-002
  3.000000000000000E-002
  3.000000000000000E-002
  3.000000000000000E-002
  3.000000000000000E-002
  3.000000000000000E-002
  3.000000000000000E-002
  3.000000000000000E-002
  3.000000000000000E-002
  3.000000000000000E-002
  3.000000000000000E-002
  3.000000000000000E-002
  3.000000000000000E-002
  3.000000000000000E-002
  3.000000000000000E-002
  3.000000000000000E-002
  3.000000000000000E-002
  3.000000000000000E-002
  3.000000000000000E-002
  3.000000000000000E-002
  3.000000000000000E-002
  3.000000000000000E-002
  3.000000000000000E-002
  3.000000000000000E-002
  3.000000000000000E-002
  3.000000000000000E-002
  3.000000000000000E-002
  3.000000000000000E-002
  3.000000000000000E-002
  3.000000000000000E-002
  3.000000000000000E-002
  3.000000000000000E-002
  3.000000000000000E-002
  3.000000000000000E-002
  3.000000000000000E-002
  3.000000000000000E-002
  3.000000000000000E-002
  3.000000000000000E-002
  3.000000000000000E-002
  3.000000000000000E-002
  3.000000000000000E-002
  3.000000000000000E-002
  3.000000000000000E-002
  3.000000000000000E-002
  3.000000000000000E-002
  3.000000000000000E-002
  3.000000000000000E-002
  3.000000000000000E-002
  3.000000000000000E-002
  3.000000000000000E-002
  3.000000000000000E-002
  3.000000000000000E-002
  3.000000000000000E-002
  3.000000000000000E-002
  3.000000000000000E-002
  3.000000000000000E-002
  3.000000000000000E-002
  3.000000000000000E-002
  3.000000000000000E-002
  3.000000000000000E-002
  3.000000000000000E-002
  3.000000000000000E-002
  3.000000000000000E-002
  3.000000000000000E-002
  3.000000000000000E-002
  3.000000000000000E-002
  3.000000000000000E-002
  3.000000000000000E-002
  3.000000000000000E-002
  3.000000000000000E-002
  3.000000000000000E-002
  3.000000000000000E-002
  3.000000000000000E-002
  3.000000000000000E-002
  3.000000000000000E-002
  3.000000000000000E-002
  3.000000000000000E-002
  3.000000000000000E-002
  3.000000000000000E-002
  3.000000000000000E-002
  3.000000000000000E-002
  3.000000000000000E-002
  3.000000000000000E-002
  3.000000000000000E-002
  3.000000000000000E-002
  3.000000000000000E-002
  3.000000000000000E-002
  3.000000000000000E-002
  3.000000000000000E-002
  3.000000000000000E-002
  3.000000000000000E-002
