           3
 2 1 2
   9   2  13
  0.000000000  0.000000000  0.000000000  0.250000000  0.250000000  0.500000000  0.500000000  0.750000000  0.750000000  1.000000000  1.000000000  1.000000000
  0.000000000  0.000000000  1.000000000  1.000000000
  0.682452431  0.682452431  0.682452431  0.682952143  0.683451855  0.683951566  0.684451278  0.684950990  0.685450701  0.685950413  0.686450125  0.686949836  0.687449548  0.687949260  0.687949260  0.687949260
 -0.193242107130E+02 -0.107940821500E+02  0.273750240670E+02  0.100000000000E+01
 -0.193242107130E+02 -0.107940821500E+02  0.273750240670E+02  0.707106526000E+00
 -0.193242107130E+02 -0.107940821500E+02  0.273750240670E+02  0.100000000000E+01
 -0.193242107130E+02 -0.107940821500E+02  0.273750240670E+02  0.707106878489E+00
 -0.193242107130E+02 -0.107940821500E+02  0.273750240670E+02  0.100000000000E+01
 -0.193242107130E+02 -0.107940821500E+02  0.273750240670E+02  0.707106784127E+00
 -0.193242107130E+02 -0.107940821500E+02  0.273750240670E+02  0.100000000000E+01
 -0.193242107130E+02 -0.107940821500E+02  0.273750240670E+02  0.707106330045E+00
 -0.193242107130E+02 -0.107940821500E+02  0.273750240670E+02  0.100000000000E+01
 -0.188293912200E+02 -0.105937399940E+02  0.269477899830E+02  0.100000000000E+01
 -0.192932645110E+02 -0.104366713250E+02  0.261448236260E+02  0.707106526000E+00
 -0.201171748740E+02 -0.106721346460E+02  0.265138045830E+02  0.100000000000E+01
 -0.208506870810E+02 -0.110029273140E+02  0.272651107960E+02  0.707106878489E+00
 -0.199305247490E+02 -0.110395647730E+02  0.278985248060E+02  0.100000000000E+01
 -0.194838254640E+02 -0.117232469240E+02  0.279832913320E+02  0.707106784127E+00
 -0.188539858490E+02 -0.116301459390E+02  0.275275831830E+02  0.100000000000E+01
 -0.185067504350E+02 -0.112230962840E+02  0.270827757940E+02  0.707106330045E+00
 -0.188293912200E+02 -0.105937399940E+02  0.269477899830E+02  0.100000000000E+01
 -0.192958784060E+02 -0.110743817300E+02  0.272642985600E+02  0.100000000000E+01
 -0.192958784060E+02 -0.110743817300E+02  0.272642985600E+02  0.707106212183E+00
 -0.192958784060E+02 -0.110743817300E+02  0.272642985600E+02  0.100000000000E+01
 -0.192958784060E+02 -0.110743817300E+02  0.272642985600E+02  0.707106213650E+00
 -0.192958784060E+02 -0.110743817300E+02  0.272642985600E+02  0.100000000000E+01
 -0.192958784060E+02 -0.110743817300E+02  0.272642985600E+02  0.707107083490E+00
 -0.192958784060E+02 -0.110743817300E+02  0.272642985600E+02  0.100000000000E+01
 -0.192958784060E+02 -0.110743817300E+02  0.272642985600E+02  0.707107233262E+00
 -0.192958784060E+02 -0.110743817300E+02  0.272642985600E+02  0.100000000000E+01
 -0.188129825620E+02 -0.108430159460E+02  0.268120477680E+02  0.100000000000E+01
 -0.193420370490E+02 -0.106844512310E+02  0.260740830540E+02  0.707106212183E+00
 -0.201149797180E+02 -0.109411623770E+02  0.264578501900E+02  0.100000000000E+01
 -0.207460992660E+02 -0.112957269540E+02  0.272051218620E+02  0.707106213650E+00
 -0.198650393030E+02 -0.113470800650E+02  0.277973435660E+02  0.100000000000E+01
 -0.193511646540E+02 -0.117954277360E+02  0.278590303700E+02  0.707107083490E+00
 -0.188455163840E+02 -0.116419011310E+02  0.274548404180E+02  0.100000000000E+01
 -0.185346988330E+02 -0.113352213550E+02  0.270404215700E+02  0.707107233262E+00
 -0.188129825620E+02 -0.108430159460E+02  0.268120477680E+02  0.100000000000E+01
 -0.192664947780E+02 -0.113534683960E+02  0.271508156290E+02  0.100000000000E+01
 -0.192664947780E+02 -0.113534683960E+02  0.271508156290E+02  0.707106663544E+00
 -0.192664947780E+02 -0.113534683960E+02  0.271508156290E+02  0.100000000000E+01
 -0.192664947780E+02 -0.113534683960E+02  0.271508156290E+02  0.707106758335E+00
 -0.192664947780E+02 -0.113534683960E+02  0.271508156290E+02  0.100000000000E+01
 -0.192664947780E+02 -0.113534683960E+02  0.271508156290E+02  0.707106752678E+00
 -0.192664947780E+02 -0.113534683960E+02  0.271508156290E+02  0.100000000000E+01
 -0.192664947780E+02 -0.113534683960E+02  0.271508156290E+02  0.707106654671E+00
 -0.192664947780E+02 -0.113534683960E+02  0.271508156290E+02  0.100000000000E+01
 -0.188120432110E+02 -0.111128760610E+02  0.266845351330E+02  0.100000000000E+01
 -0.193736727790E+02 -0.109486760600E+02  0.259888725510E+02  0.707106663544E+00
 -0.200878866840E+02 -0.112174771160E+02  0.264204309650E+02  0.100000000000E+01
 -0.206927692500E+02 -0.115850436810E+02  0.271715052550E+02  0.707106758335E+00
 -0.197902540730E+02 -0.116307521910E+02  0.276882085180E+02  0.100000000000E+01
 -0.192690439170E+02 -0.118981685000E+02  0.277304532240E+02  0.707106752678E+00
 -0.188592839350E+02 -0.117246770810E+02  0.273561593830E+02  0.100000000000E+01
 -0.185561629820E+02 -0.114973778390E+02  0.269741837650E+02  0.707106654671E+00
 -0.188120432110E+02 -0.111128760610E+02  0.266845351330E+02  0.100000000000E+01
 -0.192361051410E+02 -0.116316174420E+02  0.270353123640E+02  0.100000000000E+01
 -0.192361051410E+02 -0.116316174420E+02  0.270353123640E+02  0.707106575945E+00
 -0.192361051410E+02 -0.116316174420E+02  0.270353123640E+02  0.100000000000E+01
 -0.192361051410E+02 -0.116316174420E+02  0.270353123640E+02  0.707106726557E+00
 -0.192361051410E+02 -0.116316174420E+02  0.270353123640E+02  0.100000000000E+01
 -0.192361051410E+02 -0.116316174420E+02  0.270353123640E+02  0.707106929499E+00
 -0.192361051410E+02 -0.116316174420E+02  0.270353123640E+02  0.100000000000E+01
 -0.192361051410E+02 -0.116316174420E+02  0.270353123640E+02  0.707106879414E+00
 -0.192361051410E+02 -0.116316174420E+02  0.270353123640E+02  0.100000000000E+01
 -0.188268531570E+02 -0.113931245110E+02  0.265743732690E+02  0.100000000000E+01
 -0.193804353510E+02 -0.111968967640E+02  0.258599270280E+02  0.707106575945E+00
 -0.200585264880E+02 -0.114957843790E+02  0.263753945180E+02  0.100000000000E+01
 -0.205958156510E+02 -0.118613339790E+02  0.271157788260E+02  0.707106726557E+00
 -0.197397331780E+02 -0.119251087170E+02  0.276025477640E+02  0.100000000000E+01
 -0.192011212860E+02 -0.120710740460E+02  0.276363018650E+02  0.707106929499E+00
 -0.188403864380E+02 -0.118807711620E+02  0.272577434170E+02  0.100000000000E+01
 -0.185815830310E+02 -0.116770097220E+02  0.268925240560E+02  0.707106879414E+00
 -0.188268531570E+02 -0.113931245110E+02  0.265743732690E+02  0.100000000000E+01
 -0.192047295820E+02 -0.119090765340E+02  0.269184207740E+02  0.100000000000E+01
 -0.192047295820E+02 -0.119090765340E+02  0.269184207740E+02  0.707106582593E+00
 -0.192047295820E+02 -0.119090765340E+02  0.269184207740E+02  0.100000000000E+01
 -0.192047295820E+02 -0.119090765340E+02  0.269184207740E+02  0.707106550633E+00
 -0.192047295820E+02 -0.119090765340E+02  0.269184207740E+02  0.100000000000E+01
 -0.192047295820E+02 -0.119090765340E+02  0.269184207740E+02  0.707106872578E+00
 -0.192047295820E+02 -0.119090765340E+02  0.269184207740E+02  0.100000000000E+01
 -0.192047295820E+02 -0.119090765340E+02  0.269184207740E+02  0.707107141401E+00
 -0.192047295820E+02 -0.119090765340E+02  0.269184207740E+02  0.100000000000E+01
 -0.188359946280E+02 -0.116730895980E+02  0.264612953770E+02  0.100000000000E+01
 -0.193935955850E+02 -0.114575244850E+02  0.257524844170E+02  0.707106582593E+00
 -0.200381198330E+02 -0.117737427720E+02  0.263160417570E+02  0.100000000000E+01
 -0.205355038210E+02 -0.121453516500E+02  0.270629890960E+02  0.707106550633E+00
 -0.197052999910E+02 -0.122294379820E+02  0.275389858160E+02  0.100000000000E+01
 -0.191009491710E+02 -0.123218358670E+02  0.276536163430E+02  0.707106872578E+00
 -0.187831103330E+02 -0.120713564650E+02  0.271747387920E+02  0.100000000000E+01
 -0.186065146230E+02 -0.118734232350E+02  0.268027300750E+02  0.707107141401E+00
 -0.188359946280E+02 -0.116730895980E+02  0.264612953770E+02  0.100000000000E+01
 -0.191723663460E+02 -0.121860757260E+02  0.268007103040E+02  0.100000000000E+01
 -0.191723663460E+02 -0.121860757260E+02  0.268007103040E+02  0.707106686820E+00
 -0.191723663460E+02 -0.121860757260E+02  0.268007103040E+02  0.100000000000E+01
 -0.191723663460E+02 -0.121860757260E+02  0.268007103040E+02  0.707107199484E+00
 -0.191723663460E+02 -0.121860757260E+02  0.268007103040E+02  0.100000000000E+01
 -0.191723663460E+02 -0.121860757260E+02  0.268007103040E+02  0.707107197874E+00
 -0.191723663460E+02 -0.121860757260E+02  0.268007103040E+02  0.100000000000E+01
 -0.191723663460E+02 -0.121860757260E+02  0.268007103040E+02  0.707106040566E+00
 -0.191723663460E+02 -0.121860757260E+02  0.268007103040E+02  0.100000000000E+01
 -0.188249347370E+02 -0.119421504080E+02  0.263249422850E+02  0.100000000000E+01
 -0.194120200380E+02 -0.117407297610E+02  0.256885516170E+02  0.707106686820E+00
 -0.200386639840E+02 -0.120492843220E+02  0.262382258420E+02  0.100000000000E+01
 -0.205243248120E+02 -0.124351735570E+02  0.270087146370E+02  0.707107199484E+00
 -0.196596952190E+02 -0.125282201330E+02  0.274680502230E+02  0.100000000000E+01
 -0.190171485250E+02 -0.125230390790E+02  0.276349294960E+02  0.707107197874E+00
 -0.187319298640E+02 -0.122556229660E+02  0.270866856640E+02  0.100000000000E+01
 -0.185979163180E+02 -0.120721230600E+02  0.266932899480E+02  0.707106040566E+00
 -0.188249347370E+02 -0.119421504080E+02  0.263249422850E+02  0.100000000000E+01
 -0.191389929490E+02 -0.124628364230E+02  0.266827210410E+02  0.100000000000E+01
 -0.191389929490E+02 -0.124628364230E+02  0.266827210410E+02  0.707107039994E+00
 -0.191389929490E+02 -0.124628364230E+02  0.266827210410E+02  0.100000000000E+01
 -0.191389929490E+02 -0.124628364230E+02  0.266827210410E+02  0.707106484259E+00
 -0.191389929490E+02 -0.124628364230E+02  0.266827210410E+02  0.100000000000E+01
 -0.191389929490E+02 -0.124628364230E+02  0.266827210410E+02  0.707106182870E+00
 -0.191389929490E+02 -0.124628364230E+02  0.266827210410E+02  0.100000000000E+01
 -0.191389929490E+02 -0.124628364230E+02  0.266827210410E+02  0.707107417623E+00
 -0.191389929490E+02 -0.124628364230E+02  0.266827210410E+02  0.100000000000E+01
 -0.187792784010E+02 -0.121858049170E+02  0.261361539860E+02  0.100000000000E+01
 -0.194393581590E+02 -0.120373623450E+02  0.255982384650E+02  0.707107039994E+00
 -0.200497501110E+02 -0.123444624460E+02  0.261433181790E+02  0.100000000000E+01
 -0.205187283280E+02 -0.127484498820E+02  0.269563320560E+02  0.707106484259E+00
 -0.195804036980E+02 -0.128027862950E+02  0.273534211580E+02  0.100000000000E+01
 -0.189148891220E+02 -0.127976431360E+02  0.275325812060E+02  0.707106182870E+00
 -0.186709484470E+02 -0.125236693320E+02  0.269599223150E+02  0.100000000000E+01
 -0.185075869690E+02 -0.123195282890E+02  0.265279401450E+02  0.707107417623E+00
 -0.187792784010E+02 -0.121858049170E+02  0.261361539860E+02  0.100000000000E+01
 -0.191045654450E+02 -0.127395793510E+02  0.265649933900E+02  0.100000000000E+01
 -0.191045654450E+02 -0.127395793510E+02  0.265649933900E+02  0.707106805716E+00
 -0.191045654450E+02 -0.127395793510E+02  0.265649933900E+02  0.100000000000E+01
 -0.191045654450E+02 -0.127395793510E+02  0.265649933900E+02  0.707106381194E+00
 -0.191045654450E+02 -0.127395793510E+02  0.265649933900E+02  0.100000000000E+01
 -0.191045654450E+02 -0.127395793510E+02  0.265649933900E+02  0.707106440871E+00
 -0.191045654450E+02 -0.127395793510E+02  0.265649933900E+02  0.100000000000E+01
 -0.191045654450E+02 -0.127395793510E+02  0.265649933900E+02  0.707107496964E+00
 -0.191045654450E+02 -0.127395793510E+02  0.265649933900E+02  0.100000000000E+01
 -0.187484722280E+02 -0.124384951270E+02  0.259612280510E+02  0.100000000000E+01
 -0.194627610730E+02 -0.123279335800E+02  0.254877895390E+02  0.707106805716E+00
 -0.200311872700E+02 -0.126448825230E+02  0.260657065610E+02  0.100000000000E+01
 -0.204142563150E+02 -0.130418320130E+02  0.268874493140E+02  0.707106381194E+00
 -0.194830380840E+02 -0.130595868460E+02  0.272067052550E+02  0.100000000000E+01
 -0.188744266680E+02 -0.130387974800E+02  0.273389891030E+02  0.707106440871E+00
 -0.186009789510E+02 -0.127910434130E+02  0.268363369400E+02  0.100000000000E+01
 -0.183672510100E+02 -0.125614106070E+02  0.263645757050E+02  0.707107496964E+00
 -0.187484722280E+02 -0.124384951270E+02  0.259612280510E+02  0.100000000000E+01
 -0.190690156950E+02 -0.130165330620E+02  0.264480983570E+02  0.100000000000E+01
 -0.190690156950E+02 -0.130165330620E+02  0.264480983570E+02  0.707106392772E+00
 -0.190690156950E+02 -0.130165330620E+02  0.264480983570E+02  0.100000000000E+01
 -0.190690156950E+02 -0.130165330620E+02  0.264480983570E+02  0.707106755718E+00
 -0.190690156950E+02 -0.130165330620E+02  0.264480983570E+02  0.100000000000E+01
 -0.190690156950E+02 -0.130165330620E+02  0.264480983570E+02  0.707107279674E+00
 -0.190690156950E+02 -0.130165330620E+02  0.264480983570E+02  0.100000000000E+01
 -0.190690156950E+02 -0.130165330620E+02  0.264480983570E+02  0.707106716451E+00
 -0.190690156950E+02 -0.130165330620E+02  0.264480983570E+02  0.100000000000E+01
 -0.187228945340E+02 -0.126946964040E+02  0.257885833730E+02  0.100000000000E+01
 -0.194733531380E+02 -0.126529439280E+02  0.253981375610E+02  0.707106392772E+00
 -0.199812477580E+02 -0.129727744850E+02  0.259907034480E+02  0.100000000000E+01
 -0.202730306280E+02 -0.133435026320E+02  0.267913945700E+02  0.707106755718E+00
 -0.193923367040E+02 -0.133171693000E+02  0.270641708740E+02  0.100000000000E+01
 -0.188140747160E+02 -0.132413939050E+02  0.271955750350E+02  0.707107279674E+00
 -0.185269885830E+02 -0.130075579910E+02  0.267369403940E+02  0.100000000000E+01
 -0.182053591800E+02 -0.127397266890E+02  0.262074772940E+02  0.707106716451E+00
 -0.187228945340E+02 -0.126946964040E+02  0.257885833730E+02  0.100000000000E+01
 -0.190322462380E+02 -0.132939432620E+02  0.263326734710E+02  0.100000000000E+01
 -0.190322462380E+02 -0.132939432620E+02  0.263326734710E+02  0.707106413930E+00
 -0.190322462380E+02 -0.132939432620E+02  0.263326734710E+02  0.100000000000E+01
 -0.190322462380E+02 -0.132939432620E+02  0.263326734710E+02  0.707106484454E+00
 -0.190322462380E+02 -0.132939432620E+02  0.263326734710E+02  0.100000000000E+01
 -0.190322462380E+02 -0.132939432620E+02  0.263326734710E+02  0.707107266518E+00
 -0.190322462380E+02 -0.132939432620E+02  0.263326734710E+02  0.100000000000E+01
 -0.190322462380E+02 -0.132939432620E+02  0.263326734710E+02  0.707106954425E+00
 -0.190322462380E+02 -0.132939432620E+02  0.263326734710E+02  0.100000000000E+01
 -0.187012376950E+02 -0.129546527060E+02  0.256175811280E+02  0.100000000000E+01
 -0.194749770470E+02 -0.129787697520E+02  0.253080175380E+02  0.707106413930E+00
 -0.199138619510E+02 -0.132990008290E+02  0.259221845970E+02  0.100000000000E+01
 -0.201255111040E+02 -0.136339144120E+02  0.266833396050E+02  0.707106484454E+00
 -0.193210813040E+02 -0.135900064410E+02  0.269566599400E+02  0.100000000000E+01
 -0.187582619220E+02 -0.134537266370E+02  0.270737732990E+02  0.707107266518E+00
 -0.184430881300E+02 -0.132135212490E+02  0.266435459290E+02  0.100000000000E+01
 -0.180546053180E+02 -0.128956239410E+02  0.260472354180E+02  0.707106954425E+00
 -0.187012376950E+02 -0.129546527060E+02  0.256175811280E+02  0.100000000000E+01
 -0.189941198160E+02 -0.135720815720E+02  0.262194637450E+02  0.100000000000E+01
 -0.189941198160E+02 -0.135720815720E+02  0.262194637450E+02  0.707106939633E+00
 -0.189941198160E+02 -0.135720815720E+02  0.262194637450E+02  0.100000000000E+01
 -0.189941198160E+02 -0.135720815720E+02  0.262194637450E+02  0.707106659959E+00
 -0.189941198160E+02 -0.135720815720E+02  0.262194637450E+02  0.100000000000E+01
 -0.189941198160E+02 -0.135720815720E+02  0.262194637450E+02  0.707106554069E+00
 -0.189941198160E+02 -0.135720815720E+02  0.262194637450E+02  0.100000000000E+01
 -0.189941198160E+02 -0.135720815720E+02  0.262194637450E+02  0.707106939770E+00
 -0.189941198160E+02 -0.135720815720E+02  0.262194637450E+02  0.100000000000E+01
 -0.186906357380E+02 -0.132279317070E+02  0.254678807320E+02  0.100000000000E+01
 -0.194648998530E+02 -0.133124506010E+02  0.252384514070E+02  0.707106939633E+00
 -0.198416392080E+02 -0.136224135180E+02  0.258541937300E+02  0.100000000000E+01
 -0.199937882630E+02 -0.139246730640E+02  0.265819762890E+02  0.707106659959E+00
 -0.192572061220E+02 -0.138704208520E+02  0.268710008950E+02  0.100000000000E+01
 -0.186811712930E+02 -0.136744097630E+02  0.270148786170E+02  0.707106554069E+00
 -0.183550755040E+02 -0.134054934290E+02  0.265537857880E+02  0.100000000000E+01
 -0.179743412140E+02 -0.130553314150E+02  0.258911367390E+02  0.707106939770E+00
 -0.186906357380E+02 -0.132279317070E+02  0.254678807320E+02  0.100000000000E+01
 -0.189543581510E+02 -0.138510528290E+02  0.261088970490E+02  0.100000000000E+01
 -0.189543581510E+02 -0.138510528290E+02  0.261088970490E+02  0.707107333795E+00
 -0.189543581510E+02 -0.138510528290E+02  0.261088970490E+02  0.100000000000E+01
 -0.189543581510E+02 -0.138510528290E+02  0.261088970490E+02  0.707107202959E+00
 -0.189543581510E+02 -0.138510528290E+02  0.261088970490E+02  0.100000000000E+01
 -0.189543581510E+02 -0.138510528290E+02  0.261088970490E+02  0.707106121611E+00
 -0.189543581510E+02 -0.138510528290E+02  0.261088970490E+02  0.100000000000E+01
 -0.189543581510E+02 -0.138510528290E+02  0.261088970490E+02  0.707106410345E+00
 -0.189543581510E+02 -0.138510528290E+02  0.261088970490E+02  0.100000000000E+01
 -0.186908963970E+02 -0.135157058770E+02  0.253503991810E+02  0.100000000000E+01
 -0.194695937980E+02 -0.136447341310E+02  0.251576280780E+02  0.707107333795E+00
 -0.197609212470E+02 -0.139419632370E+02  0.257885451360E+02  0.100000000000E+01
 -0.198472944120E+02 -0.142030813950E+02  0.264641268460E+02  0.707107202959E+00
 -0.191721065640E+02 -0.141282123490E+02  0.267357819290E+02  0.100000000000E+01
 -0.186135417600E+02 -0.138804382560E+02  0.269144919420E+02  0.707106121611E+00
 -0.182644502290E+02 -0.135808818520E+02  0.264679832480E+02  0.100000000000E+01
 -0.179345145650E+02 -0.132208055130E+02  0.257491076770E+02  0.707106410345E+00
 -0.186908963970E+02 -0.135157058770E+02  0.253503991810E+02  0.100000000000E+01
 -0.189126255080E+02 -0.141306065910E+02  0.260005493760E+02  0.100000000000E+01
 -0.189126255080E+02 -0.141306065910E+02  0.260005493760E+02  0.707106967731E+00
 -0.189126255080E+02 -0.141306065910E+02  0.260005493760E+02  0.100000000000E+01
 -0.189126255080E+02 -0.141306065910E+02  0.260005493760E+02  0.707107255203E+00
 -0.189126255080E+02 -0.141306065910E+02  0.260005493760E+02  0.100000000000E+01
 -0.189126255080E+02 -0.141306065910E+02  0.260005493760E+02  0.707106484893E+00
 -0.189126255080E+02 -0.141306065910E+02  0.260005493760E+02  0.100000000000E+01
 -0.189126255080E+02 -0.141306065910E+02  0.260005493760E+02  0.707106483471E+00
 -0.189126255080E+02 -0.141306065910E+02  0.260005493760E+02  0.100000000000E+01
 -0.186538870310E+02 -0.138054344370E+02  0.252558001160E+02  0.100000000000E+01
 -0.193965837710E+02 -0.139521111900E+02  0.250574177910E+02  0.707106967731E+00
 -0.196763704080E+02 -0.142440982810E+02  0.256856582880E+02  0.100000000000E+01
 -0.197258256220E+02 -0.144711542060E+02  0.263176882270E+02  0.707107255203E+00
 -0.191144455840E+02 -0.143842444550E+02  0.265814616560E+02  0.100000000000E+01
 -0.185696640770E+02 -0.140891826000E+02  0.268392885880E+02  0.707106484893E+00
 -0.181680987930E+02 -0.137434365440E+02  0.264282574920E+02  0.100000000000E+01
 -0.178860491960E+02 -0.133989489290E+02  0.256631859340E+02  0.707106483471E+00
 -0.186538870310E+02 -0.138054344370E+02  0.252558001160E+02  0.100000000000E+01
           1
           2
           3
           4
           5
           6
           7
           8
           9
          10
          11
          12
          13
          14
          15
          16
          17
          18
          19
          20
          21
          22
          23
          24
          25
          26
          27
          28
          29
          30
          31
          32
          33
          34
          35
          36
          37
          38
          39
          40
          41
          42
          43
          44
          45
          46
          47
          48
          49
          50
          51
          52
          53
          54
          55
          56
          57
          58
          59
          60
          61
          62
          63
          64
          65
          66
          67
          68
          69
          70
          71
          72
          73
          74
          75
          76
          77
          78
          79
          80
          81
          82
          83
          84
          85
          86
          87
          88
          89
          90
          91
          92
          93
          94
          95
          96
          97
          98
          99
         100
         101
         102
         103
         104
         105
         106
         107
         108
         109
         110
         111
         112
         113
         114
         115
         116
         117
         118
         119
         120
         121
         122
         123
         124
         125
         126
         127
         128
         129
         130
         131
         132
         133
         134
         135
         136
         137
         138
         139
         140
         141
         142
         143
         144
         145
         146
         147
         148
         149
         150
         151
         152
         153
         154
         155
         156
         157
         158
         159
         160
         161
         162
         163
         164
         165
         166
         167
         168
         169
         170
         171
         172
         173
         174
         175
         176
         177
         178
         179
         180
         181
         182
         183
         184
         185
         186
         187
         188
         189
         190
         191
         192
         193
         194
         195
         196
         197
         198
         199
         200
         201
         202
         203
         204
         205
         206
         207
         208
         209
         210
         211
         212
         213
         214
         215
         216
         217
         218
         219
         220
         221
         222
         223
         224
         225
         226
         227
         228
         229
         230
         231
         232
         233
         234
 1 0 0
 0 0 0
 0 0 0
 0 0 0
 0 0 0
 0 0 0
 0 0 0
 0 0 0
 0 0 0
 0 0 0
 0 0 0
 0 0 0
 0 0 0
 0 0 0
 0 0 0
 0 0 0
 0 0 0
 0 0 0
 0 0 0
 0 0 0
 0 0 0
 0 0 0
 0 0 0
 0 0 0
 0 0 0
 0 0 0
 0 0 0
 0 0 0
 0 0 0
 0 0 0
 0 0 0
 0 0 0
 0 0 0
 0 0 0
 0 0 0
 0 0 0
 0 0 0
 0 0 0
 0 0 0
 0 0 0
 0 0 0
 0 0 0
 0 0 0
 0 0 0
 0 0 0
 0 0 0
 0 0 0
 0 0 0
 0 0 0
 0 0 0
 0 0 0
 0 0 0
 0 0 0
 0 0 0
 0 0 0
 0 0 0
 0 0 0
 0 0 0
 0 0 0
 0 0 0
 0 0 0
 0 0 0
 0 0 0
 0 0 0
 0 0 0
 0 0 0
 0 0 0
 0 0 0
 0 0 0
 0 0 0
 0 0 0
 0 0 0
 0 0 0
 0 0 0
 0 0 0
 0 0 0
 0 0 0
 0 0 0
 0 0 0
 0 0 0
 0 0 0
 0 0 0
 0 0 0
 0 0 0
 0 0 0
 0 0 0
 0 0 0
 0 0 0
 0 0 0
 0 0 0
 0 0 0
 0 0 0
 0 0 0
 0 0 0
 0 0 0
 0 0 0
 0 0 0
 0 0 0
 0 0 0
 0 0 0
 0 0 0
 0 0 0
 0 0 0
 0 0 0
 0 0 0
 0 0 0
 0 0 0
 0 0 0
 0 0 0
 0 0 0
 0 0 0
 0 0 0
 0 0 0
 0 0 0
 0 0 0
 0 0 0
 0 0 0
 0 0 0
 0 0 0
 0 0 0
 0 0 0
 0 0 0
 0 0 0
 0 0 0
 0 0 0
 0 0 0
 0 0 0
 0 0 0
 0 0 0
 0 0 0
 0 0 0
 0 0 0
 0 0 0
 0 0 0
 0 0 0
 0 0 0
 0 0 0
 0 0 0
 0 0 0
 0 0 0
 0 0 0
 0 0 0
 0 0 0
 0 0 0
 0 0 0
 0 0 0
 0 0 0
 0 0 0
 0 0 0
 0 0 0
 0 0 0
 0 0 0
 0 0 0
 0 0 0
 0 0 0
 0 0 0
 0 0 0
 0 0 0
 0 0 0
 0 0 0
 0 0 0
 0 0 0
 0 0 0
 0 0 0
 0 0 0
 0 0 0
 0 0 0
 0 0 0
 0 0 0
 0 0 0
 0 0 0
 0 0 0
 0 0 0
 0 0 0
 0 0 0
 0 0 0
 0 0 0
 0 0 0
 0 0 0
 0 0 0
 0 0 0
 0 0 0
 0 0 0
 0 0 0
 0 0 0
 0 0 0
 0 0 0
 0 0 0
 0 0 0
 0 0 0
 0 0 0
 0 0 0
 0 0 0
 0 0 0
 0 0 0
 0 0 0
 0 0 0
 0 0 0
 0 0 0
 0 0 0
 0 0 0
 0 0 0
 0 0 0
 0 0 0
 0 0 0
 0 0 0
 0 0 0
 0 0 0
 0 0 0
 0 0 0
 0 0 0
 0 0 0
 0 0 0
 0 0 0
 0 0 0
 0 0 0
 0 0 0
 0 0 0
 0 0 0
 0 0 0
 0 0 0
 0 0 0
 0 0 0
 0 0 0
 0 0 0
 0 0 0
 0 0 0
 0 0 0
 0 0 0
 0 0 0
 0 0 0
 0 0 0
 0 0 0
 0 0 0
 0 0 0
  0.000000000  0.000000000  0.000000000
  0.000000000  0.000000000  0.000000000
  0.000000000  0.000000000  0.000000000
  0.000000000  0.000000000  0.000000000
  0.000000000  0.000000000  0.000000000
  0.000000000  0.000000000  0.000000000
  0.000000000  0.000000000  0.000000000
  0.000000000  0.000000000  0.000000000
  0.000000000  0.000000000  0.000000000
  0.000000000  0.000000000  0.000000000
  0.000000000  0.000000000  0.000000000
  0.000000000  0.000000000  0.000000000
  0.000000000  0.000000000  0.000000000
  0.000000000  0.000000000  0.000000000
  0.000000000  0.000000000  0.000000000
  0.000000000  0.000000000  0.000000000
  0.000000000  0.000000000  0.000000000
  0.000000000  0.000000000  0.000000000
  0.000000000  0.000000000  0.000000000
  0.000000000  0.000000000  0.000000000
  0.000000000  0.000000000  0.000000000
  0.000000000  0.000000000  0.000000000
  0.000000000  0.000000000  0.000000000
  0.000000000  0.000000000  0.000000000
  0.000000000  0.000000000  0.000000000
  0.000000000  0.000000000  0.000000000
  0.000000000  0.000000000  0.000000000
  0.000000000  0.000000000  0.000000000
  0.000000000  0.000000000  0.000000000
  0.000000000  0.000000000  0.000000000
  0.000000000  0.000000000  0.000000000
  0.000000000  0.000000000  0.000000000
  0.000000000  0.000000000  0.000000000
  0.000000000  0.000000000  0.000000000
  0.000000000  0.000000000  0.000000000
  0.000000000  0.000000000  0.000000000
  0.000000000  0.000000000  0.000000000
  0.000000000  0.000000000  0.000000000
  0.000000000  0.000000000  0.000000000
  0.000000000  0.000000000  0.000000000
  0.000000000  0.000000000  0.000000000
  0.000000000  0.000000000  0.000000000
  0.000000000  0.000000000  0.000000000
  0.000000000  0.000000000  0.000000000
  0.000000000  0.000000000  0.000000000
  0.000000000  0.000000000  0.000000000
  0.000000000  0.000000000  0.000000000
  0.000000000  0.000000000  0.000000000
  0.000000000  0.000000000  0.000000000
  0.000000000  0.000000000  0.000000000
  0.000000000  0.000000000  0.000000000
  0.000000000  0.000000000  0.000000000
  0.000000000  0.000000000  0.000000000
  0.000000000  0.000000000  0.000000000
  0.000000000  0.000000000  0.000000000
  0.000000000  0.000000000  0.000000000
  0.000000000  0.000000000  0.000000000
  0.000000000  0.000000000  0.000000000
  0.000000000  0.000000000  0.000000000
  0.000000000  0.000000000  0.000000000
  0.000000000  0.000000000  0.000000000
  0.000000000  0.000000000  0.000000000
  0.000000000  0.000000000  0.000000000
  0.000000000  0.000000000  0.000000000
  0.000000000  0.000000000  0.000000000
  0.000000000  0.000000000  0.000000000
  0.000000000  0.000000000  0.000000000
  0.000000000  0.000000000  0.000000000
  0.000000000  0.000000000  0.000000000
  0.000000000  0.000000000  0.000000000
  0.000000000  0.000000000  0.000000000
  0.000000000  0.000000000  0.000000000
  0.000000000  0.000000000  0.000000000
  0.000000000  0.000000000  0.000000000
  0.000000000  0.000000000  0.000000000
  0.000000000  0.000000000  0.000000000
  0.000000000  0.000000000  0.000000000
  0.000000000  0.000000000  0.000000000
  0.000000000  0.000000000  0.000000000
  0.000000000  0.000000000  0.000000000
  0.000000000  0.000000000  0.000000000
  0.000000000  0.000000000  0.000000000
  0.000000000  0.000000000  0.000000000
  0.000000000  0.000000000  0.000000000
  0.000000000  0.000000000  0.000000000
  0.000000000  0.000000000  0.000000000
  0.000000000  0.000000000  0.000000000
  0.000000000  0.000000000  0.000000000
  0.000000000  0.000000000  0.000000000
  0.000000000  0.000000000  0.000000000
  0.000000000  0.000000000  0.000000000
  0.000000000  0.000000000  0.000000000
  0.000000000  0.000000000  0.000000000
  0.000000000  0.000000000  0.000000000
  0.000000000  0.000000000  0.000000000
  0.000000000  0.000000000  0.000000000
  0.000000000  0.000000000  0.000000000
  0.000000000  0.000000000  0.000000000
  0.000000000  0.000000000  0.000000000
  0.000000000  0.000000000  0.000000000
  0.000000000  0.000000000  0.000000000
  0.000000000  0.000000000  0.000000000
  0.000000000  0.000000000  0.000000000
  0.000000000  0.000000000  0.000000000
  0.000000000  0.000000000  0.000000000
  0.000000000  0.000000000  0.000000000
  0.000000000  0.000000000  0.000000000
  0.000000000  0.000000000  0.000000000
  0.000000000  0.000000000  0.000000000
  0.000000000  0.000000000  0.000000000
  0.000000000  0.000000000  0.000000000
  0.000000000  0.000000000  0.000000000
  0.000000000  0.000000000  0.000000000
  0.000000000  0.000000000  0.000000000
  0.000000000  0.000000000  0.000000000
  0.000000000  0.000000000  0.000000000
  0.000000000  0.000000000  0.000000000
  0.000000000  0.000000000  0.000000000
  0.000000000  0.000000000  0.000000000
  0.000000000  0.000000000  0.000000000
  0.000000000  0.000000000  0.000000000
  0.000000000  0.000000000  0.000000000
  0.000000000  0.000000000  0.000000000
  0.000000000  0.000000000  0.000000000
  0.000000000  0.000000000  0.000000000
  0.000000000  0.000000000  0.000000000
  0.000000000  0.000000000  0.000000000
  0.000000000  0.000000000  0.000000000
  0.000000000  0.000000000  0.000000000
  0.000000000  0.000000000  0.000000000
  0.000000000  0.000000000  0.000000000
  0.000000000  0.000000000  0.000000000
  0.000000000  0.000000000  0.000000000
  0.000000000  0.000000000  0.000000000
  0.000000000  0.000000000  0.000000000
  0.000000000  0.000000000  0.000000000
  0.000000000  0.000000000  0.000000000
  0.000000000  0.000000000  0.000000000
  0.000000000  0.000000000  0.000000000
  0.000000000  0.000000000  0.000000000
  0.000000000  0.000000000  0.000000000
  0.000000000  0.000000000  0.000000000
  0.000000000  0.000000000  0.000000000
  0.000000000  0.000000000  0.000000000
  0.000000000  0.000000000  0.000000000
  0.000000000  0.000000000  0.000000000
  0.000000000  0.000000000  0.000000000
  0.000000000  0.000000000  0.000000000
  0.000000000  0.000000000  0.000000000
  0.000000000  0.000000000  0.000000000
  0.000000000  0.000000000  0.000000000
  0.000000000  0.000000000  0.000000000
  0.000000000  0.000000000  0.000000000
  0.000000000  0.000000000  0.000000000
  0.000000000  0.000000000  0.000000000
  0.000000000  0.000000000  0.000000000
  0.000000000  0.000000000  0.000000000
  0.000000000  0.000000000  0.000000000
  0.000000000  0.000000000  0.000000000
  0.000000000  0.000000000  0.000000000
  0.000000000  0.000000000  0.000000000
  0.000000000  0.000000000  0.000000000
  0.000000000  0.000000000  0.000000000
  0.000000000  0.000000000  0.000000000
  0.000000000  0.000000000  0.000000000
  0.000000000  0.000000000  0.000000000
  0.000000000  0.000000000  0.000000000
  0.000000000  0.000000000  0.000000000
  0.000000000  0.000000000  0.000000000
  0.000000000  0.000000000  0.000000000
  0.000000000  0.000000000  0.000000000
  0.000000000  0.000000000  0.000000000
  0.000000000  0.000000000  0.000000000
  0.000000000  0.000000000  0.000000000
  0.000000000  0.000000000  0.000000000
  0.000000000  0.000000000  0.000000000
  0.000000000  0.000000000  0.000000000
  0.000000000  0.000000000  0.000000000
  0.000000000  0.000000000  0.000000000
  0.000000000  0.000000000  0.000000000
  0.000000000  0.000000000  0.000000000
  0.000000000  0.000000000  0.000000000
  0.000000000  0.000000000  0.000000000
  0.000000000  0.000000000  0.000000000
  0.000000000  0.000000000  0.000000000
  0.000000000  0.000000000  0.000000000
  0.000000000  0.000000000  0.000000000
  0.000000000  0.000000000  0.000000000
  0.000000000  0.000000000  0.000000000
  0.000000000  0.000000000  0.000000000
  0.000000000  0.000000000  0.000000000
  0.000000000  0.000000000  0.000000000
  0.000000000  0.000000000  0.000000000
  0.000000000  0.000000000  0.000000000
  0.000000000  0.000000000  0.000000000
  0.000000000  0.000000000  0.000000000
  0.000000000  0.000000000  0.000000000
  0.000000000  0.000000000  0.000000000
  0.000000000  0.000000000  0.000000000
  0.000000000  0.000000000  0.000000000
  0.000000000  0.000000000  0.000000000
  0.000000000  0.000000000  0.000000000
  0.000000000  0.000000000  0.000000000
  0.000000000  0.000000000  0.000000000
  0.000000000  0.000000000  0.000000000
  0.000000000  0.000000000  0.000000000
  0.000000000  0.000000000  0.000000000
  0.000000000  0.000000000  0.000000000
  0.000000000  0.000000000  0.000000000
  0.000000000  0.000000000  0.000000000
  0.000000000  0.000000000  0.000000000
  0.000000000  0.000000000  0.000000000
  0.000000000  0.000000000  0.000000000
  0.000000000  0.000000000  0.000000000
  0.000000000  0.000000000  0.000000000
  0.000000000  0.000000000  0.000000000
  0.000000000  0.000000000  0.000000000
  0.000000000  0.000000000  0.000000000
  0.000000000  0.000000000  0.000000000
  0.000000000  0.000000000  0.000000000
  0.000000000  0.000000000  0.000000000
  0.000000000  0.000000000  0.000000000
  0.000000000  0.000000000  0.000000000
  0.000000000  0.000000000  0.000000000
  0.000000000  0.000000000  0.000000000
  0.000000000  0.000000000  0.000000000
  0.000000000  0.000000000  0.000000000
  0.000000000  0.000000000  0.000000000
  0.000000000  0.000000000  0.000000000
  0.000000000  0.000000000  0.000000000
  0.000000000  0.000000000  0.000000000
  0.000000000  0.000000000  0.000000000
  0.000000000  0.000000000  0.000000000
  0.000000000  0.000000000  0.000000000
 0 0 0
 0 0 0
 0 0 0
 0 0 0
 0 0 0
 0 0 0
 0 0 0
 0 0 0
 0 0 0
 0 0 0
 0 0 0
 0 0 0
 0 0 0
 0 0 0
 0 0 0
 0 0 0
 0 0 0
 0 0 0
 0 0 0
 0 0 0
 0 0 0
 0 0 0
 0 0 0
 0 0 0
 0 0 0
 0 0 0
 0 0 0
 0 0 0
 0 0 0
 0 0 0
 0 0 0
 0 0 0
 0 0 0
 0 0 0
 0 0 0
 0 0 0
 0 0 0
 0 0 0
 0 0 0
 0 0 0
 0 0 0
 0 0 0
 0 0 0
 0 0 0
 0 0 0
 0 0 0
 0 0 0
 0 0 0
 0 0 0
 0 0 0
 0 0 0
 0 0 0
 0 0 0
 0 0 0
 0 0 0
 0 0 0
 0 0 0
 0 0 0
 0 0 0
 0 0 0
 0 0 0
 0 0 0
 0 0 0
 0 0 0
 0 0 0
 0 0 0
 0 0 0
 0 0 0
 0 0 0
 0 0 0
 0 0 0
 0 0 0
 0 0 0
 0 0 0
 0 0 0
 0 0 0
 0 0 0
 0 0 0
 0 0 0
 0 0 0
 0 0 0
 0 0 0
 0 0 0
 0 0 0
 0 0 0
 0 0 0
 0 0 0
 0 0 0
 0 0 0
 0 0 0
 0 0 0
 0 0 0
 0 0 0
 0 0 0
 0 0 0
 0 0 0
 0 0 0
 0 0 0
 0 0 0
 0 0 0
 0 0 0
 0 0 0
 0 0 0
 0 0 0
 0 0 0
 0 0 0
 0 0 0
 0 0 0
 0 0 0
 0 0 0
 0 0 0
 0 0 0
 0 0 0
 0 0 0
 0 0 0
 0 0 0
 0 0 0
 0 0 0
 0 0 0
 0 0 0
 0 0 0
 0 0 0
 0 0 0
 0 0 0
 0 0 0
 0 0 0
 0 0 0
 0 0 0
 0 0 0
 0 0 0
 0 0 0
 0 0 0
 0 0 0
 0 0 0
 0 0 0
 0 0 0
 0 0 0
 0 0 0
 0 0 0
 0 0 0
 0 0 0
 0 0 0
 0 0 0
 0 0 0
 0 0 0
 0 0 0
 0 0 0
 0 0 0
 0 0 0
 0 0 0
 0 0 0
 0 0 0
 0 0 0
 0 0 0
 0 0 0
 0 0 0
 0 0 0
 0 0 0
 0 0 0
 0 0 0
 0 0 0
 0 0 0
 0 0 0
 0 0 0
 0 0 0
 0 0 0
 0 0 0
 0 0 0
  0.000000000  0.000000000  0.000000000
  0.000000000  0.000000000  0.000000000
  0.000000000  0.000000000  0.000000000
  0.000000000  0.000000000  0.000000000
  0.000000000  0.000000000  0.000000000
  0.000000000  0.000000000  0.000000000
  0.000000000  0.000000000  0.000000000
  0.000000000  0.000000000  0.000000000
  0.000000000  0.000000000  0.000000000
  0.000000000  0.000000000  0.000000000
  0.000000000  0.000000000  0.000000000
  0.000000000  0.000000000  0.000000000
  0.000000000  0.000000000  0.000000000
  0.000000000  0.000000000  0.000000000
  0.000000000  0.000000000  0.000000000
  0.000000000  0.000000000  0.000000000
  0.000000000  0.000000000  0.000000000
  0.000000000  0.000000000  0.000000000
  0.000000000  0.000000000  0.000000000
  0.000000000  0.000000000  0.000000000
  0.000000000  0.000000000  0.000000000
  0.000000000  0.000000000  0.000000000
  0.000000000  0.000000000  0.000000000
  0.000000000  0.000000000  0.000000000
  0.000000000  0.000000000  0.000000000
  0.000000000  0.000000000  0.000000000
  0.000000000  0.000000000  0.000000000
  0.000000000  0.000000000  0.000000000
  0.000000000  0.000000000  0.000000000
  0.000000000  0.000000000  0.000000000
  0.000000000  0.000000000  0.000000000
  0.000000000  0.000000000  0.000000000
  0.000000000  0.000000000  0.000000000
  0.000000000  0.000000000  0.000000000
  0.000000000  0.000000000  0.000000000
  0.000000000  0.000000000  0.000000000
  0.000000000  0.000000000  0.000000000
  0.000000000  0.000000000  0.000000000
  0.000000000  0.000000000  0.000000000
  0.000000000  0.000000000  0.000000000
  0.000000000  0.000000000  0.000000000
  0.000000000  0.000000000  0.000000000
  0.000000000  0.000000000  0.000000000
  0.000000000  0.000000000  0.000000000
  0.000000000  0.000000000  0.000000000
  0.000000000  0.000000000  0.000000000
  0.000000000  0.000000000  0.000000000
  0.000000000  0.000000000  0.000000000
  0.000000000  0.000000000  0.000000000
  0.000000000  0.000000000  0.000000000
  0.000000000  0.000000000  0.000000000
  0.000000000  0.000000000  0.000000000
  0.000000000  0.000000000  0.000000000
  0.000000000  0.000000000  0.000000000
  0.000000000  0.000000000  0.000000000
  0.000000000  0.000000000  0.000000000
  0.000000000  0.000000000  0.000000000
  0.000000000  0.000000000  0.000000000
  0.000000000  0.000000000  0.000000000
  0.000000000  0.000000000  0.000000000
  0.000000000  0.000000000  0.000000000
  0.000000000  0.000000000  0.000000000
  0.000000000  0.000000000  0.000000000
  0.000000000  0.000000000  0.000000000
  0.000000000  0.000000000  0.000000000
  0.000000000  0.000000000  0.000000000
  0.000000000  0.000000000  0.000000000
  0.000000000  0.000000000  0.000000000
  0.000000000  0.000000000  0.000000000
  0.000000000  0.000000000  0.000000000
  0.000000000  0.000000000  0.000000000
  0.000000000  0.000000000  0.000000000
  0.000000000  0.000000000  0.000000000
  0.000000000  0.000000000  0.000000000
  0.000000000  0.000000000  0.000000000
  0.000000000  0.000000000  0.000000000
  0.000000000  0.000000000  0.000000000
  0.000000000  0.000000000  0.000000000
  0.000000000  0.000000000  0.000000000
  0.000000000  0.000000000  0.000000000
  0.000000000  0.000000000  0.000000000
  0.000000000  0.000000000  0.000000000
  0.000000000  0.000000000  0.000000000
  0.000000000  0.000000000  0.000000000
  0.000000000  0.000000000  0.000000000
  0.000000000  0.000000000  0.000000000
  0.000000000  0.000000000  0.000000000
  0.000000000  0.000000000  0.000000000
  0.000000000  0.000000000  0.000000000
  0.000000000  0.000000000  0.000000000
  0.000000000  0.000000000  0.000000000
  0.000000000  0.000000000  0.000000000
  0.000000000  0.000000000  0.000000000
  0.000000000  0.000000000  0.000000000
  0.000000000  0.000000000  0.000000000
  0.000000000  0.000000000  0.000000000
  0.000000000  0.000000000  0.000000000
  0.000000000  0.000000000  0.000000000
  0.000000000  0.000000000  0.000000000
  0.000000000  0.000000000  0.000000000
  0.000000000  0.000000000  0.000000000
  0.000000000  0.000000000  0.000000000
  0.000000000  0.000000000  0.000000000
  0.000000000  0.000000000  0.000000000
  0.000000000  0.000000000  0.000000000
  0.000000000  0.000000000  0.000000000
  0.000000000  0.000000000  0.000000000
  0.000000000  0.000000000  0.000000000
  0.000000000  0.000000000  0.000000000
  0.000000000  0.000000000  0.000000000
  0.000000000  0.000000000  0.000000000
  0.000000000  0.000000000  0.000000000
  0.000000000  0.000000000  0.000000000
  0.000000000  0.000000000  0.000000000
  0.000000000  0.000000000  0.000000000
  0.000000000  0.000000000  0.000000000
  0.000000000  0.000000000  0.000000000
  0.000000000  0.000000000  0.000000000
  0.000000000  0.000000000  0.000000000
  0.000000000  0.000000000  0.000000000
  0.000000000  0.000000000  0.000000000
  0.000000000  0.000000000  0.000000000
  0.000000000  0.000000000  0.000000000
  0.000000000  0.000000000  0.000000000
  0.000000000  0.000000000  0.000000000
  0.000000000  0.000000000  0.000000000
  0.000000000  0.000000000  0.000000000
  0.000000000  0.000000000  0.000000000
  0.000000000  0.000000000  0.000000000
  0.000000000  0.000000000  0.000000000
  0.000000000  0.000000000  0.000000000
  0.000000000  0.000000000  0.000000000
  0.000000000  0.000000000  0.000000000
  0.000000000  0.000000000  0.000000000
  0.000000000  0.000000000  0.000000000
  0.000000000  0.000000000  0.000000000
  0.000000000  0.000000000  0.000000000
  0.000000000  0.000000000  0.000000000
  0.000000000  0.000000000  0.000000000
  0.000000000  0.000000000  0.000000000
  0.000000000  0.000000000  0.000000000
  0.000000000  0.000000000  0.000000000
  0.000000000  0.000000000  0.000000000
  0.000000000  0.000000000  0.000000000
  0.000000000  0.000000000  0.000000000
  0.000000000  0.000000000  0.000000000
  0.000000000  0.000000000  0.000000000
  0.000000000  0.000000000  0.000000000
  0.000000000  0.000000000  0.000000000
  0.000000000  0.000000000  0.000000000
  0.000000000  0.000000000  0.000000000
  0.000000000  0.000000000  0.000000000
  0.000000000  0.000000000  0.000000000
  0.000000000  0.000000000  0.000000000
  0.000000000  0.000000000  0.000000000
  0.000000000  0.000000000  0.000000000
  0.000000000  0.000000000  0.000000000
  0.000000000  0.000000000  0.000000000
  0.000000000  0.000000000  0.000000000
  0.000000000  0.000000000  0.000000000
  0.000000000  0.000000000  0.000000000
  0.000000000  0.000000000  0.000000000
  0.000000000  0.000000000  0.000000000
  0.000000000  0.000000000  0.000000000
  0.000000000  0.000000000  0.000000000
  0.000000000  0.000000000  0.000000000
  0.000000000  0.000000000  0.000000000
  0.000000000  0.000000000  0.000000000
  0.000000000  0.000000000  0.000000000
  0.000000000  0.000000000  0.000000000
  0.000000000  0.000000000  0.000000000
  0.000000000  0.000000000  0.000000000
  0.000000000  0.000000000  0.000000000
  0.000000000  0.000000000  0.000000000
  0.000000000  0.000000000  0.000000000
  0.000000000  0.000000000  0.000000000
  0.000000000  0.000000000  0.000000000
  0.000000000  0.000000000  0.000000000
  0.000000000  0.000000000  0.000000000
  0.000000000  0.000000000  0.000000000
  0.000000000  0.000000000  0.000000000
  0.000000000  0.000000000  0.000000000
  0.000000000  0.000000000  0.000000000
  0.000000000  0.000000000  0.000000000
  0.000000000  0.000000000  0.000000000
  0.000000000  0.000000000  0.000000000
  0.000000000  0.000000000  0.000000000
  0.000000000  0.000000000  0.000000000
  0.000000000  0.000000000  0.000000000
  0.000000000  0.000000000  0.000000000
  0.000000000  0.000000000  0.000000000
  0.000000000  0.000000000  0.000000000
  0.000000000  0.000000000  0.000000000
  0.000000000  0.000000000  0.000000000
  0.000000000  0.000000000  0.000000000
  0.000000000  0.000000000  0.000000000
  0.000000000  0.000000000  0.000000000
  0.000000000  0.000000000  0.000000000
  0.000000000  0.000000000  0.000000000
  0.000000000  0.000000000  0.000000000
  0.000000000  0.000000000  0.000000000
  0.000000000  0.000000000  0.000000000
  0.000000000  0.000000000  0.000000000
  0.000000000  0.000000000  0.000000000
  0.000000000  0.000000000  0.000000000
  0.000000000  0.000000000  0.000000000
  0.000000000  0.000000000  0.000000000
  0.000000000  0.000000000  0.000000000
  0.000000000  0.000000000  0.000000000
  0.000000000  0.000000000  0.000000000
  0.000000000  0.000000000  0.000000000
  0.000000000  0.000000000  0.000000000
  0.000000000  0.000000000  0.000000000
  0.000000000  0.000000000  0.000000000
  0.000000000  0.000000000  0.000000000
  0.000000000  0.000000000  0.000000000
  0.000000000  0.000000000  0.000000000
  0.000000000  0.000000000  0.000000000
  0.000000000  0.000000000  0.000000000
  0.000000000  0.000000000  0.000000000
  0.000000000  0.000000000  0.000000000
  0.000000000  0.000000000  0.000000000
  0.000000000  0.000000000  0.000000000
  0.000000000  0.000000000  0.000000000
  0.000000000  0.000000000  0.000000000
  0.000000000  0.000000000  0.000000000
  0.000000000  0.000000000  0.000000000
  0.000000000  0.000000000  0.000000000
  0.000000000  0.000000000  0.000000000
  0.000000000  0.000000000  0.000000000
  0.000000000  0.000000000  0.000000000
  0.000000000  0.000000000  0.000000000
  0.000000000  0.000000000  0.000000000
  0.000000000  0.000000000  0.000000000
  0.000000000  0.000000000  0.000000000
  0.000000000  0.000000000  0.000000000
  0.000000000  0.000000000  0.000000000
  0.000000000  0.000000000  0.000000000
  0.000000000  0.000000000  0.000000000
  0.000000000  0.000000000  0.000000000
  0.000000000  0.000000000  0.000000000
  0.000000000  0.000000000  0.000000000
  0.000000000  0.000000000  0.000000000
  0.000000000  0.000000000  0.000000000
  0.000000000  0.000000000  0.000000000
   1.06000000000000     
   1.06000000000000     
   1.06000000000000     
   1.06000000000000     
   1.06000000000000     
   1.06000000000000     
   1.06000000000000     
   1.06000000000000     
   1.06000000000000     
   1.06000000000000     
   1.06000000000000     
   1.06000000000000     
   1.06000000000000     
   1.06000000000000     
   1.06000000000000     
   1.06000000000000     
   1.06000000000000     
   1.06000000000000     
   1.06000000000000     
   1.06000000000000     
   1.06000000000000     
   1.06000000000000     
   1.06000000000000     
   1.06000000000000     
   1.06000000000000     
   1.06000000000000     
   1.06000000000000     
   1.06000000000000     
   1.06000000000000     
   1.06000000000000     
   1.06000000000000     
   1.06000000000000     
   1.06000000000000     
   1.06000000000000     
   1.06000000000000     
   1.06000000000000     
   1.06000000000000     
   1.06000000000000     
   1.06000000000000     
   1.06000000000000     
   1.06000000000000     
   1.06000000000000     
   1.06000000000000     
   1.06000000000000     
   1.06000000000000     
   1.06000000000000     
   1.06000000000000     
   1.06000000000000     
   1.06000000000000     
   1.06000000000000     
   1.06000000000000     
   1.06000000000000     
   1.06000000000000     
   1.06000000000000     
   1.06000000000000     
   1.06000000000000     
   1.06000000000000     
   1.06000000000000     
   1.06000000000000     
   1.06000000000000     
   1.06000000000000     
   1.06000000000000     
   1.06000000000000     
   1.06000000000000     
   1.06000000000000     
   1.06000000000000     
   1.06000000000000     
   1.06000000000000     
   1.06000000000000     
   1.06000000000000     
   1.06000000000000     
   1.06000000000000     
   1.06000000000000     
   1.06000000000000     
   1.06000000000000     
   1.06000000000000     
   1.06000000000000     
  3.000000000000000E-002
  3.000000000000000E-002
  3.000000000000000E-002
  3.000000000000000E-002
  3.000000000000000E-002
  3.000000000000000E-002
  3.000000000000000E-002
  3.000000000000000E-002
  3.000000000000000E-002
  3.000000000000000E-002
  3.000000000000000E-002
  3.000000000000000E-002
  3.000000000000000E-002
  3.000000000000000E-002
  3.000000000000000E-002
  3.000000000000000E-002
  3.000000000000000E-002
  3.000000000000000E-002
  3.000000000000000E-002
  3.000000000000000E-002
  3.000000000000000E-002
  3.000000000000000E-002
  3.000000000000000E-002
  3.000000000000000E-002
  3.000000000000000E-002
  3.000000000000000E-002
  3.000000000000000E-002
  3.000000000000000E-002
  3.000000000000000E-002
  3.000000000000000E-002
  3.000000000000000E-002
  3.000000000000000E-002
  3.000000000000000E-002
  3.000000000000000E-002
  3.000000000000000E-002
  3.000000000000000E-002
  3.000000000000000E-002
  3.000000000000000E-002
  3.000000000000000E-002
  3.000000000000000E-002
  3.000000000000000E-002
  3.000000000000000E-002
  3.000000000000000E-002
  3.000000000000000E-002
  3.000000000000000E-002
  3.000000000000000E-002
  3.000000000000000E-002
  3.000000000000000E-002
  3.000000000000000E-002
  3.000000000000000E-002
  3.000000000000000E-002
  3.000000000000000E-002
  3.000000000000000E-002
  3.000000000000000E-002
  3.000000000000000E-002
  3.000000000000000E-002
  3.000000000000000E-002
  3.000000000000000E-002
  3.000000000000000E-002
  3.000000000000000E-002
  3.000000000000000E-002
  3.000000000000000E-002
  3.000000000000000E-002
  3.000000000000000E-002
  3.000000000000000E-002
  3.000000000000000E-002
  3.000000000000000E-002
  3.000000000000000E-002
  3.000000000000000E-002
  3.000000000000000E-002
  3.000000000000000E-002
  3.000000000000000E-002
  3.000000000000000E-002
  3.000000000000000E-002
  3.000000000000000E-002
  3.000000000000000E-002
  3.000000000000000E-002
