TYPE = NURBS

GLOBAL_S = [0.000000000  0.000000000  0.000000000  0.250000000  0.250000000 0.500000000  0.50000000 0.750000000  0.750000000  1.000000000  1.000000000 1.000000000]
GLOBAL_T = [0.000000000  0.000000000  1.000000000  1.000000000]
GLOBAL_U = [0.000000000 0.000000000 0.000000000 0.166666667 0.333333333 0.5 0.666666667 0.833333333 1.0 1.0 1.0]

DEGREE_S = 2
DEGREE_T = 1
DEGREE_U = 2


NUM_CP = 144
0.391826992412E+02 -0.140891355102E+02 -0.125904822952E+02  0.100000000000E+01
0.391826992412E+02 -0.140891355102E+02 -0.125904822952E+02  0.707106781188E+00
0.391826992412E+02 -0.140891355102E+02 -0.125904822952E+02  0.100000000000E+01
0.391826992412E+02 -0.140891355102E+02 -0.125904822952E+02  0.707106781185E+00
0.391826992412E+02 -0.140891355102E+02 -0.125904822952E+02  0.100000000000E+01
0.391826992412E+02 -0.140891355102E+02 -0.125904822952E+02  0.707106781187E+00
0.391826992412E+02 -0.140891355102E+02 -0.125904822952E+02  0.100000000000E+01
0.391826992412E+02 -0.140891355102E+02 -0.125904822952E+02  0.707106781186E+00
0.391826992412E+02 -0.140891355102E+02 -0.125904822952E+02  0.100000000000E+01
0.394838806916E+02 -0.132225663894E+02 -0.119767789759E+02  0.100000000000E+01
0.400932278372E+02 -0.129582040192E+02 -0.127731470006E+02  0.707106781188E+00
0.398516887464E+02 -0.137499277800E+02 -0.133977684193E+02  0.100000000000E+01
0.395275833263E+02 -0.145815848596E+02 -0.139201073634E+02  0.707106781185E+00
0.388823385920E+02 -0.149533432512E+02 -0.132025132141E+02  0.100000000000E+01
0.382727899964E+02 -0.152192066107E+02 -0.124078162119E+02  0.707106781187E+00
0.385126492945E+02 -0.144288805892E+02 -0.117819169941E+02  0.100000000000E+01
0.388365147905E+02 -0.135947634977E+02 -0.112557553137E+02  0.707106781186E+00
0.394838806916E+02 -0.132225663894E+02 -0.119767789759E+02  0.100000000000E+01
0.414843723021E+02 -0.157169622784E+02 -0.110907114240E+02  0.100000000000E+01
0.414843723021E+02 -0.157169622784E+02 -0.110907114240E+02  0.707106529469E+00
0.414843723021E+02 -0.157169622784E+02 -0.110907114240E+02  0.100000000000E+01
0.414843723021E+02 -0.157169622784E+02 -0.110907114240E+02  0.707106625524E+00
0.414843723021E+02 -0.157169622784E+02 -0.110907114240E+02  0.100000000000E+01
0.414843723021E+02 -0.157169622784E+02 -0.110907114240E+02  0.707106877526E+00
0.414843723021E+02 -0.157169622784E+02 -0.110907114240E+02  0.100000000000E+01
0.414843723021E+02 -0.157169622784E+02 -0.110907114240E+02  0.707107092227E+00
0.414843723021E+02 -0.157169622784E+02 -0.110907114240E+02  0.100000000000E+01
0.417242529805E+02 -0.147987189125E+02 -0.105091783011E+02  0.100000000000E+01
0.424198433254E+02 -0.146313441736E+02 -0.112406200767E+02  0.707106529469E+00
0.422657281594E+02 -0.154494958606E+02 -0.118353505529E+02  0.100000000000E+01
0.419809110470E+02 -0.163130122388E+02 -0.123061329119E+02  0.707106625524E+00
0.412437619324E+02 -0.166379919665E+02 -0.116740091177E+02  0.100000000000E+01
0.405438170312E+02 -0.168084012435E+02 -0.109399161341E+02  0.707106877526E+00
0.406992728268E+02 -0.159857107127E+02 -0.103425033881E+02  0.100000000000E+01
0.409855590572E+02 -0.151188154199E+02 -0.987033961837E+01  0.707107092227E+00
0.417242529805E+02 -0.147987189125E+02 -0.105091783011E+02  0.100000000000E+01
0.436396857524E+02 -0.173515098896E+02 -0.938649340727E+01  0.100000000000E+01
0.436396857524E+02 -0.173515098896E+02 -0.938649340727E+01  0.707106781188E+00
0.436396857524E+02 -0.173515098896E+02 -0.938649340727E+01  0.100000000000E+01
0.436396857524E+02 -0.173515098896E+02 -0.938649340727E+01  0.707106840159E+00
0.436396857524E+02 -0.173515098896E+02 -0.938649340727E+01  0.100000000000E+01
0.436396857524E+02 -0.173515098896E+02 -0.938649340727E+01  0.707106722213E+00
0.436396857524E+02 -0.173515098896E+02 -0.938649340727E+01  0.100000000000E+01
0.436396857524E+02 -0.173515098896E+02 -0.938649340727E+01  0.707106781186E+00
0.436396857524E+02 -0.173515098896E+02 -0.938649340727E+01  0.100000000000E+01
0.438718172849E+02 -0.164257923990E+02 -0.881074540900E+01  0.100000000000E+01
0.445534926250E+02 -0.162483196351E+02 -0.955445585572E+01  0.707106781188E+00
0.444077005933E+02 -0.170709811369E+02 -0.101471922483E+02  0.100000000000E+01
0.441295284480E+02 -0.179433146526E+02 -0.106100800714E+02  0.707106840159E+00
0.434074294891E+02 -0.182777302338E+02 -0.996255305021E+01  0.100000000000E+01
0.427265925518E+02 -0.184540109119E+02 -0.921883752846E+01  0.707106722213E+00
0.428743424946E+02 -0.176310639484E+02 -0.862843886531E+01  0.100000000000E+01
0.431519732472E+02 -0.167620332015E+02 -0.816798963212E+01  0.707106781186E+00
0.438718172849E+02 -0.164257923990E+02 -0.881074540900E+01  0.100000000000E+01
0.459295080286E+02 -0.189516865635E+02 -0.783236153179E+01  0.100000000000E+01
0.459295080286E+02 -0.189516865635E+02 -0.783236153179E+01  0.707106916027E+00
0.459295080286E+02 -0.189516865635E+02 -0.783236153179E+01  0.100000000000E+01
0.459295080286E+02 -0.189516865635E+02 -0.783236153179E+01  0.707106682256E+00
0.459295080286E+02 -0.189516865635E+02 -0.783236153179E+01  0.100000000000E+01
0.459295080286E+02 -0.189516865635E+02 -0.783236153179E+01  0.707107057420E+00
0.459295080286E+02 -0.189516865635E+02 -0.783236153179E+01  0.100000000000E+01
0.459295080286E+02 -0.189516865635E+02 -0.783236153179E+01  0.707106469042E+00
0.459295080286E+02 -0.189516865635E+02 -0.783236153179E+01  0.100000000000E+01
0.461724550911E+02 -0.180387310890E+02 -0.725051226446E+01  0.100000000000E+01
0.468226252097E+02 -0.178067274429E+02 -0.802640632141E+01  0.707106916027E+00
0.466433607888E+02 -0.186382179895E+02 -0.862227541164E+01  0.100000000000E+01
0.463689871371E+02 -0.195114686833E+02 -0.911289744013E+01  0.707106682256E+00
0.456866763457E+02 -0.198642100816E+02 -0.841393527084E+01  0.100000000000E+01
0.450372667141E+02 -0.200955395513E+02 -0.763852676886E+01  0.707107057420E+00
0.452164340493E+02 -0.192648139091E+02 -0.704330929289E+01  0.100000000000E+01
0.454905009720E+02 -0.183924133696E+02 -0.655310210325E+01  0.707106469042E+00
0.461724550911E+02 -0.180387310890E+02 -0.725051226446E+01  0.100000000000E+01
0.483354614200E+02 -0.205860513835E+02 -0.651339693508E+01  0.100000000000E+01
0.483354614200E+02 -0.205860513835E+02 -0.651339693508E+01  0.707106679232E+00
0.483354614200E+02 -0.205860513835E+02 -0.651339693508E+01  0.100000000000E+01
0.483354614200E+02 -0.205860513835E+02 -0.651339693508E+01  0.707106728461E+00
0.483354614200E+02 -0.205860513835E+02 -0.651339693508E+01  0.100000000000E+01
0.483354614200E+02 -0.205860513835E+02 -0.651339693508E+01  0.707106781186E+00
0.483354614200E+02 -0.205860513835E+02 -0.651339693508E+01  0.100000000000E+01
0.483354614200E+02 -0.205860513835E+02 -0.651339693508E+01  0.707106935866E+00
0.483354614200E+02 -0.205860513835E+02 -0.651339693508E+01  0.100000000000E+01
0.486679206219E+02 -0.197551980329E+02 -0.589426569354E+01  0.100000000000E+01
0.492296998422E+02 -0.194621062092E+02 -0.670177845607E+01  0.707106679232E+00
0.489565405974E+02 -0.202206988019E+02 -0.733719359309E+01  0.100000000000E+01
0.486056310225E+02 -0.210294665189E+02 -0.787688549205E+01  0.707106728461E+00
0.479996253604E+02 -0.214253393074E+02 -0.713881415294E+01  0.100000000000E+01
0.474371263146E+02 -0.217153331118E+02 -0.632447464419E+01  0.707106781186E+00
0.477148238718E+02 -0.209511454303E+02 -0.569018408048E+01  0.100000000000E+01
0.480678256730E+02 -0.201473507447E+02 -0.516361082216E+01  0.707106935866E+00
0.486679206219E+02 -0.197551980329E+02 -0.589426569354E+01  0.100000000000E+01
0.506689436741E+02 -0.225954086216E+02 -0.567169206199E+01  0.100000000000E+01
0.506689436741E+02 -0.225954086216E+02 -0.567169206199E+01  0.707106798066E+00
0.506689436741E+02 -0.225954086216E+02 -0.567169206199E+01  0.100000000000E+01
0.506689436741E+02 -0.225954086216E+02 -0.567169206199E+01  0.707106855866E+00
0.506689436741E+02 -0.225954086216E+02 -0.567169206199E+01  0.100000000000E+01
0.506689436741E+02 -0.225954086216E+02 -0.567169206199E+01  0.707106638705E+00
0.506689436741E+02 -0.225954086216E+02 -0.567169206199E+01  0.100000000000E+01
0.506689436741E+02 -0.225954086216E+02 -0.567169206199E+01  0.707106841459E+00
0.506689436741E+02 -0.225954086216E+02 -0.567169206199E+01  0.100000000000E+01
0.509868578589E+02 -0.216938214105E+02 -0.502319712125E+01  0.100000000000E+01
0.515278425203E+02 -0.214081693253E+02 -0.587792473318E+01  0.707106798066E+00
0.512862119657E+02 -0.221952831420E+02 -0.653058280055E+01  0.100000000000E+01
0.507724357595E+02 -0.228977808438E+02 -0.710691779680E+01  0.707106855866E+00
0.501624634728E+02 -0.233270370801E+02 -0.637652866156E+01  0.100000000000E+01
0.496412227255E+02 -0.236297756547E+02 -0.552846209083E+01  0.707106638705E+00
0.500535333415E+02 -0.229943294800E+02 -0.481538647578E+01  0.100000000000E+01
0.503884485862E+02 -0.221507813559E+02 -0.429886705286E+01  0.707106841459E+00
0.509868578589E+02 -0.216938214105E+02 -0.502319712125E+01  0.100000000000E+01
0.522343037041E+02 -0.252640422292E+02 -0.523347756530E+01  0.100000000000E+01
0.522343037041E+02 -0.252640422292E+02 -0.523347756530E+01  0.707106892931E+00
0.522343037041E+02 -0.252640422292E+02 -0.523347756530E+01  0.100000000000E+01
0.522343037041E+02 -0.252640422292E+02 -0.523347756530E+01  0.707106520427E+00
0.522343037041E+02 -0.252640422292E+02 -0.523347756530E+01  0.100000000000E+01
0.522343037041E+02 -0.252640422292E+02 -0.523347756530E+01  0.707106781187E+00
0.522343037041E+02 -0.252640422292E+02 -0.523347756530E+01  0.100000000000E+01
0.522343037041E+02 -0.252640422292E+02 -0.523347756530E+01  0.707106970325E+00
0.522343037041E+02 -0.252640422292E+02 -0.523347756530E+01  0.100000000000E+01
0.528960516194E+02 -0.245368778428E+02 -0.456014968543E+01  0.100000000000E+01
0.535273668183E+02 -0.246105840114E+02 -0.538071503261E+01  0.707106892931E+00
0.530071333078E+02 -0.252396095713E+02 -0.601940153841E+01  0.100000000000E+01
0.522394011529E+02 -0.254484491671E+02 -0.667655679245E+01  0.707106520427E+00
0.514547742458E+02 -0.254897380932E+02 -0.600703442492E+01  0.100000000000E+01
0.507825787481E+02 -0.254963973816E+02 -0.520975971829E+01  0.707106781187E+00
0.514498128116E+02 -0.252888429327E+02 -0.443569370619E+01  0.100000000000E+01
0.520768084132E+02 -0.246208794728E+02 -0.383778447195E+01  0.707106970325E+00
0.528960516194E+02 -0.245368778428E+02 -0.456014968543E+01  0.100000000000E+01
0.523547290000E+02 -0.284465560000E+02 -0.501139400000E+01  0.100000000000E+01
0.523547290000E+02 -0.284465560000E+02 -0.501139400000E+01  0.707131905044E+00
0.523547290000E+02 -0.284465560000E+02 -0.501139400000E+01  0.100000000000E+01
0.523547290000E+02 -0.284465560000E+02 -0.501139400000E+01  0.707107229708E+00
0.523547290000E+02 -0.284465560000E+02 -0.501139400000E+01  0.100000000000E+01
0.523547290000E+02 -0.284465560000E+02 -0.501139400000E+01  0.707106404722E+00
0.523547290000E+02 -0.284465560000E+02 -0.501139400000E+01  0.100000000000E+01
0.523547290000E+02 -0.284465560000E+02 -0.501139400000E+01  0.707081463855E+00
0.523547290000E+02 -0.284465560000E+02 -0.501139400000E+01  0.100000000000E+01
0.532416725754E+02 -0.273959238002E+02 -0.414555190247E+01  0.100000000000E+01
0.537390701739E+02 -0.277134249353E+02 -0.514772350910E+01  0.707131905044E+00
0.531362478345E+02 -0.284621247651E+02 -0.579292037128E+01  0.100000000000E+01
0.523545148432E+02 -0.284838993487E+02 -0.645316854994E+01  0.707107229708E+00
0.515715897757E+02 -0.284715085030E+02 -0.579403058093E+01  0.100000000000E+01
0.508956434542E+02 -0.284552749722E+02 -0.501121992542E+01  0.707106404722E+00
0.515754043776E+02 -0.284310316306E+02 -0.423206215810E+01  0.100000000000E+01
0.522091227699E+02 -0.276526525747E+02 -0.356786331867E+01  0.707081463855E+00
0.532416725754E+02 -0.273959238002E+02 -0.414555190247E+01  0.100000000000E+01
